Date,Fremont Bridge Total,East,West
10/3/2012 0:00,13,4,9
10/3/2012 1:00,10,4,6
10/3/2012 2:00,2,1,1
10/3/2012 3:00,5,2,3
10/3/2012 4:00,7,6,1
10/3/2012 5:00,31,21,10
10/3/2012 6:00,155,105,50
10/3/2012 7:00,352,257,95
10/3/2012 8:00,437,291,146
10/3/2012 9:00,276,172,104
10/3/2012 10:00,118,72,46
10/3/2012 11:00,42,10,32
10/3/2012 12:00,76,35,41
10/3/2012 13:00,90,42,48
10/3/2012 14:00,128,77,51
10/3/2012 15:00,164,72,92
10/3/2012 16:00,315,133,182
10/3/2012 17:00,583,192,391
10/3/2012 18:00,380,122,258
10/3/2012 19:00,128,59,69
10/3/2012 20:00,80,29,51
10/3/2012 21:00,63,25,38
10/3/2012 22:00,49,24,25
10/3/2012 23:00,17,5,12
10/4/2012 0:00,18,7,11
10/4/2012 1:00,3,3,0
10/4/2012 2:00,9,3,6
10/4/2012 3:00,3,0,3
10/4/2012 4:00,8,7,1
10/4/2012 5:00,26,15,11
10/4/2012 6:00,142,91,51
10/4/2012 7:00,319,230,89
10/4/2012 8:00,418,284,134
10/4/2012 9:00,241,147,94
10/4/2012 10:00,120,67,53
10/4/2012 11:00,108,53,55
10/4/2012 12:00,104,54,50
10/4/2012 13:00,126,55,71
10/4/2012 14:00,119,63,56
10/4/2012 15:00,147,73,74
10/4/2012 16:00,275,114,161
10/4/2012 17:00,507,154,353
10/4/2012 18:00,378,137,241
10/4/2012 19:00,164,57,107
10/4/2012 20:00,83,27,56
10/4/2012 21:00,70,31,39
10/4/2012 22:00,46,25,21
10/4/2012 23:00,41,11,30
10/5/2012 0:00,11,4,7
10/5/2012 1:00,8,4,4
10/5/2012 2:00,7,4,3
10/5/2012 3:00,4,2,2
10/5/2012 4:00,9,7,2
10/5/2012 5:00,25,18,7
10/5/2012 6:00,105,68,37
10/5/2012 7:00,319,218,101
10/5/2012 8:00,370,251,119
10/5/2012 9:00,212,131,81
10/5/2012 10:00,119,71,48
10/5/2012 11:00,104,43,61
10/5/2012 12:00,101,55,46
10/5/2012 13:00,112,62,50
10/5/2012 14:00,125,63,62
10/5/2012 15:00,164,80,84
10/5/2012 16:00,310,120,190
10/5/2012 17:00,434,144,290
10/5/2012 18:00,316,107,209
10/5/2012 19:00,115,42,73
10/5/2012 20:00,68,27,41
10/5/2012 21:00,42,11,31
10/5/2012 22:00,36,10,26
10/5/2012 23:00,32,16,16
10/6/2012 0:00,15,8,7
10/6/2012 1:00,15,10,5
10/6/2012 2:00,9,7,2
10/6/2012 3:00,3,1,2
10/6/2012 4:00,5,4,1
10/6/2012 5:00,5,3,2
10/6/2012 6:00,27,12,15
10/6/2012 7:00,33,17,16
10/6/2012 8:00,105,58,47
10/6/2012 9:00,114,59,55
10/6/2012 10:00,115,68,47
10/6/2012 11:00,124,76,48
10/6/2012 12:00,164,91,73
10/6/2012 13:00,177,95,82
10/6/2012 14:00,203,89,114
10/6/2012 15:00,211,115,96
10/6/2012 16:00,183,107,76
10/6/2012 17:00,180,107,73
10/6/2012 18:00,96,41,55
10/6/2012 19:00,78,40,38
10/6/2012 20:00,43,25,18
10/6/2012 21:00,33,18,15
10/6/2012 22:00,34,14,20
10/6/2012 23:00,34,15,19
10/7/2012 0:00,11,6,5
10/7/2012 1:00,17,12,5
10/7/2012 2:00,3,2,1
10/7/2012 3:00,6,4,2
10/7/2012 4:00,3,1,2
10/7/2012 5:00,9,6,3
10/7/2012 6:00,17,9,8
10/7/2012 7:00,26,14,12
10/7/2012 8:00,69,43,26
10/7/2012 9:00,103,67,36
10/7/2012 10:00,108,67,41
10/7/2012 11:00,165,94,71
10/7/2012 12:00,191,100,91
10/7/2012 13:00,228,129,99
10/7/2012 14:00,241,126,115
10/7/2012 15:00,231,122,109
10/7/2012 16:00,225,132,93
10/7/2012 17:00,191,118,73
10/7/2012 18:00,113,68,45
10/7/2012 19:00,49,26,23
10/7/2012 20:00,55,19,36
10/7/2012 21:00,47,12,35
10/7/2012 22:00,18,9,9
10/7/2012 23:00,16,5,11
10/8/2012 0:00,9,4,5
10/8/2012 1:00,4,2,2
10/8/2012 2:00,5,5,0
10/8/2012 3:00,5,1,4
10/8/2012 4:00,5,3,2
10/8/2012 5:00,23,16,7
10/8/2012 6:00,137,89,48
10/8/2012 7:00,327,233,94
10/8/2012 8:00,457,304,153
10/8/2012 9:00,278,174,104
10/8/2012 10:00,97,53,44
10/8/2012 11:00,99,55,44
10/8/2012 12:00,108,53,55
10/8/2012 13:00,96,52,44
10/8/2012 14:00,121,59,62
10/8/2012 15:00,167,92,75
10/8/2012 16:00,252,117,135
10/8/2012 17:00,604,214,390
10/8/2012 18:00,365,139,226
10/8/2012 19:00,168,73,95
10/8/2012 20:00,94,37,57
10/8/2012 21:00,63,28,35
10/8/2012 22:00,29,15,14
10/8/2012 23:00,24,11,13
10/9/2012 0:00,12,8,4
10/9/2012 1:00,3,1,2
10/9/2012 2:00,4,2,2
10/9/2012 3:00,8,5,3
10/9/2012 4:00,9,4,5
10/9/2012 5:00,31,22,9
10/9/2012 6:00,153,103,50
10/9/2012 7:00,368,258,110
10/9/2012 8:00,462,317,145
10/9/2012 9:00,275,163,112
10/9/2012 10:00,94,58,36
10/9/2012 11:00,74,29,45
10/9/2012 12:00,77,37,40
10/9/2012 13:00,83,46,37
10/9/2012 14:00,108,54,54
10/9/2012 15:00,134,62,72
10/9/2012 16:00,244,95,149
10/9/2012 17:00,597,197,400
10/9/2012 18:00,396,152,244
10/9/2012 19:00,163,58,105
10/9/2012 20:00,85,32,53
10/9/2012 21:00,64,30,34
10/9/2012 22:00,34,17,17
10/9/2012 23:00,23,9,14
10/10/2012 0:00,15,8,7
10/10/2012 1:00,3,1,2
10/10/2012 2:00,3,3,0
10/10/2012 3:00,4,1,3
10/10/2012 4:00,5,3,2
10/10/2012 5:00,25,16,9
10/10/2012 6:00,149,109,40
10/10/2012 7:00,340,245,95
10/10/2012 8:00,435,302,133
10/10/2012 9:00,255,156,99
10/10/2012 10:00,97,53,44
10/10/2012 11:00,55,34,21
10/10/2012 12:00,87,47,40
10/10/2012 13:00,94,46,48
10/10/2012 14:00,93,54,39
10/10/2012 15:00,130,65,65
10/10/2012 16:00,230,102,128
10/10/2012 17:00,532,155,377
10/10/2012 18:00,331,116,215
10/10/2012 19:00,145,51,94
10/10/2012 20:00,86,30,56
10/10/2012 21:00,62,24,38
10/10/2012 22:00,36,17,19
10/10/2012 23:00,23,10,13
10/11/2012 0:00,21,7,14
10/11/2012 1:00,10,4,6
10/11/2012 2:00,13,8,5
10/11/2012 3:00,2,0,2
10/11/2012 4:00,12,11,1
10/11/2012 5:00,12,0,12
10/11/2012 6:00,43,2,41
10/11/2012 7:00,304,225,79
10/11/2012 8:00,404,282,122
10/11/2012 9:00,189,141,48
10/11/2012 10:00,4,4,0
10/11/2012 11:00,92,87,5
10/11/2012 12:00,81,44,37
10/11/2012 13:00,118,60,58
10/11/2012 14:00,108,52,56
10/11/2012 15:00,143,74,69
10/11/2012 16:00,270,135,135
10/11/2012 17:00,517,157,360
10/11/2012 18:00,299,113,186
10/11/2012 19:00,149,57,92
10/11/2012 20:00,104,44,60
10/11/2012 21:00,71,26,45
10/11/2012 22:00,48,29,19
10/11/2012 23:00,33,17,16
10/12/2012 0:00,17,8,9
10/12/2012 1:00,13,7,6
10/12/2012 2:00,5,4,1
10/12/2012 3:00,7,4,3
10/12/2012 4:00,5,2,3
10/12/2012 5:00,14,10,4
10/12/2012 6:00,87,57,30
10/12/2012 7:00,183,125,58
10/12/2012 8:00,268,182,86
10/12/2012 9:00,145,100,45
10/12/2012 10:00,62,33,29
10/12/2012 11:00,58,27,31
10/12/2012 12:00,69,41,28
10/12/2012 13:00,72,39,33
10/12/2012 14:00,65,35,30
10/12/2012 15:00,113,50,63
10/12/2012 16:00,165,69,96
10/12/2012 17:00,304,92,212
10/12/2012 18:00,178,66,112
10/12/2012 19:00,79,30,49
10/12/2012 20:00,38,11,27
10/12/2012 21:00,26,10,16
10/12/2012 22:00,14,11,3
10/12/2012 23:00,24,9,15
10/13/2012 0:00,18,6,12
10/13/2012 1:00,11,5,6
10/13/2012 2:00,16,10,6
10/13/2012 3:00,4,4,0
10/13/2012 4:00,3,1,2
10/13/2012 5:00,10,7,3
10/13/2012 6:00,14,9,5
10/13/2012 7:00,30,17,13
10/13/2012 8:00,32,24,8
10/13/2012 9:00,41,21,20
10/13/2012 10:00,46,29,17
10/13/2012 11:00,42,28,14
10/13/2012 12:00,72,48,24
10/13/2012 13:00,64,38,26
10/13/2012 14:00,62,30,32
10/13/2012 15:00,41,21,20
10/13/2012 16:00,58,26,32
10/13/2012 17:00,50,25,25
10/13/2012 18:00,59,35,24
10/13/2012 19:00,27,10,17
10/13/2012 20:00,19,9,10
10/13/2012 21:00,10,4,6
10/13/2012 22:00,18,4,14
10/13/2012 23:00,19,4,15
10/14/2012 0:00,6,3,3
10/14/2012 1:00,9,5,4
10/14/2012 2:00,8,4,4
10/14/2012 3:00,4,4,0
10/14/2012 4:00,5,4,1
10/14/2012 5:00,3,3,0
10/14/2012 6:00,12,5,7
10/14/2012 7:00,14,10,4
10/14/2012 8:00,24,16,8
10/14/2012 9:00,54,28,26
10/14/2012 10:00,72,47,25
10/14/2012 11:00,81,63,18
10/14/2012 12:00,62,40,22
10/14/2012 13:00,82,49,33
10/14/2012 14:00,58,28,30
10/14/2012 15:00,37,22,15
10/14/2012 16:00,34,18,16
10/14/2012 17:00,37,27,10
10/14/2012 18:00,27,18,9
10/14/2012 19:00,23,10,13
10/14/2012 20:00,11,5,6
10/14/2012 21:00,12,8,4
10/14/2012 22:00,13,7,6
10/14/2012 23:00,10,3,7
10/15/2012 0:00,7,2,5
10/15/2012 1:00,3,2,1
10/15/2012 2:00,5,4,1
10/15/2012 3:00,3,1,2
10/15/2012 4:00,6,4,2
10/15/2012 5:00,26,19,7
10/15/2012 6:00,93,59,34
10/15/2012 7:00,225,167,58
10/15/2012 8:00,327,235,92
10/15/2012 9:00,203,130,73
10/15/2012 10:00,86,57,29
10/15/2012 11:00,66,45,21
10/15/2012 12:00,84,46,38
10/15/2012 13:00,71,42,29
10/15/2012 14:00,73,40,33
10/15/2012 15:00,107,49,58
10/15/2012 16:00,140,64,76
10/15/2012 17:00,335,96,239
10/15/2012 18:00,204,54,150
10/15/2012 19:00,78,27,51
10/15/2012 20:00,55,17,38
10/15/2012 21:00,36,18,18
10/15/2012 22:00,26,15,11
10/15/2012 23:00,14,7,7
10/16/2012 0:00,10,6,4
10/16/2012 1:00,5,2,3
10/16/2012 2:00,3,3,0
10/16/2012 3:00,5,1,4
10/16/2012 4:00,5,2,3
10/16/2012 5:00,29,21,8
10/16/2012 6:00,122,88,34
10/16/2012 7:00,256,187,69
10/16/2012 8:00,357,253,104
10/16/2012 9:00,207,130,77
10/16/2012 10:00,124,77,47
10/16/2012 11:00,83,47,36
10/16/2012 12:00,75,49,26
10/16/2012 13:00,90,48,42
10/16/2012 14:00,97,53,44
10/16/2012 15:00,163,77,86
10/16/2012 16:00,255,109,146
10/16/2012 17:00,500,147,353
10/16/2012 18:00,307,109,198
10/16/2012 19:00,135,45,90
10/16/2012 20:00,88,41,47
10/16/2012 21:00,65,35,30
10/16/2012 22:00,30,16,14
10/16/2012 23:00,25,13,12
10/17/2012 0:00,22,13,9
10/17/2012 1:00,6,3,3
10/17/2012 2:00,5,2,3
10/17/2012 3:00,4,0,4
10/17/2012 4:00,7,4,3
10/17/2012 5:00,30,21,9
10/17/2012 6:00,133,89,44
10/17/2012 7:00,298,213,85
10/17/2012 8:00,416,283,133
10/17/2012 9:00,244,166,78
10/17/2012 10:00,96,49,47
10/17/2012 11:00,78,52,26
10/17/2012 12:00,111,61,50
10/17/2012 13:00,96,56,40
10/17/2012 14:00,105,54,51
10/17/2012 15:00,161,72,89
10/17/2012 16:00,258,113,145
10/17/2012 17:00,482,150,332
10/17/2012 18:00,358,117,241
10/17/2012 19:00,145,51,94
10/17/2012 20:00,58,18,40
10/17/2012 21:00,66,25,41
10/17/2012 22:00,48,25,23
10/17/2012 23:00,16,10,6
10/18/2012 0:00,7,7,0
10/18/2012 1:00,7,3,4
10/18/2012 2:00,9,5,4
10/18/2012 3:00,5,1,4
10/18/2012 4:00,8,7,1
10/18/2012 5:00,26,14,12
10/18/2012 6:00,123,88,35
10/18/2012 7:00,279,206,73
10/18/2012 8:00,376,246,130
10/18/2012 9:00,230,147,83
10/18/2012 10:00,94,59,35
10/18/2012 11:00,93,47,46
10/18/2012 12:00,110,54,56
10/18/2012 13:00,121,51,70
10/18/2012 14:00,104,53,51
10/18/2012 15:00,145,68,77
10/18/2012 16:00,230,98,132
10/18/2012 17:00,464,130,334
10/18/2012 18:00,280,89,191
10/18/2012 19:00,87,25,62
10/18/2012 20:00,59,25,34
10/18/2012 21:00,36,13,23
10/18/2012 22:00,16,6,10
10/18/2012 23:00,14,7,7
10/19/2012 0:00,12,3,9
10/19/2012 1:00,4,3,1
10/19/2012 2:00,5,4,1
10/19/2012 3:00,2,0,2
10/19/2012 4:00,9,4,5
10/19/2012 5:00,26,20,6
10/19/2012 6:00,71,50,21
10/19/2012 7:00,180,126,54
10/19/2012 8:00,245,169,76
10/19/2012 9:00,169,93,76
10/19/2012 10:00,65,41,24
10/19/2012 11:00,52,26,26
10/19/2012 12:00,50,26,24
10/19/2012 13:00,78,34,44
10/19/2012 14:00,75,39,36
10/19/2012 15:00,110,54,56
10/19/2012 16:00,177,79,98
10/19/2012 17:00,297,85,212
10/19/2012 18:00,191,57,134
10/19/2012 19:00,62,16,46
10/19/2012 20:00,42,13,29
10/19/2012 21:00,19,7,12
10/19/2012 22:00,17,8,9
10/19/2012 23:00,19,8,11
10/20/2012 0:00,9,4,5
10/20/2012 1:00,8,1,7
10/20/2012 2:00,12,8,4
10/20/2012 3:00,5,2,3
10/20/2012 4:00,3,1,2
10/20/2012 5:00,15,9,6
10/20/2012 6:00,16,10,6
10/20/2012 7:00,28,16,12
10/20/2012 8:00,46,28,18
10/20/2012 9:00,59,29,30
10/20/2012 10:00,83,52,31
10/20/2012 11:00,92,59,33
10/20/2012 12:00,98,64,34
10/20/2012 13:00,113,62,51
10/20/2012 14:00,98,52,46
10/20/2012 15:00,72,44,28
10/20/2012 16:00,76,30,46
10/20/2012 17:00,63,37,26
10/20/2012 18:00,69,31,38
10/20/2012 19:00,36,18,18
10/20/2012 20:00,22,10,12
10/20/2012 21:00,13,5,8
10/20/2012 22:00,12,6,6
10/20/2012 23:00,20,8,12
10/21/2012 0:00,17,5,12
10/21/2012 1:00,11,2,9
10/21/2012 2:00,11,7,4
10/21/2012 3:00,4,3,1
10/21/2012 4:00,4,3,1
10/21/2012 5:00,8,4,4
10/21/2012 6:00,13,8,5
10/21/2012 7:00,15,9,6
10/21/2012 8:00,37,26,11
10/21/2012 9:00,50,28,22
10/21/2012 10:00,66,38,28
10/21/2012 11:00,57,34,23
10/21/2012 12:00,100,63,37
10/21/2012 13:00,89,48,41
10/21/2012 14:00,114,67,47
10/21/2012 15:00,115,63,52
10/21/2012 16:00,72,42,30
10/21/2012 17:00,82,36,46
10/21/2012 18:00,44,25,19
10/21/2012 19:00,17,7,10
10/21/2012 20:00,21,3,18
10/21/2012 21:00,26,16,10
10/21/2012 22:00,9,2,7
10/21/2012 23:00,7,1,6
10/22/2012 0:00,6,4,2
10/22/2012 1:00,4,1,3
10/22/2012 2:00,2,2,0
10/22/2012 3:00,4,1,3
10/22/2012 4:00,10,5,5
10/22/2012 5:00,27,19,8
10/22/2012 6:00,117,85,32
10/22/2012 7:00,258,184,74
10/22/2012 8:00,348,256,92
10/22/2012 9:00,161,107,54
10/22/2012 10:00,67,29,38
10/22/2012 11:00,42,22,20
10/22/2012 12:00,41,18,23
10/22/2012 13:00,40,20,20
10/22/2012 14:00,45,19,26
10/22/2012 15:00,71,33,38
10/22/2012 16:00,150,63,87
10/22/2012 17:00,369,97,272
10/22/2012 18:00,199,54,145
10/22/2012 19:00,74,25,49
10/22/2012 20:00,40,14,26
10/22/2012 21:00,28,17,11
10/22/2012 22:00,15,6,9
10/22/2012 23:00,11,7,4
10/23/2012 0:00,6,3,3
10/23/2012 1:00,2,1,1
10/23/2012 2:00,3,2,1
10/23/2012 3:00,1,0,1
10/23/2012 4:00,11,5,6
10/23/2012 5:00,35,27,8
10/23/2012 6:00,112,79,33
10/23/2012 7:00,236,169,67
10/23/2012 8:00,343,238,105
10/23/2012 9:00,168,110,58
10/23/2012 10:00,79,48,31
10/23/2012 11:00,52,27,25
10/23/2012 12:00,68,33,35
10/23/2012 13:00,59,36,23
10/23/2012 14:00,76,38,38
10/23/2012 15:00,100,51,49
10/23/2012 16:00,190,76,114
10/23/2012 17:00,434,135,299
10/23/2012 18:00,270,76,194
10/23/2012 19:00,104,37,67
10/23/2012 20:00,59,21,38
10/23/2012 21:00,50,24,26
10/23/2012 22:00,21,11,10
10/23/2012 23:00,21,16,5
10/24/2012 0:00,11,3,8
10/24/2012 1:00,11,2,9
10/24/2012 2:00,9,7,2
10/24/2012 3:00,4,1,3
10/24/2012 4:00,5,2,3
10/24/2012 5:00,25,16,9
10/24/2012 6:00,118,79,39
10/24/2012 7:00,225,158,67
10/24/2012 8:00,313,224,89
10/24/2012 9:00,172,108,64
10/24/2012 10:00,78,40,38
10/24/2012 11:00,49,35,14
10/24/2012 12:00,35,20,15
10/24/2012 13:00,66,38,28
10/24/2012 14:00,78,46,32
10/24/2012 15:00,101,40,61
10/24/2012 16:00,192,88,104
10/24/2012 17:00,399,138,261
10/24/2012 18:00,265,100,165
10/24/2012 19:00,117,38,79
10/24/2012 20:00,62,27,35
10/24/2012 21:00,46,20,26
10/24/2012 22:00,33,12,21
10/24/2012 23:00,15,8,7
10/25/2012 0:00,3,2,1
10/25/2012 1:00,6,1,5
10/25/2012 2:00,3,2,1
10/25/2012 3:00,3,1,2
10/25/2012 4:00,5,4,1
10/25/2012 5:00,33,19,14
10/25/2012 6:00,119,81,38
10/25/2012 7:00,244,184,60
10/25/2012 8:00,341,227,114
10/25/2012 9:00,202,133,69
10/25/2012 10:00,83,60,23
10/25/2012 11:00,55,29,26
10/25/2012 12:00,74,39,35
10/25/2012 13:00,80,42,38
10/25/2012 14:00,90,52,38
10/25/2012 15:00,146,60,86
10/25/2012 16:00,231,93,138
10/25/2012 17:00,425,130,295
10/25/2012 18:00,272,79,193
10/25/2012 19:00,108,47,61
10/25/2012 20:00,79,30,49
10/25/2012 21:00,55,21,34
10/25/2012 22:00,28,9,19
10/25/2012 23:00,28,16,12
10/26/2012 0:00,19,11,8
10/26/2012 1:00,16,9,7
10/26/2012 2:00,4,3,1
10/26/2012 3:00,1,0,1
10/26/2012 4:00,10,4,6
10/26/2012 5:00,21,12,9
10/26/2012 6:00,87,55,32
10/26/2012 7:00,203,137,66
10/26/2012 8:00,283,187,96
10/26/2012 9:00,171,116,55
10/26/2012 10:00,86,59,27
10/26/2012 11:00,50,28,22
10/26/2012 12:00,42,22,20
10/26/2012 13:00,40,13,27
10/26/2012 14:00,59,26,33
10/26/2012 15:00,116,49,67
10/26/2012 16:00,198,90,108
10/26/2012 17:00,298,94,204
10/26/2012 18:00,196,65,131
10/26/2012 19:00,65,22,43
10/26/2012 20:00,42,14,28
10/26/2012 21:00,33,9,24
10/26/2012 22:00,15,6,9
10/26/2012 23:00,18,8,10
10/27/2012 0:00,12,6,6
10/27/2012 1:00,9,6,3
10/27/2012 2:00,16,6,10
10/27/2012 3:00,2,1,1
10/27/2012 4:00,5,2,3
10/27/2012 5:00,13,7,6
10/27/2012 6:00,13,7,6
10/27/2012 7:00,15,9,6
10/27/2012 8:00,25,12,13
10/27/2012 9:00,25,14,11
10/27/2012 10:00,21,10,11
10/27/2012 11:00,31,22,9
10/27/2012 12:00,25,13,12
10/27/2012 13:00,41,28,13
10/27/2012 14:00,51,23,28
10/27/2012 15:00,51,30,21
10/27/2012 16:00,59,27,32
10/27/2012 17:00,36,26,10
10/27/2012 18:00,18,11,7
10/27/2012 19:00,15,8,7
10/27/2012 20:00,8,5,3
10/27/2012 21:00,17,6,11
10/27/2012 22:00,12,7,5
10/27/2012 23:00,11,3,8
10/28/2012 0:00,10,5,5
10/28/2012 1:00,11,0,11
10/28/2012 2:00,7,4,3
10/28/2012 3:00,4,1,3
10/28/2012 4:00,3,2,1
10/28/2012 5:00,6,5,1
10/28/2012 6:00,10,1,9
10/28/2012 7:00,17,11,6
10/28/2012 8:00,31,16,15
10/28/2012 9:00,42,18,24
10/28/2012 10:00,53,29,24
10/28/2012 11:00,78,47,31
10/28/2012 12:00,115,73,42
10/28/2012 13:00,125,74,51
10/28/2012 14:00,138,89,49
10/28/2012 15:00,120,74,46
10/28/2012 16:00,99,59,40
10/28/2012 17:00,89,50,39
10/28/2012 18:00,34,21,13
10/28/2012 19:00,21,10,11
10/28/2012 20:00,17,8,9
10/28/2012 21:00,12,5,7
10/28/2012 22:00,14,8,6
10/28/2012 23:00,6,1,5
10/29/2012 0:00,11,4,7
10/29/2012 1:00,1,0,1
10/29/2012 2:00,3,2,1
10/29/2012 3:00,2,0,2
10/29/2012 4:00,5,2,3
10/29/2012 5:00,22,17,5
10/29/2012 6:00,95,65,30
10/29/2012 7:00,214,161,53
10/29/2012 8:00,274,187,87
10/29/2012 9:00,152,101,51
10/29/2012 10:00,73,37,36
10/29/2012 11:00,55,26,29
10/29/2012 12:00,57,36,21
10/29/2012 13:00,63,40,23
10/29/2012 14:00,82,48,34
10/29/2012 15:00,89,36,53
10/29/2012 16:00,177,92,85
10/29/2012 17:00,376,129,247
10/29/2012 18:00,246,82,164
10/29/2012 19:00,93,35,58
10/29/2012 20:00,55,19,36
10/29/2012 21:00,40,13,27
10/29/2012 22:00,15,6,9
10/29/2012 23:00,17,8,9
10/30/2012 0:00,15,8,7
10/30/2012 1:00,1,1,0
10/30/2012 2:00,5,4,1
10/30/2012 3:00,3,1,2
10/30/2012 4:00,6,3,3
10/30/2012 5:00,24,18,6
10/30/2012 6:00,82,59,23
10/30/2012 7:00,200,151,49
10/30/2012 8:00,260,185,75
10/30/2012 9:00,141,88,53
10/30/2012 10:00,56,33,23
10/30/2012 11:00,35,22,13
10/30/2012 12:00,30,17,13
10/30/2012 13:00,41,27,14
10/30/2012 14:00,43,19,24
10/30/2012 15:00,64,33,31
10/30/2012 16:00,113,43,70
10/30/2012 17:00,282,83,199
10/30/2012 18:00,189,57,132
10/30/2012 19:00,65,21,44
10/30/2012 20:00,35,15,20
10/30/2012 21:00,16,8,8
10/30/2012 22:00,16,8,8
10/30/2012 23:00,13,8,5
10/31/2012 0:00,4,2,2
10/31/2012 1:00,5,4,1
10/31/2012 2:00,2,2,0
10/31/2012 3:00,1,0,1
10/31/2012 4:00,11,7,4
10/31/2012 5:00,11,7,4
10/31/2012 6:00,69,47,22
10/31/2012 7:00,170,133,37
10/31/2012 8:00,245,169,76
10/31/2012 9:00,125,88,37
10/31/2012 10:00,42,26,16
10/31/2012 11:00,53,36,17
10/31/2012 12:00,55,28,27
10/31/2012 13:00,35,14,21
10/31/2012 14:00,49,28,21
10/31/2012 15:00,80,32,48
10/31/2012 16:00,151,57,94
10/31/2012 17:00,280,91,189
10/31/2012 18:00,143,43,100
10/31/2012 19:00,88,34,54
10/31/2012 20:00,45,14,31
10/31/2012 21:00,14,8,6
10/31/2012 22:00,14,8,6
10/31/2012 23:00,18,5,13
11/1/2012 0:00,7,4,3
11/1/2012 1:00,5,2,3
11/1/2012 2:00,2,1,1
11/1/2012 3:00,0,0,0
11/1/2012 4:00,6,2,4
11/1/2012 5:00,18,11,7
11/1/2012 6:00,89,63,26
11/1/2012 7:00,198,146,52
11/1/2012 8:00,260,179,81
11/1/2012 9:00,130,75,55
11/1/2012 10:00,56,39,17
11/1/2012 11:00,40,23,17
11/1/2012 12:00,58,27,31
11/1/2012 13:00,68,41,27
11/1/2012 14:00,71,42,29
11/1/2012 15:00,100,40,60
11/1/2012 16:00,187,94,93
11/1/2012 17:00,316,93,223
11/1/2012 18:00,233,71,162
11/1/2012 19:00,106,38,68
11/1/2012 20:00,59,24,35
11/1/2012 21:00,40,22,18
11/1/2012 22:00,21,13,8
11/1/2012 23:00,21,11,10
11/2/2012 0:00,6,4,2
11/2/2012 1:00,7,3,4
11/2/2012 2:00,2,2,0
11/2/2012 3:00,4,3,1
11/2/2012 4:00,10,5,5
11/2/2012 5:00,17,11,6
11/2/2012 6:00,114,76,38
11/2/2012 7:00,230,162,68
11/2/2012 8:00,336,245,91
11/2/2012 9:00,198,133,65
11/2/2012 10:00,80,41,39
11/2/2012 11:00,75,41,34
11/2/2012 12:00,80,49,31
11/2/2012 13:00,107,59,48
11/2/2012 14:00,91,62,29
11/2/2012 15:00,159,92,67
11/2/2012 16:00,235,114,121
11/2/2012 17:00,348,94,254
11/2/2012 18:00,195,73,122
11/2/2012 19:00,73,23,50
11/2/2012 20:00,41,17,24
11/2/2012 21:00,33,20,13
11/2/2012 22:00,23,10,13
11/2/2012 23:00,14,6,8
11/3/2012 0:00,12,7,5
11/3/2012 1:00,6,2,4
11/3/2012 2:00,5,3,2
11/3/2012 3:00,2,2,0
11/3/2012 4:00,4,2,2
11/3/2012 5:00,12,6,6
11/3/2012 6:00,13,10,3
11/3/2012 7:00,13,7,6
11/3/2012 8:00,33,19,14
11/3/2012 9:00,69,33,36
11/3/2012 10:00,62,36,26
11/3/2012 11:00,88,49,39
11/3/2012 12:00,79,55,24
11/3/2012 13:00,82,47,35
11/3/2012 14:00,109,55,54
11/3/2012 15:00,71,35,36
11/3/2012 16:00,73,41,32
11/3/2012 17:00,65,31,34
11/3/2012 18:00,52,27,25
11/3/2012 19:00,35,19,16
11/3/2012 20:00,24,9,15
11/3/2012 21:00,9,4,5
11/3/2012 22:00,13,7,6
11/3/2012 23:00,21,7,14
11/4/2012 0:00,18,7,11
11/4/2012 1:00,10,6,4
11/4/2012 2:00,10,5,5
11/4/2012 3:00,3,1,2
11/4/2012 4:00,3,1,2
11/4/2012 5:00,7,5,2
11/4/2012 6:00,12,9,3
11/4/2012 7:00,29,17,12
11/4/2012 8:00,51,27,24
11/4/2012 9:00,68,34,34
11/4/2012 10:00,75,47,28
11/4/2012 11:00,90,56,34
11/4/2012 12:00,112,68,44
11/4/2012 13:00,98,57,41
11/4/2012 14:00,73,44,29
11/4/2012 15:00,90,45,45
11/4/2012 16:00,97,46,51
11/4/2012 17:00,55,19,36
11/4/2012 18:00,42,27,15
11/4/2012 19:00,12,4,8
11/4/2012 20:00,21,10,11
11/4/2012 21:00,13,5,8
11/4/2012 22:00,13,6,7
11/4/2012 23:00,9,2,7
11/5/2012 0:00,7,5,2
11/5/2012 1:00,3,2,1
11/5/2012 2:00,2,1,1
11/5/2012 3:00,3,1,2
11/5/2012 4:00,5,2,3
11/5/2012 5:00,25,18,7
11/5/2012 6:00,126,81,45
11/5/2012 7:00,312,238,74
11/5/2012 8:00,373,252,121
11/5/2012 9:00,182,105,77
11/5/2012 10:00,91,65,26
11/5/2012 11:00,57,38,19
11/5/2012 12:00,95,41,54
11/5/2012 13:00,63,31,32
11/5/2012 14:00,98,58,40
11/5/2012 15:00,123,65,58
11/5/2012 16:00,246,112,134
11/5/2012 17:00,470,126,344
11/5/2012 18:00,261,84,177
11/5/2012 19:00,108,30,78
11/5/2012 20:00,68,32,36
11/5/2012 21:00,45,21,24
11/5/2012 22:00,24,13,11
11/5/2012 23:00,23,9,14
11/6/2012 0:00,10,5,5
11/6/2012 1:00,7,4,3
11/6/2012 2:00,5,3,2
11/6/2012 3:00,3,1,2
11/6/2012 4:00,8,5,3
11/6/2012 5:00,27,18,9
11/6/2012 6:00,127,94,33
11/6/2012 7:00,280,217,63
11/6/2012 8:00,371,258,113
11/6/2012 9:00,164,109,55
11/6/2012 10:00,63,33,30
11/6/2012 11:00,54,32,22
11/6/2012 12:00,62,30,32
11/6/2012 13:00,66,40,26
11/6/2012 14:00,75,37,38
11/6/2012 15:00,111,53,58
11/6/2012 16:00,236,95,141
11/6/2012 17:00,403,105,298
11/6/2012 18:00,217,70,147
11/6/2012 19:00,80,33,47
11/6/2012 20:00,43,16,27
11/6/2012 21:00,32,12,20
11/6/2012 22:00,28,12,16
11/6/2012 23:00,21,5,16
11/7/2012 0:00,12,6,6
11/7/2012 1:00,5,4,1
11/7/2012 2:00,6,4,2
11/7/2012 3:00,6,1,5
11/7/2012 4:00,10,7,3
11/7/2012 5:00,14,9,5
11/7/2012 6:00,116,82,34
11/7/2012 7:00,266,189,77
11/7/2012 8:00,371,256,115
11/7/2012 9:00,200,137,63
11/7/2012 10:00,96,54,42
11/7/2012 11:00,58,34,24
11/7/2012 12:00,71,35,36
11/7/2012 13:00,67,37,30
11/7/2012 14:00,104,59,45
11/7/2012 15:00,132,60,72
11/7/2012 16:00,237,98,139
11/7/2012 17:00,387,112,275
11/7/2012 18:00,270,99,171
11/7/2012 19:00,114,48,66
11/7/2012 20:00,67,23,44
11/7/2012 21:00,45,19,26
11/7/2012 22:00,43,20,23
11/7/2012 23:00,22,13,9
11/8/2012 0:00,2,1,1
11/8/2012 1:00,6,3,3
11/8/2012 2:00,4,1,3
11/8/2012 3:00,6,2,4
11/8/2012 4:00,10,7,3
11/8/2012 5:00,24,15,9
11/8/2012 6:00,128,82,46
11/8/2012 7:00,279,203,76
11/8/2012 8:00,348,254,94
11/8/2012 9:00,206,130,76
11/8/2012 10:00,88,54,34
11/8/2012 11:00,76,44,32
11/8/2012 12:00,71,40,31
11/8/2012 13:00,74,39,35
11/8/2012 14:00,89,54,35
11/8/2012 15:00,106,47,59
11/8/2012 16:00,256,94,162
11/8/2012 17:00,394,104,290
11/8/2012 18:00,258,89,169
11/8/2012 19:00,114,35,79
11/8/2012 20:00,59,20,39
11/8/2012 21:00,44,15,29
11/8/2012 22:00,27,13,14
11/8/2012 23:00,22,9,13
11/9/2012 0:00,19,11,8
11/9/2012 1:00,5,2,3
11/9/2012 2:00,5,4,1
11/9/2012 3:00,2,0,2
11/9/2012 4:00,7,5,2
11/9/2012 5:00,15,11,4
11/9/2012 6:00,100,60,40
11/9/2012 7:00,233,168,65
11/9/2012 8:00,329,232,97
11/9/2012 9:00,167,114,53
11/9/2012 10:00,92,53,39
11/9/2012 11:00,75,47,28
11/9/2012 12:00,66,46,20
11/9/2012 13:00,90,45,45
11/9/2012 14:00,102,54,48
11/9/2012 15:00,163,76,87
11/9/2012 16:00,222,91,131
11/9/2012 17:00,324,99,225
11/9/2012 18:00,208,66,142
11/9/2012 19:00,84,26,58
11/9/2012 20:00,32,7,25
11/9/2012 21:00,25,13,12
11/9/2012 22:00,25,13,12
11/9/2012 23:00,16,8,8
11/10/2012 0:00,20,5,15
11/10/2012 1:00,8,4,4
11/10/2012 2:00,10,4,6
11/10/2012 3:00,5,3,2
11/10/2012 4:00,4,2,2
11/10/2012 5:00,9,4,5
11/10/2012 6:00,15,6,9
11/10/2012 7:00,23,10,13
11/10/2012 8:00,44,25,19
11/10/2012 9:00,54,30,24
11/10/2012 10:00,102,63,39
11/10/2012 11:00,102,69,33
11/10/2012 12:00,138,75,63
11/10/2012 13:00,130,76,54
11/10/2012 14:00,142,69,73
11/10/2012 15:00,137,96,41
11/10/2012 16:00,109,51,58
11/10/2012 17:00,72,35,37
11/10/2012 18:00,47,17,30
11/10/2012 19:00,26,13,13
11/10/2012 20:00,24,10,14
11/10/2012 21:00,15,7,8
11/10/2012 22:00,15,5,10
11/10/2012 23:00,18,6,12
11/11/2012 0:00,10,7,3
11/11/2012 1:00,7,3,4
11/11/2012 2:00,8,0,8
11/11/2012 3:00,4,3,1
11/11/2012 4:00,3,3,0
11/11/2012 5:00,3,0,3
11/11/2012 6:00,12,1,11
11/11/2012 7:00,21,11,10
11/11/2012 8:00,36,21,15
11/11/2012 9:00,58,28,30
11/11/2012 10:00,54,40,14
11/11/2012 11:00,58,28,30
11/11/2012 12:00,51,27,24
11/11/2012 13:00,58,35,23
11/11/2012 14:00,71,39,32
11/11/2012 15:00,35,19,16
11/11/2012 16:00,39,27,12
11/11/2012 17:00,27,7,20
11/11/2012 18:00,19,5,14
11/11/2012 19:00,14,8,6
11/11/2012 20:00,11,5,6
11/11/2012 21:00,14,6,8
11/11/2012 22:00,7,4,3
11/11/2012 23:00,8,0,8
11/12/2012 0:00,4,4,0
11/12/2012 1:00,1,1,0
11/12/2012 2:00,4,2,2
11/12/2012 3:00,1,0,1
11/12/2012 4:00,2,1,1
11/12/2012 5:00,11,9,2
11/12/2012 6:00,63,44,19
11/12/2012 7:00,146,104,42
11/12/2012 8:00,213,148,65
11/12/2012 9:00,135,81,54
11/12/2012 10:00,52,31,21
11/12/2012 11:00,46,28,18
11/12/2012 12:00,43,28,15
11/12/2012 13:00,37,19,18
11/12/2012 14:00,60,34,26
11/12/2012 15:00,80,36,44
11/12/2012 16:00,138,62,76
11/12/2012 17:00,261,83,178
11/12/2012 18:00,176,63,113
11/12/2012 19:00,68,23,45
11/12/2012 20:00,23,7,16
11/12/2012 21:00,26,11,15
11/12/2012 22:00,24,13,11
11/12/2012 23:00,17,7,10
11/13/2012 0:00,9,4,5
11/13/2012 1:00,3,1,2
11/13/2012 2:00,4,3,1
11/13/2012 3:00,2,1,1
11/13/2012 4:00,8,6,2
11/13/2012 5:00,25,17,8
11/13/2012 6:00,113,76,37
11/13/2012 7:00,246,180,66
11/13/2012 8:00,318,218,100
11/13/2012 9:00,171,104,67
11/13/2012 10:00,56,30,26
11/13/2012 11:00,52,34,18
11/13/2012 12:00,28,22,6
11/13/2012 13:00,41,21,20
11/13/2012 14:00,51,21,30
11/13/2012 15:00,75,37,38
11/13/2012 16:00,164,58,106
11/13/2012 17:00,331,96,235
11/13/2012 18:00,205,63,142
11/13/2012 19:00,77,23,54
11/13/2012 20:00,40,11,29
11/13/2012 21:00,37,8,29
11/13/2012 22:00,19,9,10
11/13/2012 23:00,12,7,5
11/14/2012 0:00,1,0,1
11/14/2012 1:00,4,4,0
11/14/2012 2:00,4,3,1
11/14/2012 3:00,3,0,3
11/14/2012 4:00,8,5,3
11/14/2012 5:00,24,17,7
11/14/2012 6:00,123,86,37
11/14/2012 7:00,235,171,64
11/14/2012 8:00,353,247,106
11/14/2012 9:00,174,120,54
11/14/2012 10:00,93,56,37
11/14/2012 11:00,64,36,28
11/14/2012 12:00,70,31,39
11/14/2012 13:00,80,44,36
11/14/2012 14:00,78,42,36
11/14/2012 15:00,127,57,70
11/14/2012 16:00,218,91,127
11/14/2012 17:00,416,113,303
11/14/2012 18:00,244,75,169
11/14/2012 19:00,116,35,81
11/14/2012 20:00,67,26,41
11/14/2012 21:00,47,11,36
11/14/2012 22:00,29,12,17
11/14/2012 23:00,22,12,10
11/15/2012 0:00,6,2,4
11/15/2012 1:00,3,2,1
11/15/2012 2:00,4,3,1
11/15/2012 3:00,1,0,1
11/15/2012 4:00,8,5,3
11/15/2012 5:00,25,14,11
11/15/2012 6:00,109,79,30
11/15/2012 7:00,242,177,65
11/15/2012 8:00,309,214,95
11/15/2012 9:00,186,112,74
11/15/2012 10:00,76,51,25
11/15/2012 11:00,77,46,31
11/15/2012 12:00,77,42,35
11/15/2012 13:00,85,43,42
11/15/2012 14:00,105,57,48
11/15/2012 15:00,132,70,62
11/15/2012 16:00,204,72,132
11/15/2012 17:00,328,104,224
11/15/2012 18:00,246,76,170
11/15/2012 19:00,116,41,75
11/15/2012 20:00,63,29,34
11/15/2012 21:00,58,29,29
11/15/2012 22:00,32,20,12
11/15/2012 23:00,28,16,12
11/16/2012 0:00,10,6,4
11/16/2012 1:00,10,5,5
11/16/2012 2:00,3,2,1
11/16/2012 3:00,3,2,1
11/16/2012 4:00,10,7,3
11/16/2012 5:00,18,14,4
11/16/2012 6:00,91,60,31
11/16/2012 7:00,212,141,71
11/16/2012 8:00,277,192,85
11/16/2012 9:00,159,111,48
11/16/2012 10:00,89,53,36
11/16/2012 11:00,73,47,26
11/16/2012 12:00,67,35,32
11/16/2012 13:00,91,48,43
11/16/2012 14:00,75,34,41
11/16/2012 15:00,75,32,43
11/16/2012 16:00,153,66,87
11/16/2012 17:00,239,57,182
11/16/2012 18:00,156,50,106
11/16/2012 19:00,88,29,59
11/16/2012 20:00,46,16,30
11/16/2012 21:00,21,7,14
11/16/2012 22:00,22,4,18
11/16/2012 23:00,18,5,13
11/17/2012 0:00,14,4,10
11/17/2012 1:00,5,1,4
11/17/2012 2:00,5,4,1
11/17/2012 3:00,1,0,1
11/17/2012 4:00,4,3,1
11/17/2012 5:00,5,4,1
11/17/2012 6:00,12,4,8
11/17/2012 7:00,24,12,12
11/17/2012 8:00,31,18,13
11/17/2012 9:00,46,25,21
11/17/2012 10:00,49,28,21
11/17/2012 11:00,66,36,30
11/17/2012 12:00,81,56,25
11/17/2012 13:00,60,39,21
11/17/2012 14:00,43,21,22
11/17/2012 15:00,32,15,17
11/17/2012 16:00,40,20,20
11/17/2012 17:00,29,19,10
11/17/2012 18:00,23,9,14
11/17/2012 19:00,20,13,7
11/17/2012 20:00,15,2,13
11/17/2012 21:00,11,7,4
11/17/2012 22:00,12,5,7
11/17/2012 23:00,12,3,9
11/18/2012 0:00,11,6,5
11/18/2012 1:00,3,1,2
11/18/2012 2:00,3,1,2
11/18/2012 3:00,2,0,2
11/18/2012 4:00,5,4,1
11/18/2012 5:00,3,3,0
11/18/2012 6:00,6,3,3
11/18/2012 7:00,12,3,9
11/18/2012 8:00,16,6,10
11/18/2012 9:00,20,8,12
11/18/2012 10:00,21,17,4
11/18/2012 11:00,28,18,10
11/18/2012 12:00,34,23,11
11/18/2012 13:00,41,26,15
11/18/2012 14:00,45,28,17
11/18/2012 15:00,24,14,10
11/18/2012 16:00,30,20,10
11/18/2012 17:00,22,15,7
11/18/2012 18:00,12,6,6
11/18/2012 19:00,11,7,4
11/18/2012 20:00,14,5,9
11/18/2012 21:00,6,2,4
11/18/2012 22:00,11,2,9
11/18/2012 23:00,12,1,11
11/19/2012 0:00,3,3,0
11/19/2012 1:00,6,1,5
11/19/2012 2:00,2,1,1
11/19/2012 3:00,2,0,2
11/19/2012 4:00,8,4,4
11/19/2012 5:00,15,12,3
11/19/2012 6:00,46,33,13
11/19/2012 7:00,103,76,27
11/19/2012 8:00,139,90,49
11/19/2012 9:00,66,39,27
11/19/2012 10:00,35,23,12
11/19/2012 11:00,13,8,5
11/19/2012 12:00,18,9,9
11/19/2012 13:00,13,10,3
11/19/2012 14:00,32,13,19
11/19/2012 15:00,45,15,30
11/19/2012 16:00,78,29,49
11/19/2012 17:00,155,42,113
11/19/2012 18:00,78,24,54
11/19/2012 19:00,50,12,38
11/19/2012 20:00,18,7,11
11/19/2012 21:00,19,10,9
11/19/2012 22:00,15,9,6
11/19/2012 23:00,8,5,3
11/20/2012 0:00,7,2,5
11/20/2012 1:00,1,1,0
11/20/2012 2:00,3,3,0
11/20/2012 3:00,2,0,2
11/20/2012 4:00,3,2,1
11/20/2012 5:00,14,10,4
11/20/2012 6:00,83,55,28
11/20/2012 7:00,191,137,54
11/20/2012 8:00,263,184,79
11/20/2012 9:00,154,101,53
11/20/2012 10:00,63,37,26
11/20/2012 11:00,31,19,12
11/20/2012 12:00,37,23,14
11/20/2012 13:00,32,14,18
11/20/2012 14:00,37,20,17
11/20/2012 15:00,72,25,47
11/20/2012 16:00,127,55,72
11/20/2012 17:00,285,80,205
11/20/2012 18:00,184,54,130
11/20/2012 19:00,65,25,40
11/20/2012 20:00,33,14,19
11/20/2012 21:00,25,9,16
11/20/2012 22:00,18,6,12
11/20/2012 23:00,11,8,3
11/21/2012 0:00,9,3,6
11/21/2012 1:00,1,0,1
11/21/2012 2:00,3,2,1
11/21/2012 3:00,2,1,1
11/21/2012 4:00,6,5,1
11/21/2012 5:00,9,6,3
11/21/2012 6:00,52,37,15
11/21/2012 7:00,119,83,36
11/21/2012 8:00,183,125,58
11/21/2012 9:00,117,84,33
11/21/2012 10:00,58,17,41
11/21/2012 11:00,30,17,13
11/21/2012 12:00,30,14,16
11/21/2012 13:00,64,19,45
11/21/2012 14:00,74,34,40
11/21/2012 15:00,100,38,62
11/21/2012 16:00,148,51,97
11/21/2012 17:00,139,44,95
11/21/2012 18:00,97,36,61
11/21/2012 19:00,42,22,20
11/21/2012 20:00,40,10,30
11/21/2012 21:00,21,9,12
11/21/2012 22:00,17,7,10
11/21/2012 23:00,9,4,5
11/22/2012 0:00,8,5,3
11/22/2012 1:00,39,38,1
11/22/2012 2:00,4,3,1
11/22/2012 3:00,4,3,1
11/22/2012 4:00,1,1,0
11/22/2012 5:00,4,1,3
11/22/2012 6:00,4,1,3
11/22/2012 7:00,10,5,5
11/22/2012 8:00,23,13,10
11/22/2012 9:00,44,22,22
11/22/2012 10:00,64,39,25
11/22/2012 11:00,88,48,40
11/22/2012 12:00,68,39,29
11/22/2012 13:00,50,29,21
11/22/2012 14:00,37,19,18
11/22/2012 15:00,31,17,14
11/22/2012 16:00,23,14,9
11/22/2012 17:00,7,5,2
11/22/2012 18:00,4,2,2
11/22/2012 19:00,9,3,6
11/22/2012 20:00,9,4,5
11/22/2012 21:00,10,9,1
11/22/2012 22:00,6,2,4
11/22/2012 23:00,7,3,4
11/23/2012 0:00,15,12,3
11/23/2012 1:00,0,0,0
11/23/2012 2:00,2,1,1
11/23/2012 3:00,0,0,0
11/23/2012 4:00,3,1,2
11/23/2012 5:00,9,5,4
11/23/2012 6:00,11,4,7
11/23/2012 7:00,22,15,7
11/23/2012 8:00,25,14,11
11/23/2012 9:00,15,9,6
11/23/2012 10:00,32,16,16
11/23/2012 11:00,16,6,10
11/23/2012 12:00,17,7,10
11/23/2012 13:00,18,8,10
11/23/2012 14:00,23,8,15
11/23/2012 15:00,27,18,9
11/23/2012 16:00,22,7,15
11/23/2012 17:00,31,8,23
11/23/2012 18:00,15,7,8
11/23/2012 19:00,13,4,9
11/23/2012 20:00,14,6,8
11/23/2012 21:00,3,3,0
11/23/2012 22:00,13,8,5
11/23/2012 23:00,9,1,8
11/24/2012 0:00,3,1,2
11/24/2012 1:00,2,1,1
11/24/2012 2:00,4,3,1
11/24/2012 3:00,1,1,0
11/24/2012 4:00,6,5,1
11/24/2012 5:00,6,5,1
11/24/2012 6:00,11,3,8
11/24/2012 7:00,14,8,6
11/24/2012 8:00,30,17,13
11/24/2012 9:00,40,20,20
11/24/2012 10:00,56,35,21
11/24/2012 11:00,67,39,28
11/24/2012 12:00,100,57,43
11/24/2012 13:00,68,47,21
11/24/2012 14:00,117,56,61
11/24/2012 15:00,127,66,61
11/24/2012 16:00,63,32,31
11/24/2012 17:00,30,16,14
11/24/2012 18:00,33,12,21
11/24/2012 19:00,22,7,15
11/24/2012 20:00,16,6,10
11/24/2012 21:00,13,5,8
11/24/2012 22:00,11,4,7
11/24/2012 23:00,5,2,3
11/25/2012 0:00,9,6,3
11/25/2012 1:00,9,3,6
11/25/2012 2:00,2,2,0
11/25/2012 3:00,4,2,2
11/25/2012 4:00,3,1,2
11/25/2012 5:00,2,2,0
11/25/2012 6:00,13,9,4
11/25/2012 7:00,22,13,9
11/25/2012 8:00,33,19,14
11/25/2012 9:00,45,28,17
11/25/2012 10:00,52,29,23
11/25/2012 11:00,66,32,34
11/25/2012 12:00,82,48,34
11/25/2012 13:00,146,84,62
11/25/2012 14:00,154,89,65
11/25/2012 15:00,133,78,55
11/25/2012 16:00,88,44,44
11/25/2012 17:00,47,25,22
11/25/2012 18:00,30,16,14
11/25/2012 19:00,27,13,14
11/25/2012 20:00,17,8,9
11/25/2012 21:00,13,3,10
11/25/2012 22:00,7,3,4
11/25/2012 23:00,14,9,5
11/26/2012 0:00,3,2,1
11/26/2012 1:00,4,1,3
11/26/2012 2:00,0,0,0
11/26/2012 3:00,2,1,1
11/26/2012 4:00,7,4,3
11/26/2012 5:00,23,17,6
11/26/2012 6:00,100,67,33
11/26/2012 7:00,227,171,56
11/26/2012 8:00,312,213,99
11/26/2012 9:00,179,113,66
11/26/2012 10:00,84,41,43
11/26/2012 11:00,56,41,15
11/26/2012 12:00,67,37,30
11/26/2012 13:00,83,48,35
11/26/2012 14:00,98,48,50
11/26/2012 15:00,115,47,68
11/26/2012 16:00,194,74,120
11/26/2012 17:00,352,102,250
11/26/2012 18:00,216,66,150
11/26/2012 19:00,87,35,52
11/26/2012 20:00,67,19,48
11/26/2012 21:00,35,15,20
11/26/2012 22:00,35,12,23
11/26/2012 23:00,12,6,6
11/27/2012 0:00,10,6,4
11/27/2012 1:00,4,0,4
11/27/2012 2:00,1,0,1
11/27/2012 3:00,4,3,1
11/27/2012 4:00,8,5,3
11/27/2012 5:00,27,17,10
11/27/2012 6:00,105,74,31
11/27/2012 7:00,229,165,64
11/27/2012 8:00,366,263,103
11/27/2012 9:00,185,122,63
11/27/2012 10:00,68,39,29
11/27/2012 11:00,63,38,25
11/27/2012 12:00,55,37,18
11/27/2012 13:00,81,45,36
11/27/2012 14:00,83,30,53
11/27/2012 15:00,125,60,65
11/27/2012 16:00,232,103,129
11/27/2012 17:00,385,108,277
11/27/2012 18:00,258,75,183
11/27/2012 19:00,102,41,61
11/27/2012 20:00,62,25,37
11/27/2012 21:00,42,21,21
11/27/2012 22:00,32,15,17
11/27/2012 23:00,20,9,11
11/28/2012 0:00,7,2,5
11/28/2012 1:00,3,3,0
11/28/2012 2:00,3,2,1
11/28/2012 3:00,2,0,2
11/28/2012 4:00,8,7,1
11/28/2012 5:00,18,14,4
11/28/2012 6:00,96,67,29
11/28/2012 7:00,214,153,61
11/28/2012 8:00,317,212,105
11/28/2012 9:00,162,104,58
11/28/2012 10:00,85,52,33
11/28/2012 11:00,46,24,22
11/28/2012 12:00,49,26,23
11/28/2012 13:00,59,28,31
11/28/2012 14:00,35,19,16
11/28/2012 15:00,62,26,36
11/28/2012 16:00,144,61,83
11/28/2012 17:00,315,90,225
11/28/2012 18:00,190,51,139
11/28/2012 19:00,113,38,75
11/28/2012 20:00,44,18,26
11/28/2012 21:00,28,12,16
11/28/2012 22:00,23,9,14
11/28/2012 23:00,11,4,7
11/29/2012 0:00,5,4,1
11/29/2012 1:00,2,2,0
11/29/2012 2:00,5,5,0
11/29/2012 3:00,3,1,2
11/29/2012 4:00,7,6,1
11/29/2012 5:00,21,15,6
11/29/2012 6:00,90,63,27
11/29/2012 7:00,191,142,49
11/29/2012 8:00,278,188,90
11/29/2012 9:00,139,91,48
11/29/2012 10:00,45,16,29
11/29/2012 11:00,38,20,18
11/29/2012 12:00,41,24,17
11/29/2012 13:00,29,15,14
11/29/2012 14:00,46,28,18
11/29/2012 15:00,75,29,46
11/29/2012 16:00,151,66,85
11/29/2012 17:00,273,83,190
11/29/2012 18:00,182,64,118
11/29/2012 19:00,97,38,59
11/29/2012 20:00,42,19,23
11/29/2012 21:00,40,19,21
11/29/2012 22:00,24,7,17
11/29/2012 23:00,20,9,11
11/30/2012 0:00,7,5,2
11/30/2012 1:00,1,0,1
11/30/2012 2:00,1,0,1
11/30/2012 3:00,1,0,1
11/30/2012 4:00,8,6,2
11/30/2012 5:00,23,18,5
11/30/2012 6:00,80,53,27
11/30/2012 7:00,165,115,50
11/30/2012 8:00,242,161,81
11/30/2012 9:00,141,84,57
11/30/2012 10:00,59,27,32
11/30/2012 11:00,44,22,22
11/30/2012 12:00,39,19,20
11/30/2012 13:00,38,21,17
11/30/2012 14:00,46,21,25
11/30/2012 15:00,66,35,31
11/30/2012 16:00,139,47,92
11/30/2012 17:00,228,61,167
11/30/2012 18:00,145,52,93
11/30/2012 19:00,55,16,39
11/30/2012 20:00,28,8,20
11/30/2012 21:00,7,4,3
11/30/2012 22:00,10,7,3
11/30/2012 23:00,17,4,13
12/1/2012 0:00,10,2,8
12/1/2012 1:00,3,0,3
12/1/2012 2:00,3,1,2
12/1/2012 3:00,3,3,0
12/1/2012 4:00,3,2,1
12/1/2012 5:00,4,2,2
12/1/2012 6:00,10,3,7
12/1/2012 7:00,21,13,8
12/1/2012 8:00,37,17,20
12/1/2012 9:00,43,21,22
12/1/2012 10:00,51,26,25
12/1/2012 11:00,53,36,17
12/1/2012 12:00,62,34,28
12/1/2012 13:00,53,31,22
12/1/2012 14:00,51,35,16
12/1/2012 15:00,54,31,23
12/1/2012 16:00,44,31,13
12/1/2012 17:00,40,15,25
12/1/2012 18:00,24,8,16
12/1/2012 19:00,19,6,13
12/1/2012 20:00,10,3,7
12/1/2012 21:00,10,4,6
12/1/2012 22:00,12,6,6
12/1/2012 23:00,14,8,6
12/2/2012 0:00,16,9,7
12/2/2012 1:00,3,1,2
12/2/2012 2:00,4,2,2
12/2/2012 3:00,0,0,0
12/2/2012 4:00,3,3,0
12/2/2012 5:00,6,2,4
12/2/2012 6:00,10,3,7
12/2/2012 7:00,12,3,9
12/2/2012 8:00,31,19,12
12/2/2012 9:00,47,31,16
12/2/2012 10:00,45,29,16
12/2/2012 11:00,43,25,18
12/2/2012 12:00,65,34,31
12/2/2012 13:00,49,34,15
12/2/2012 14:00,41,25,16
12/2/2012 15:00,31,15,16
12/2/2012 16:00,38,22,16
12/2/2012 17:00,13,8,5
12/2/2012 18:00,19,10,9
12/2/2012 19:00,17,6,11
12/2/2012 20:00,8,1,7
12/2/2012 21:00,11,5,6
12/2/2012 22:00,7,2,5
12/2/2012 23:00,8,5,3
12/3/2012 0:00,2,1,1
12/3/2012 1:00,6,3,3
12/3/2012 2:00,3,2,1
12/3/2012 3:00,1,0,1
12/3/2012 4:00,2,1,1
12/3/2012 5:00,22,19,3
12/3/2012 6:00,89,60,29
12/3/2012 7:00,186,122,64
12/3/2012 8:00,290,190,100
12/3/2012 9:00,151,105,46
12/3/2012 10:00,62,39,23
12/3/2012 11:00,50,27,23
12/3/2012 12:00,51,29,22
12/3/2012 13:00,41,23,18
12/3/2012 14:00,43,23,20
12/3/2012 15:00,58,25,33
12/3/2012 16:00,139,56,83
12/3/2012 17:00,287,72,215
12/3/2012 18:00,196,56,140
12/3/2012 19:00,97,35,62
12/3/2012 20:00,39,18,21
12/3/2012 21:00,29,14,15
12/3/2012 22:00,15,9,6
12/3/2012 23:00,9,3,6
12/4/2012 0:00,11,8,3
12/4/2012 1:00,4,1,3
12/4/2012 2:00,3,0,3
12/4/2012 3:00,2,1,1
12/4/2012 4:00,7,4,3
12/4/2012 5:00,24,15,9
12/4/2012 6:00,87,60,27
12/4/2012 7:00,189,135,54
12/4/2012 8:00,299,188,111
12/4/2012 9:00,179,113,66
12/4/2012 10:00,68,42,26
12/4/2012 11:00,57,43,14
12/4/2012 12:00,56,30,26
12/4/2012 13:00,52,28,24
12/4/2012 14:00,56,33,23
12/4/2012 15:00,66,30,36
12/4/2012 16:00,147,62,85
12/4/2012 17:00,314,86,228
12/4/2012 18:00,173,49,124
12/4/2012 19:00,78,33,45
12/4/2012 20:00,55,23,32
12/4/2012 21:00,39,19,20
12/4/2012 22:00,21,7,14
12/4/2012 23:00,24,11,13
12/5/2012 0:00,9,3,6
12/5/2012 1:00,1,0,1
12/5/2012 2:00,3,2,1
12/5/2012 3:00,2,0,2
12/5/2012 4:00,6,5,1
12/5/2012 5:00,21,17,4
12/5/2012 6:00,84,59,25
12/5/2012 7:00,210,149,61
12/5/2012 8:00,312,217,95
12/5/2012 9:00,190,121,69
12/5/2012 10:00,77,52,25
12/5/2012 11:00,66,40,26
12/5/2012 12:00,63,33,30
12/5/2012 13:00,84,47,37
12/5/2012 14:00,67,34,33
12/5/2012 15:00,107,55,52
12/5/2012 16:00,174,78,96
12/5/2012 17:00,328,103,225
12/5/2012 18:00,250,75,175
12/5/2012 19:00,122,40,82
12/5/2012 20:00,45,13,32
12/5/2012 21:00,39,18,21
12/5/2012 22:00,26,12,14
12/5/2012 23:00,14,7,7
12/6/2012 0:00,4,2,2
12/6/2012 1:00,5,2,3
12/6/2012 2:00,1,0,1
12/6/2012 3:00,3,1,2
12/6/2012 4:00,13,10,3
12/6/2012 5:00,26,17,9
12/6/2012 6:00,98,67,31
12/6/2012 7:00,165,119,46
12/6/2012 8:00,280,193,87
12/6/2012 9:00,143,83,60
12/6/2012 10:00,57,37,20
12/6/2012 11:00,34,22,12
12/6/2012 12:00,47,27,20
12/6/2012 13:00,40,16,24
12/6/2012 14:00,44,21,23
12/6/2012 15:00,73,36,37
12/6/2012 16:00,177,62,115
12/6/2012 17:00,285,97,188
12/6/2012 18:00,170,62,108
12/6/2012 19:00,92,32,60
12/6/2012 20:00,44,12,32
12/6/2012 21:00,40,19,21
12/6/2012 22:00,26,10,16
12/6/2012 23:00,12,8,4
12/7/2012 0:00,9,3,6
12/7/2012 1:00,8,1,7
12/7/2012 2:00,0,0,0
12/7/2012 3:00,1,0,1
12/7/2012 4:00,7,4,3
12/7/2012 5:00,15,10,5
12/7/2012 6:00,80,51,29
12/7/2012 7:00,162,122,40
12/7/2012 8:00,255,185,70
12/7/2012 9:00,149,96,53
12/7/2012 10:00,81,40,41
12/7/2012 11:00,43,25,18
12/7/2012 12:00,45,22,23
12/7/2012 13:00,46,21,25
12/7/2012 14:00,51,20,31
12/7/2012 15:00,69,33,36
12/7/2012 16:00,171,60,111
12/7/2012 17:00,263,81,182
12/7/2012 18:00,164,56,108
12/7/2012 19:00,74,27,47
12/7/2012 20:00,38,9,29
12/7/2012 21:00,28,12,16
12/7/2012 22:00,33,18,15
12/7/2012 23:00,24,10,14
12/8/2012 0:00,17,8,9
12/8/2012 1:00,5,3,2
12/8/2012 2:00,3,0,3
12/8/2012 3:00,1,1,0
12/8/2012 4:00,2,2,0
12/8/2012 5:00,3,1,2
12/8/2012 6:00,12,5,7
12/8/2012 7:00,21,10,11
12/8/2012 8:00,46,29,17
12/8/2012 9:00,52,29,23
12/8/2012 10:00,66,51,15
12/8/2012 11:00,65,36,29
12/8/2012 12:00,67,34,33
12/8/2012 13:00,83,58,25
12/8/2012 14:00,95,60,35
12/8/2012 15:00,87,40,47
12/8/2012 16:00,58,24,34
12/8/2012 17:00,54,16,38
12/8/2012 18:00,34,13,21
12/8/2012 19:00,22,12,10
12/8/2012 20:00,18,7,11
12/8/2012 21:00,27,12,15
12/8/2012 22:00,19,13,6
12/8/2012 23:00,17,7,10
12/9/2012 0:00,6,2,4
12/9/2012 1:00,6,3,3
12/9/2012 2:00,5,1,4
12/9/2012 3:00,8,3,5
12/9/2012 4:00,3,2,1
12/9/2012 5:00,2,1,1
12/9/2012 6:00,8,3,5
12/9/2012 7:00,16,6,10
12/9/2012 8:00,29,14,15
12/9/2012 9:00,22,8,14
12/9/2012 10:00,29,14,15
12/9/2012 11:00,37,31,6
12/9/2012 12:00,39,24,15
12/9/2012 13:00,39,24,15
12/9/2012 14:00,29,16,13
12/9/2012 15:00,33,15,18
12/9/2012 16:00,27,10,17
12/9/2012 17:00,27,13,14
12/9/2012 18:00,20,9,11
12/9/2012 19:00,13,7,6
12/9/2012 20:00,10,6,4
12/9/2012 21:00,9,3,6
12/9/2012 22:00,3,2,1
12/9/2012 23:00,2,0,2
12/10/2012 0:00,6,2,4
12/10/2012 1:00,6,4,2
12/10/2012 2:00,2,2,0
12/10/2012 3:00,1,0,1
12/10/2012 4:00,4,2,2
12/10/2012 5:00,32,22,10
12/10/2012 6:00,94,68,26
12/10/2012 7:00,228,134,94
12/10/2012 8:00,304,212,92
12/10/2012 9:00,151,100,51
12/10/2012 10:00,66,41,25
12/10/2012 11:00,54,32,22
12/10/2012 12:00,53,33,20
12/10/2012 13:00,53,25,28
12/10/2012 14:00,64,31,33
12/10/2012 15:00,84,36,48
12/10/2012 16:00,164,75,89
12/10/2012 17:00,354,109,245
12/10/2012 18:00,216,55,161
12/10/2012 19:00,90,32,58
12/10/2012 20:00,60,25,35
12/10/2012 21:00,42,11,31
12/10/2012 22:00,20,10,10
12/10/2012 23:00,14,9,5
12/11/2012 0:00,12,4,8
12/11/2012 1:00,2,1,1
12/11/2012 2:00,3,3,0
12/11/2012 3:00,4,1,3
12/11/2012 4:00,8,5,3
12/11/2012 5:00,25,19,6
12/11/2012 6:00,90,60,30
12/11/2012 7:00,208,158,50
12/11/2012 8:00,299,201,98
12/11/2012 9:00,154,108,46
12/11/2012 10:00,57,32,25
12/11/2012 11:00,34,20,14
12/11/2012 12:00,34,19,15
12/11/2012 13:00,53,27,26
12/11/2012 14:00,58,32,26
12/11/2012 15:00,75,35,40
12/11/2012 16:00,136,61,75
12/11/2012 17:00,313,81,232
12/11/2012 18:00,187,54,133
12/11/2012 19:00,75,20,55
12/11/2012 20:00,54,26,28
12/11/2012 21:00,34,11,23
12/11/2012 22:00,20,11,9
12/11/2012 23:00,10,5,5
12/12/2012 0:00,9,2,7
12/12/2012 1:00,5,4,1
12/12/2012 2:00,1,1,0
12/12/2012 3:00,3,2,1
12/12/2012 4:00,5,3,2
12/12/2012 5:00,22,18,4
12/12/2012 6:00,84,56,28
12/12/2012 7:00,160,116,44
12/12/2012 8:00,281,207,74
12/12/2012 9:00,140,80,60
12/12/2012 10:00,50,38,12
12/12/2012 11:00,20,9,11
12/12/2012 12:00,39,24,15
12/12/2012 13:00,38,22,16
12/12/2012 14:00,72,39,33
12/12/2012 15:00,77,29,48
12/12/2012 16:00,138,54,84
12/12/2012 17:00,295,85,210
12/12/2012 18:00,187,50,137
12/12/2012 19:00,81,30,51
12/12/2012 20:00,59,19,40
12/12/2012 21:00,37,10,27
12/12/2012 22:00,33,14,19
12/12/2012 23:00,12,7,5
12/13/2012 0:00,6,3,3
12/13/2012 1:00,4,1,3
12/13/2012 2:00,7,2,5
12/13/2012 3:00,2,1,1
12/13/2012 4:00,5,2,3
12/13/2012 5:00,23,17,6
12/13/2012 6:00,100,73,27
12/13/2012 7:00,175,129,46
12/13/2012 8:00,284,188,96
12/13/2012 9:00,154,106,48
12/13/2012 10:00,71,47,24
12/13/2012 11:00,60,31,29
12/13/2012 12:00,72,48,24
12/13/2012 13:00,58,30,28
12/13/2012 14:00,59,27,32
12/13/2012 15:00,95,49,46
12/13/2012 16:00,171,69,102
12/13/2012 17:00,280,74,206
12/13/2012 18:00,155,58,97
12/13/2012 19:00,107,35,72
12/13/2012 20:00,60,31,29
12/13/2012 21:00,30,8,22
12/13/2012 22:00,20,12,8
12/13/2012 23:00,15,6,9
12/14/2012 0:00,8,4,4
12/14/2012 1:00,3,1,2
12/14/2012 2:00,1,0,1
12/14/2012 3:00,3,1,2
12/14/2012 4:00,5,2,3
12/14/2012 5:00,11,6,5
12/14/2012 6:00,64,45,19
12/14/2012 7:00,149,112,37
12/14/2012 8:00,214,149,65
12/14/2012 9:00,150,102,48
12/14/2012 10:00,53,33,20
12/14/2012 11:00,54,33,21
12/14/2012 12:00,56,35,21
12/14/2012 13:00,66,42,24
12/14/2012 14:00,67,37,30
12/14/2012 15:00,116,61,55
12/14/2012 16:00,165,61,104
12/14/2012 17:00,229,66,163
12/14/2012 18:00,138,41,97
12/14/2012 19:00,77,31,46
12/14/2012 20:00,29,13,16
12/14/2012 21:00,20,8,12
12/14/2012 22:00,14,3,11
12/14/2012 23:00,17,8,9
12/15/2012 0:00,22,14,8
12/15/2012 1:00,6,3,3
12/15/2012 2:00,11,6,5
12/15/2012 3:00,4,3,1
12/15/2012 4:00,3,3,0
12/15/2012 5:00,10,7,3
12/15/2012 6:00,19,9,10
12/15/2012 7:00,17,9,8
12/15/2012 8:00,40,22,18
12/15/2012 9:00,46,31,15
12/15/2012 10:00,42,17,25
12/15/2012 11:00,29,19,10
12/15/2012 12:00,32,22,10
12/15/2012 13:00,16,8,8
12/15/2012 14:00,33,18,15
12/15/2012 15:00,19,7,12
12/15/2012 16:00,22,15,7
12/15/2012 17:00,19,9,10
12/15/2012 18:00,23,14,9
12/15/2012 19:00,15,2,13
12/15/2012 20:00,10,5,5
12/15/2012 21:00,11,5,6
12/15/2012 22:00,6,3,3
12/15/2012 23:00,8,7,1
12/16/2012 0:00,9,5,4
12/16/2012 1:00,4,2,2
12/16/2012 2:00,5,2,3
12/16/2012 3:00,2,0,2
12/16/2012 4:00,2,1,1
12/16/2012 5:00,1,0,1
12/16/2012 6:00,9,3,6
12/16/2012 7:00,12,7,5
12/16/2012 8:00,21,11,10
12/16/2012 9:00,39,27,12
12/16/2012 10:00,39,27,12
12/16/2012 11:00,38,24,14
12/16/2012 12:00,26,18,8
12/16/2012 13:00,25,13,12
12/16/2012 14:00,21,12,9
12/16/2012 15:00,23,14,9
12/16/2012 16:00,19,7,12
12/16/2012 17:00,8,3,5
12/16/2012 18:00,6,4,2
12/16/2012 19:00,12,4,8
12/16/2012 20:00,8,5,3
12/16/2012 21:00,9,6,3
12/16/2012 22:00,11,6,5
12/16/2012 23:00,2,1,1
12/17/2012 0:00,1,0,1
12/17/2012 1:00,1,1,0
12/17/2012 2:00,7,2,5
12/17/2012 3:00,1,0,1
12/17/2012 4:00,4,2,2
12/17/2012 5:00,12,9,3
12/17/2012 6:00,59,46,13
12/17/2012 7:00,123,93,30
12/17/2012 8:00,196,134,62
12/17/2012 9:00,118,82,36
12/17/2012 10:00,53,36,17
12/17/2012 11:00,34,21,13
12/17/2012 12:00,33,19,14
12/17/2012 13:00,42,26,16
12/17/2012 14:00,52,16,36
12/17/2012 15:00,58,27,31
12/17/2012 16:00,131,48,83
12/17/2012 17:00,220,68,152
12/17/2012 18:00,151,42,109
12/17/2012 19:00,85,19,66
12/17/2012 20:00,34,16,18
12/17/2012 21:00,36,17,19
12/17/2012 22:00,26,15,11
12/17/2012 23:00,15,8,7
12/18/2012 0:00,12,4,8
12/18/2012 1:00,9,6,3
12/18/2012 2:00,3,2,1
12/18/2012 3:00,3,1,2
12/18/2012 4:00,6,5,1
12/18/2012 5:00,23,14,9
12/18/2012 6:00,61,46,15
12/18/2012 7:00,162,114,48
12/18/2012 8:00,256,160,96
12/18/2012 9:00,132,88,44
12/18/2012 10:00,47,30,17
12/18/2012 11:00,33,16,17
12/18/2012 12:00,39,22,17
12/18/2012 13:00,51,30,21
12/18/2012 14:00,49,33,16
12/18/2012 15:00,86,34,52
12/18/2012 16:00,101,42,59
12/18/2012 17:00,275,82,193
12/18/2012 18:00,180,62,118
12/18/2012 19:00,76,27,49
12/18/2012 20:00,41,16,25
12/18/2012 21:00,25,12,13
12/18/2012 22:00,24,12,12
12/18/2012 23:00,8,4,4
12/19/2012 0:00,6,2,4
12/19/2012 1:00,5,4,1
12/19/2012 2:00,5,3,2
12/19/2012 3:00,1,0,1
12/19/2012 4:00,6,3,3
12/19/2012 5:00,14,11,3
12/19/2012 6:00,43,25,18
12/19/2012 7:00,98,64,34
12/19/2012 8:00,141,89,52
12/19/2012 9:00,78,49,29
12/19/2012 10:00,37,22,15
12/19/2012 11:00,22,12,10
12/19/2012 12:00,22,11,11
12/19/2012 13:00,29,14,15
12/19/2012 14:00,26,16,10
12/19/2012 15:00,38,13,25
12/19/2012 16:00,76,36,40
12/19/2012 17:00,147,47,100
12/19/2012 18:00,121,35,86
12/19/2012 19:00,53,14,39
12/19/2012 20:00,21,10,11
12/19/2012 21:00,9,3,6
12/19/2012 22:00,16,11,5
12/19/2012 23:00,6,2,4
12/20/2012 0:00,4,4,0
12/20/2012 1:00,1,1,0
12/20/2012 2:00,1,1,0
12/20/2012 3:00,1,0,1
12/20/2012 4:00,5,3,2
12/20/2012 5:00,8,5,3
12/20/2012 6:00,55,32,23
12/20/2012 7:00,103,71,32
12/20/2012 8:00,141,85,56
12/20/2012 9:00,67,40,27
12/20/2012 10:00,27,18,9
12/20/2012 11:00,23,10,13
12/20/2012 12:00,16,13,3
12/20/2012 13:00,24,18,6
12/20/2012 14:00,25,13,12
12/20/2012 15:00,53,26,27
12/20/2012 16:00,83,28,55
12/20/2012 17:00,179,65,114
12/20/2012 18:00,126,45,81
12/20/2012 19:00,49,18,31
12/20/2012 20:00,33,6,27
12/20/2012 21:00,19,7,12
12/20/2012 22:00,22,12,10
12/20/2012 23:00,12,5,7
12/21/2012 0:00,8,6,2
12/21/2012 1:00,2,2,0
12/21/2012 2:00,4,3,1
12/21/2012 3:00,2,1,1
12/21/2012 4:00,6,4,2
12/21/2012 5:00,9,6,3
12/21/2012 6:00,36,24,12
12/21/2012 7:00,103,67,36
12/21/2012 8:00,150,99,51
12/21/2012 9:00,94,58,36
12/21/2012 10:00,34,22,12
12/21/2012 11:00,35,22,13
12/21/2012 12:00,28,14,14
12/21/2012 13:00,38,25,13
12/21/2012 14:00,77,35,42
12/21/2012 15:00,127,66,61
12/21/2012 16:00,111,36,75
12/21/2012 17:00,161,49,112
12/21/2012 18:00,92,23,69
12/21/2012 19:00,38,12,26
12/21/2012 20:00,23,5,18
12/21/2012 21:00,21,10,11
12/21/2012 22:00,17,7,10
12/21/2012 23:00,16,9,7
12/22/2012 0:00,8,2,6
12/22/2012 1:00,6,6,0
12/22/2012 2:00,5,4,1
12/22/2012 3:00,8,5,3
12/22/2012 4:00,3,2,1
12/22/2012 5:00,5,5,0
12/22/2012 6:00,8,3,5
12/22/2012 7:00,20,15,5
12/22/2012 8:00,26,13,13
12/22/2012 9:00,28,16,12
12/22/2012 10:00,32,21,11
12/22/2012 11:00,37,19,18
12/22/2012 12:00,36,19,17
12/22/2012 13:00,56,32,24
12/22/2012 14:00,43,25,18
12/22/2012 15:00,53,24,29
12/22/2012 16:00,33,16,17
12/22/2012 17:00,20,8,12
12/22/2012 18:00,20,11,9
12/22/2012 19:00,18,8,10
12/22/2012 20:00,11,2,9
12/22/2012 21:00,5,2,3
12/22/2012 22:00,7,4,3
12/22/2012 23:00,5,1,4
12/23/2012 0:00,8,3,5
12/23/2012 1:00,7,6,1
12/23/2012 2:00,5,3,2
12/23/2012 3:00,2,2,0
12/23/2012 4:00,4,3,1
12/23/2012 5:00,2,2,0
12/23/2012 6:00,8,2,6
12/23/2012 7:00,15,7,8
12/23/2012 8:00,13,6,7
12/23/2012 9:00,11,6,5
12/23/2012 10:00,23,10,13
12/23/2012 11:00,48,32,16
12/23/2012 12:00,37,27,10
12/23/2012 13:00,49,30,19
12/23/2012 14:00,42,26,16
12/23/2012 15:00,41,24,17
12/23/2012 16:00,33,21,12
12/23/2012 17:00,25,13,12
12/23/2012 18:00,13,8,5
12/23/2012 19:00,10,2,8
12/23/2012 20:00,9,3,6
12/23/2012 21:00,10,4,6
12/23/2012 22:00,15,10,5
12/23/2012 23:00,11,3,8
12/24/2012 0:00,6,2,4
12/24/2012 1:00,2,0,2
12/24/2012 2:00,1,0,1
12/24/2012 3:00,1,0,1
12/24/2012 4:00,4,3,1
12/24/2012 5:00,11,10,1
12/24/2012 6:00,16,8,8
12/24/2012 7:00,37,22,15
12/24/2012 8:00,29,18,11
12/24/2012 9:00,42,26,16
12/24/2012 10:00,36,24,12
12/24/2012 11:00,31,20,11
12/24/2012 12:00,42,23,19
12/24/2012 13:00,57,35,22
12/24/2012 14:00,53,25,28
12/24/2012 15:00,72,34,38
12/24/2012 16:00,54,24,30
12/24/2012 17:00,20,8,12
12/24/2012 18:00,17,2,15
12/24/2012 19:00,18,6,12
12/24/2012 20:00,9,4,5
12/24/2012 21:00,1,1,0
12/24/2012 22:00,9,7,2
12/24/2012 23:00,6,2,4
12/25/2012 0:00,2,1,1
12/25/2012 1:00,2,2,0
12/25/2012 2:00,1,1,0
12/25/2012 3:00,2,1,1
12/25/2012 4:00,1,1,0
12/25/2012 5:00,1,1,0
12/25/2012 6:00,3,2,1
12/25/2012 7:00,4,2,2
12/25/2012 8:00,4,3,1
12/25/2012 9:00,7,2,5
12/25/2012 10:00,6,4,2
12/25/2012 11:00,3,0,3
12/25/2012 12:00,7,4,3
12/25/2012 13:00,11,3,8
12/25/2012 14:00,8,4,4
12/25/2012 15:00,3,2,1
12/25/2012 16:00,7,2,5
12/25/2012 17:00,11,6,5
12/25/2012 18:00,3,2,1
12/25/2012 19:00,2,1,1
12/25/2012 20:00,1,1,0
12/25/2012 21:00,5,2,3
12/25/2012 22:00,3,3,0
12/25/2012 23:00,1,0,1
12/26/2012 0:00,2,1,1
12/26/2012 1:00,0,0,0
12/26/2012 2:00,1,1,0
12/26/2012 3:00,1,0,1
12/26/2012 4:00,4,3,1
12/26/2012 5:00,9,7,2
12/26/2012 6:00,37,27,10
12/26/2012 7:00,69,46,23
12/26/2012 8:00,102,65,37
12/26/2012 9:00,56,36,20
12/26/2012 10:00,33,20,13
12/26/2012 11:00,33,25,8
12/26/2012 12:00,48,25,23
12/26/2012 13:00,34,20,14
12/26/2012 14:00,41,24,17
12/26/2012 15:00,63,27,36
12/26/2012 16:00,73,21,52
12/26/2012 17:00,104,38,66
12/26/2012 18:00,65,13,52
12/26/2012 19:00,20,6,14
12/26/2012 20:00,22,10,12
12/26/2012 21:00,12,4,8
12/26/2012 22:00,11,7,4
12/26/2012 23:00,5,4,1
12/27/2012 0:00,5,3,2
12/27/2012 1:00,2,0,2
12/27/2012 2:00,0,0,0
12/27/2012 3:00,0,0,0
12/27/2012 4:00,8,3,5
12/27/2012 5:00,11,6,5
12/27/2012 6:00,55,38,17
12/27/2012 7:00,95,64,31
12/27/2012 8:00,122,80,42
12/27/2012 9:00,78,57,21
12/27/2012 10:00,53,31,22
12/27/2012 11:00,34,25,9
12/27/2012 12:00,39,27,12
12/27/2012 13:00,42,20,22
12/27/2012 14:00,49,23,26
12/27/2012 15:00,76,31,45
12/27/2012 16:00,114,37,77
12/27/2012 17:00,153,48,105
12/27/2012 18:00,90,35,55
12/27/2012 19:00,65,18,47
12/27/2012 20:00,17,7,10
12/27/2012 21:00,14,6,8
12/27/2012 22:00,18,10,8
12/27/2012 23:00,8,4,4
12/28/2012 0:00,5,0,5
12/28/2012 1:00,1,0,1
12/28/2012 2:00,3,0,3
12/28/2012 3:00,2,1,1
12/28/2012 4:00,4,3,1
12/28/2012 5:00,7,5,2
12/28/2012 6:00,56,37,19
12/28/2012 7:00,71,52,19
12/28/2012 8:00,126,77,49
12/28/2012 9:00,84,54,30
12/28/2012 10:00,45,21,24
12/28/2012 11:00,69,42,27
12/28/2012 12:00,68,43,25
12/28/2012 13:00,81,45,36
12/28/2012 14:00,71,35,36
12/28/2012 15:00,101,54,47
12/28/2012 16:00,129,48,81
12/28/2012 17:00,142,46,96
12/28/2012 18:00,76,28,48
12/28/2012 19:00,29,9,20
12/28/2012 20:00,28,7,21
12/28/2012 21:00,26,6,20
12/28/2012 22:00,24,10,14
12/28/2012 23:00,9,8,1
12/29/2012 0:00,12,1,11
12/29/2012 1:00,5,2,3
12/29/2012 2:00,9,7,2
12/29/2012 3:00,7,6,1
12/29/2012 4:00,7,7,0
12/29/2012 5:00,3,2,1
12/29/2012 6:00,11,4,7
12/29/2012 7:00,23,14,9
12/29/2012 8:00,30,14,16
12/29/2012 9:00,21,11,10
12/29/2012 10:00,23,9,14
12/29/2012 11:00,48,27,21
12/29/2012 12:00,41,24,17
12/29/2012 13:00,26,11,15
12/29/2012 14:00,36,18,18
12/29/2012 15:00,48,31,17
12/29/2012 16:00,37,17,20
12/29/2012 17:00,20,10,10
12/29/2012 18:00,29,14,15
12/29/2012 19:00,18,8,10
12/29/2012 20:00,14,5,9
12/29/2012 21:00,8,4,4
12/29/2012 22:00,8,2,6
12/29/2012 23:00,3,1,2
12/30/2012 0:00,5,3,2
12/30/2012 1:00,2,1,1
12/30/2012 2:00,6,3,3
12/30/2012 3:00,1,1,0
12/30/2012 4:00,5,3,2
12/30/2012 5:00,1,1,0
12/30/2012 6:00,5,2,3
12/30/2012 7:00,10,4,6
12/30/2012 8:00,29,19,10
12/30/2012 9:00,41,31,10
12/30/2012 10:00,72,57,15
12/30/2012 11:00,47,24,23
12/30/2012 12:00,72,40,32
12/30/2012 13:00,100,41,59
12/30/2012 14:00,77,43,34
12/30/2012 15:00,61,28,33
12/30/2012 16:00,58,26,32
12/30/2012 17:00,36,16,20
12/30/2012 18:00,13,8,5
12/30/2012 19:00,17,6,11
12/30/2012 20:00,14,6,8
12/30/2012 21:00,7,2,5
12/30/2012 22:00,11,9,2
12/30/2012 23:00,5,1,4
12/31/2012 0:00,1,1,0
12/31/2012 1:00,6,3,3
12/31/2012 2:00,5,3,2
12/31/2012 3:00,1,0,1
12/31/2012 4:00,5,5,0
12/31/2012 5:00,9,7,2
12/31/2012 6:00,42,26,16
12/31/2012 7:00,64,48,16
12/31/2012 8:00,89,61,28
12/31/2012 9:00,70,38,32
12/31/2012 10:00,39,20,19
12/31/2012 11:00,36,21,15
12/31/2012 12:00,55,40,15
12/31/2012 13:00,48,27,21
12/31/2012 14:00,86,50,36
12/31/2012 15:00,81,38,43
12/31/2012 16:00,138,60,78
12/31/2012 17:00,92,41,51
12/31/2012 18:00,41,14,27
12/31/2012 19:00,28,20,8
12/31/2012 20:00,21,6,15
12/31/2012 21:00,6,5,1
12/31/2012 22:00,11,5,6
12/31/2012 23:00,12,7,5
1/1/2013 0:00,7,2,5
1/1/2013 1:00,21,9,12
1/1/2013 2:00,16,8,8
1/1/2013 3:00,6,2,4
1/1/2013 4:00,4,2,2
1/1/2013 5:00,3,1,2
1/1/2013 6:00,7,6,1
1/1/2013 7:00,3,1,2
1/1/2013 8:00,11,7,4
1/1/2013 9:00,14,9,5
1/1/2013 10:00,46,11,35
1/1/2013 11:00,62,33,29
1/1/2013 12:00,77,44,33
1/1/2013 13:00,112,48,64
1/1/2013 14:00,75,43,32
1/1/2013 15:00,78,46,32
1/1/2013 16:00,57,33,24
1/1/2013 17:00,30,18,12
1/1/2013 18:00,14,6,8
1/1/2013 19:00,12,8,4
1/1/2013 20:00,7,2,5
1/1/2013 21:00,5,2,3
1/1/2013 22:00,5,1,4
1/1/2013 23:00,6,2,4
1/2/2013 0:00,1,0,1
1/2/2013 1:00,1,1,0
1/2/2013 2:00,2,1,1
1/2/2013 3:00,1,0,1
1/2/2013 4:00,5,3,2
1/2/2013 5:00,21,13,8
1/2/2013 6:00,86,54,32
1/2/2013 7:00,157,115,42
1/2/2013 8:00,230,162,68
1/2/2013 9:00,144,96,48
1/2/2013 10:00,63,41,22
1/2/2013 11:00,51,32,19
1/2/2013 12:00,65,36,29
1/2/2013 13:00,45,23,22
1/2/2013 14:00,70,35,35
1/2/2013 15:00,104,56,48
1/2/2013 16:00,164,63,101
1/2/2013 17:00,299,78,221
1/2/2013 18:00,171,44,127
1/2/2013 19:00,72,24,48
1/2/2013 20:00,45,15,30
1/2/2013 21:00,21,3,18
1/2/2013 22:00,11,5,6
1/2/2013 23:00,6,4,2
1/3/2013 0:00,10,5,5
1/3/2013 1:00,3,2,1
1/3/2013 2:00,3,2,1
1/3/2013 3:00,1,0,1
1/3/2013 4:00,6,5,1
1/3/2013 5:00,20,11,9
1/3/2013 6:00,69,47,22
1/3/2013 7:00,149,108,41
1/3/2013 8:00,228,159,69
1/3/2013 9:00,138,84,54
1/3/2013 10:00,70,50,20
1/3/2013 11:00,56,29,27
1/3/2013 12:00,57,33,24
1/3/2013 13:00,59,26,33
1/3/2013 14:00,103,46,57
1/3/2013 15:00,104,44,60
1/3/2013 16:00,151,55,96
1/3/2013 17:00,252,76,176
1/3/2013 18:00,175,53,122
1/3/2013 19:00,69,24,45
1/3/2013 20:00,41,12,29
1/3/2013 21:00,16,6,10
1/3/2013 22:00,14,8,6
1/3/2013 23:00,9,5,4
1/4/2013 0:00,7,4,3
1/4/2013 1:00,2,1,1
1/4/2013 2:00,2,1,1
1/4/2013 3:00,2,1,1
1/4/2013 4:00,5,2,3
1/4/2013 5:00,13,9,4
1/4/2013 6:00,63,43,20
1/4/2013 7:00,138,98,40
1/4/2013 8:00,229,155,74
1/4/2013 9:00,125,85,40
1/4/2013 10:00,55,30,25
1/4/2013 11:00,56,33,23
1/4/2013 12:00,45,15,30
1/4/2013 13:00,63,32,31
1/4/2013 14:00,79,45,34
1/4/2013 15:00,89,39,50
1/4/2013 16:00,158,58,100
1/4/2013 17:00,245,74,171
1/4/2013 18:00,156,48,108
1/4/2013 19:00,79,21,58
1/4/2013 20:00,45,15,30
1/4/2013 21:00,28,14,14
1/4/2013 22:00,12,4,8
1/4/2013 23:00,16,9,7
1/5/2013 0:00,10,3,7
1/5/2013 1:00,1,1,0
1/5/2013 2:00,2,2,0
1/5/2013 3:00,2,2,0
1/5/2013 4:00,3,1,2
1/5/2013 5:00,8,4,4
1/5/2013 6:00,19,11,8
1/5/2013 7:00,13,5,8
1/5/2013 8:00,59,32,27
1/5/2013 9:00,34,18,16
1/5/2013 10:00,44,28,16
1/5/2013 11:00,51,29,22
1/5/2013 12:00,53,34,19
1/5/2013 13:00,73,43,30
1/5/2013 14:00,73,44,29
1/5/2013 15:00,84,44,40
1/5/2013 16:00,59,33,26
1/5/2013 17:00,41,26,15
1/5/2013 18:00,26,13,13
1/5/2013 19:00,16,7,9
1/5/2013 20:00,26,12,14
1/5/2013 21:00,7,6,1
1/5/2013 22:00,8,3,5
1/5/2013 23:00,7,2,5
1/6/2013 0:00,11,5,6
1/6/2013 1:00,9,4,5
1/6/2013 2:00,7,4,3
1/6/2013 3:00,1,1,0
1/6/2013 4:00,3,2,1
1/6/2013 5:00,4,2,2
1/6/2013 6:00,9,7,2
1/6/2013 7:00,13,6,7
1/6/2013 8:00,37,23,14
1/6/2013 9:00,43,25,18
1/6/2013 10:00,59,44,15
1/6/2013 11:00,105,62,43
1/6/2013 12:00,75,41,34
1/6/2013 13:00,96,52,44
1/6/2013 14:00,45,22,23
1/6/2013 15:00,42,28,14
1/6/2013 16:00,32,17,15
1/6/2013 17:00,35,16,19
1/6/2013 18:00,31,9,22
1/6/2013 19:00,15,8,7
1/6/2013 20:00,14,8,6
1/6/2013 21:00,12,6,6
1/6/2013 22:00,6,0,6
1/6/2013 23:00,2,0,2
1/7/2013 0:00,3,2,1
1/7/2013 1:00,3,1,2
1/7/2013 2:00,0,0,0
1/7/2013 3:00,0,0,0
1/7/2013 4:00,4,3,1
1/7/2013 5:00,23,15,8
1/7/2013 6:00,88,59,29
1/7/2013 7:00,188,133,55
1/7/2013 8:00,281,204,77
1/7/2013 9:00,150,100,50
1/7/2013 10:00,49,24,25
1/7/2013 11:00,41,25,16
1/7/2013 12:00,33,12,21
1/7/2013 13:00,42,22,20
1/7/2013 14:00,41,22,19
1/7/2013 15:00,84,32,52
1/7/2013 16:00,149,68,81
1/7/2013 17:00,313,105,208
1/7/2013 18:00,215,62,153
1/7/2013 19:00,89,41,48
1/7/2013 20:00,44,17,27
1/7/2013 21:00,23,11,12
1/7/2013 22:00,22,9,13
1/7/2013 23:00,8,1,7
1/8/2013 0:00,10,6,4
1/8/2013 1:00,2,2,0
1/8/2013 2:00,2,1,1
1/8/2013 3:00,2,1,1
1/8/2013 4:00,6,4,2
1/8/2013 5:00,25,15,10
1/8/2013 6:00,81,53,28
1/8/2013 7:00,200,141,59
1/8/2013 8:00,252,175,77
1/8/2013 9:00,108,58,50
1/8/2013 10:00,32,23,9
1/8/2013 11:00,30,14,16
1/8/2013 12:00,27,17,10
1/8/2013 13:00,30,17,13
1/8/2013 14:00,29,11,18
1/8/2013 15:00,57,24,33
1/8/2013 16:00,116,47,69
1/8/2013 17:00,269,75,194
1/8/2013 18:00,189,56,133
1/8/2013 19:00,48,17,31
1/8/2013 20:00,28,6,22
1/8/2013 21:00,15,8,7
1/8/2013 22:00,14,8,6
1/8/2013 23:00,6,2,4
1/9/2013 0:00,3,1,2
1/9/2013 1:00,0,0,0
1/9/2013 2:00,1,1,0
1/9/2013 3:00,2,1,1
1/9/2013 4:00,5,3,2
1/9/2013 5:00,13,11,2
1/9/2013 6:00,63,44,19
1/9/2013 7:00,105,76,29
1/9/2013 8:00,187,138,49
1/9/2013 9:00,103,63,40
1/9/2013 10:00,40,28,12
1/9/2013 11:00,24,14,10
1/9/2013 12:00,32,17,15
1/9/2013 13:00,27,19,8
1/9/2013 14:00,38,22,16
1/9/2013 15:00,58,27,31
1/9/2013 16:00,120,51,69
1/9/2013 17:00,216,74,142
1/9/2013 18:00,155,48,107
1/9/2013 19:00,74,22,52
1/9/2013 20:00,41,15,26
1/9/2013 21:00,17,7,10
1/9/2013 22:00,13,10,3
1/9/2013 23:00,10,5,5
1/10/2013 0:00,6,2,4
1/10/2013 1:00,5,4,1
1/10/2013 2:00,1,1,0
1/10/2013 3:00,0,0,0
1/10/2013 4:00,7,5,2
1/10/2013 5:00,12,10,2
1/10/2013 6:00,85,59,26
1/10/2013 7:00,163,111,52
1/10/2013 8:00,273,192,81
1/10/2013 9:00,159,102,57
1/10/2013 10:00,42,26,16
1/10/2013 11:00,46,23,23
1/10/2013 12:00,45,26,19
1/10/2013 13:00,38,23,15
1/10/2013 14:00,46,21,25
1/10/2013 15:00,62,28,34
1/10/2013 16:00,136,55,81
1/10/2013 17:00,278,98,180
1/10/2013 18:00,206,68,138
1/10/2013 19:00,83,31,52
1/10/2013 20:00,44,15,29
1/10/2013 21:00,28,8,20
1/10/2013 22:00,26,14,12
1/10/2013 23:00,19,13,6
1/11/2013 0:00,14,7,7
1/11/2013 1:00,12,8,4
1/11/2013 2:00,2,2,0
1/11/2013 3:00,0,0,0
1/11/2013 4:00,7,5,2
1/11/2013 5:00,11,6,5
1/11/2013 6:00,54,37,17
1/11/2013 7:00,113,77,36
1/11/2013 8:00,214,151,63
1/11/2013 9:00,138,88,50
1/11/2013 10:00,52,31,21
1/11/2013 11:00,48,31,17
1/11/2013 12:00,62,27,35
1/11/2013 13:00,54,31,23
1/11/2013 14:00,51,32,19
1/11/2013 15:00,91,42,49
1/11/2013 16:00,148,62,86
1/11/2013 17:00,206,67,139
1/11/2013 18:00,144,42,102
1/11/2013 19:00,65,20,45
1/11/2013 20:00,26,10,16
1/11/2013 21:00,17,10,7
1/11/2013 22:00,31,14,17
1/11/2013 23:00,10,4,6
1/12/2013 0:00,5,1,4
1/12/2013 1:00,5,2,3
1/12/2013 2:00,3,1,2
1/12/2013 3:00,1,1,0
1/12/2013 4:00,4,1,3
1/12/2013 5:00,5,3,2
1/12/2013 6:00,9,5,4
1/12/2013 7:00,12,6,6
1/12/2013 8:00,25,13,12
1/12/2013 9:00,35,19,16
1/12/2013 10:00,35,16,19
1/12/2013 11:00,54,29,25
1/12/2013 12:00,42,27,15
1/12/2013 13:00,80,37,43
1/12/2013 14:00,78,41,37
1/12/2013 15:00,80,42,38
1/12/2013 16:00,59,20,39
1/12/2013 17:00,40,28,12
1/12/2013 18:00,32,16,16
1/12/2013 19:00,25,10,15
1/12/2013 20:00,13,4,9
1/12/2013 21:00,6,3,3
1/12/2013 22:00,14,8,6
1/12/2013 23:00,15,8,7
1/13/2013 0:00,8,6,2
1/13/2013 1:00,6,4,2
1/13/2013 2:00,7,4,3
1/13/2013 3:00,0,0,0
1/13/2013 4:00,1,1,0
1/13/2013 5:00,2,0,2
1/13/2013 6:00,6,1,5
1/13/2013 7:00,12,8,4
1/13/2013 8:00,18,8,10
1/13/2013 9:00,23,17,6
1/13/2013 10:00,39,27,12
1/13/2013 11:00,32,13,19
1/13/2013 12:00,46,32,14
1/13/2013 13:00,59,38,21
1/13/2013 14:00,77,40,37
1/13/2013 15:00,71,47,24
1/13/2013 16:00,48,33,15
1/13/2013 17:00,33,18,15
1/13/2013 18:00,18,12,6
1/13/2013 19:00,16,10,6
1/13/2013 20:00,14,6,8
1/13/2013 21:00,12,4,8
1/13/2013 22:00,4,2,2
1/13/2013 23:00,7,4,3
1/14/2013 0:00,7,4,3
1/14/2013 1:00,2,1,1
1/14/2013 2:00,2,2,0
1/14/2013 3:00,3,2,1
1/14/2013 4:00,5,3,2
1/14/2013 5:00,19,13,6
1/14/2013 6:00,81,58,23
1/14/2013 7:00,152,106,46
1/14/2013 8:00,276,187,89
1/14/2013 9:00,148,100,48
1/14/2013 10:00,57,36,21
1/14/2013 11:00,51,25,26
1/14/2013 12:00,53,30,23
1/14/2013 13:00,41,18,23
1/14/2013 14:00,59,34,25
1/14/2013 15:00,74,28,46
1/14/2013 16:00,146,58,88
1/14/2013 17:00,283,87,196
1/14/2013 18:00,209,60,149
1/14/2013 19:00,91,30,61
1/14/2013 20:00,53,26,27
1/14/2013 21:00,26,12,14
1/14/2013 22:00,23,11,12
1/14/2013 23:00,8,3,5
1/15/2013 0:00,12,5,7
1/15/2013 1:00,1,0,1
1/15/2013 2:00,3,2,1
1/15/2013 3:00,3,2,1
1/15/2013 4:00,6,6,0
1/15/2013 5:00,16,8,8
1/15/2013 6:00,67,48,19
1/15/2013 7:00,202,150,52
1/15/2013 8:00,287,194,93
1/15/2013 9:00,171,109,62
1/15/2013 10:00,65,43,22
1/15/2013 11:00,43,30,13
1/15/2013 12:00,50,22,28
1/15/2013 13:00,63,30,33
1/15/2013 14:00,70,38,32
1/15/2013 15:00,106,47,59
1/15/2013 16:00,163,61,102
1/15/2013 17:00,308,115,193
1/15/2013 18:00,230,72,158
1/15/2013 19:00,90,35,55
1/15/2013 20:00,54,19,35
1/15/2013 21:00,33,16,17
1/15/2013 22:00,16,7,9
1/15/2013 23:00,7,6,1
1/16/2013 0:00,6,1,5
1/16/2013 1:00,2,2,0
1/16/2013 2:00,4,2,2
1/16/2013 3:00,4,2,2
1/16/2013 4:00,13,8,5
1/16/2013 5:00,15,12,3
1/16/2013 6:00,75,49,26
1/16/2013 7:00,165,119,46
1/16/2013 8:00,251,168,83
1/16/2013 9:00,154,98,56
1/16/2013 10:00,64,33,31
1/16/2013 11:00,51,25,26
1/16/2013 12:00,50,27,23
1/16/2013 13:00,55,26,29
1/16/2013 14:00,80,49,31
1/16/2013 15:00,95,55,40
1/16/2013 16:00,160,60,100
1/16/2013 17:00,288,86,202
1/16/2013 18:00,206,78,128
1/16/2013 19:00,85,21,64
1/16/2013 20:00,67,27,40
1/16/2013 21:00,24,6,18
1/16/2013 22:00,24,10,14
1/16/2013 23:00,12,6,6
1/17/2013 0:00,3,2,1
1/17/2013 1:00,3,1,2
1/17/2013 2:00,3,2,1
1/17/2013 3:00,2,1,1
1/17/2013 4:00,11,7,4
1/17/2013 5:00,15,13,2
1/17/2013 6:00,72,56,16
1/17/2013 7:00,164,120,44
1/17/2013 8:00,245,167,78
1/17/2013 9:00,134,84,50
1/17/2013 10:00,65,33,32
1/17/2013 11:00,47,22,25
1/17/2013 12:00,45,24,21
1/17/2013 13:00,55,23,32
1/17/2013 14:00,60,27,33
1/17/2013 15:00,71,26,45
1/17/2013 16:00,117,53,64
1/17/2013 17:00,278,74,204
1/17/2013 18:00,197,64,133
1/17/2013 19:00,88,37,51
1/17/2013 20:00,28,12,16
1/17/2013 21:00,30,14,16
1/17/2013 22:00,27,10,17
1/17/2013 23:00,17,11,6
1/18/2013 0:00,10,2,8
1/18/2013 1:00,6,1,5
1/18/2013 2:00,2,2,0
1/18/2013 3:00,2,2,0
1/18/2013 4:00,4,2,2
1/18/2013 5:00,7,4,3
1/18/2013 6:00,52,36,16
1/18/2013 7:00,137,91,46
1/18/2013 8:00,195,137,58
1/18/2013 9:00,139,81,58
1/18/2013 10:00,55,40,15
1/18/2013 11:00,53,31,22
1/18/2013 12:00,49,24,25
1/18/2013 13:00,55,25,30
1/18/2013 14:00,66,36,30
1/18/2013 15:00,66,29,37
1/18/2013 16:00,119,57,62
1/18/2013 17:00,245,87,158
1/18/2013 18:00,157,60,97
1/18/2013 19:00,70,23,47
1/18/2013 20:00,33,9,24
1/18/2013 21:00,21,13,8
1/18/2013 22:00,21,9,12
1/18/2013 23:00,21,9,12
1/19/2013 0:00,14,5,9
1/19/2013 1:00,8,2,6
1/19/2013 2:00,6,3,3
1/19/2013 3:00,2,2,0
1/19/2013 4:00,1,1,0
1/19/2013 5:00,5,4,1
1/19/2013 6:00,10,4,6
1/19/2013 7:00,19,13,6
1/19/2013 8:00,27,16,11
1/19/2013 9:00,37,20,17
1/19/2013 10:00,37,22,15
1/19/2013 11:00,64,34,30
1/19/2013 12:00,68,37,31
1/19/2013 13:00,77,42,35
1/19/2013 14:00,71,45,26
1/19/2013 15:00,79,51,28
1/19/2013 16:00,79,53,26
1/19/2013 17:00,46,18,28
1/19/2013 18:00,26,9,17
1/19/2013 19:00,21,12,9
1/19/2013 20:00,24,9,15
1/19/2013 21:00,15,6,9
1/19/2013 22:00,14,9,5
1/19/2013 23:00,10,4,6
1/20/2013 0:00,11,3,8
1/20/2013 1:00,11,5,6
1/20/2013 2:00,7,5,2
1/20/2013 3:00,0,0,0
1/20/2013 4:00,5,1,4
1/20/2013 5:00,1,1,0
1/20/2013 6:00,8,3,5
1/20/2013 7:00,16,9,7
1/20/2013 8:00,26,18,8
1/20/2013 9:00,31,15,16
1/20/2013 10:00,40,24,16
1/20/2013 11:00,61,33,28
1/20/2013 12:00,74,50,24
1/20/2013 13:00,79,52,27
1/20/2013 14:00,92,60,32
1/20/2013 15:00,95,54,41
1/20/2013 16:00,87,47,40
1/20/2013 17:00,50,24,26
1/20/2013 18:00,22,11,11
1/20/2013 19:00,24,15,9
1/20/2013 20:00,18,12,6
1/20/2013 21:00,10,4,6
1/20/2013 22:00,17,11,6
1/20/2013 23:00,16,10,6
1/21/2013 0:00,7,4,3
1/21/2013 1:00,1,1,0
1/21/2013 2:00,6,2,4
1/21/2013 3:00,2,1,1
1/21/2013 4:00,5,4,1
1/21/2013 5:00,10,8,2
1/21/2013 6:00,32,22,10
1/21/2013 7:00,90,56,34
1/21/2013 8:00,134,90,44
1/21/2013 9:00,102,63,39
1/21/2013 10:00,48,27,21
1/21/2013 11:00,38,23,15
1/21/2013 12:00,65,36,29
1/21/2013 13:00,48,31,17
1/21/2013 14:00,64,29,35
1/21/2013 15:00,57,41,16
1/21/2013 16:00,113,50,63
1/21/2013 17:00,162,51,111
1/21/2013 18:00,120,39,81
1/21/2013 19:00,71,27,44
1/21/2013 20:00,34,13,21
1/21/2013 21:00,21,9,12
1/21/2013 22:00,27,10,17
1/21/2013 23:00,19,7,12
1/22/2013 0:00,6,4,2
1/22/2013 1:00,2,0,2
1/22/2013 2:00,4,1,3
1/22/2013 3:00,1,0,1
1/22/2013 4:00,5,4,1
1/22/2013 5:00,20,15,5
1/22/2013 6:00,84,63,21
1/22/2013 7:00,195,144,51
1/22/2013 8:00,261,171,90
1/22/2013 9:00,147,84,63
1/22/2013 10:00,62,40,22
1/22/2013 11:00,52,31,21
1/22/2013 12:00,49,27,22
1/22/2013 13:00,59,26,33
1/22/2013 14:00,62,26,36
1/22/2013 15:00,95,37,58
1/22/2013 16:00,146,72,74
1/22/2013 17:00,317,100,217
1/22/2013 18:00,217,62,155
1/22/2013 19:00,82,31,51
1/22/2013 20:00,38,16,22
1/22/2013 21:00,29,17,12
1/22/2013 22:00,19,6,13
1/22/2013 23:00,13,7,6
1/23/2013 0:00,6,3,3
1/23/2013 1:00,3,3,0
1/23/2013 2:00,3,2,1
1/23/2013 3:00,2,1,1
1/23/2013 4:00,10,7,3
1/23/2013 5:00,29,23,6
1/23/2013 6:00,84,63,21
1/23/2013 7:00,190,122,68
1/23/2013 8:00,281,193,88
1/23/2013 9:00,160,101,59
1/23/2013 10:00,56,38,18
1/23/2013 11:00,27,13,14
1/23/2013 12:00,27,15,12
1/23/2013 13:00,35,17,18
1/23/2013 14:00,38,23,15
1/23/2013 15:00,55,24,31
1/23/2013 16:00,112,44,68
1/23/2013 17:00,286,81,205
1/23/2013 18:00,183,58,125
1/23/2013 19:00,75,23,52
1/23/2013 20:00,57,22,35
1/23/2013 21:00,18,6,12
1/23/2013 22:00,18,9,9
1/23/2013 23:00,12,5,7
1/24/2013 0:00,5,4,1
1/24/2013 1:00,4,3,1
1/24/2013 2:00,3,2,1
1/24/2013 3:00,3,2,1
1/24/2013 4:00,7,6,1
1/24/2013 5:00,18,12,6
1/24/2013 6:00,98,72,26
1/24/2013 7:00,173,128,45
1/24/2013 8:00,268,179,89
1/24/2013 9:00,163,101,62
1/24/2013 10:00,72,39,33
1/24/2013 11:00,57,28,29
1/24/2013 12:00,68,43,25
1/24/2013 13:00,54,23,31
1/24/2013 14:00,66,36,30
1/24/2013 15:00,92,46,46
1/24/2013 16:00,125,45,80
1/24/2013 17:00,283,85,198
1/24/2013 18:00,190,67,123
1/24/2013 19:00,93,40,53
1/24/2013 20:00,54,17,37
1/24/2013 21:00,26,12,14
1/24/2013 22:00,20,6,14
1/24/2013 23:00,13,7,6
1/25/2013 0:00,6,3,3
1/25/2013 1:00,3,3,0
1/25/2013 2:00,4,2,2
1/25/2013 3:00,0,0,0
1/25/2013 4:00,5,5,0
1/25/2013 5:00,18,12,6
1/25/2013 6:00,89,58,31
1/25/2013 7:00,144,99,45
1/25/2013 8:00,248,164,84
1/25/2013 9:00,135,82,53
1/25/2013 10:00,54,34,20
1/25/2013 11:00,37,21,16
1/25/2013 12:00,54,34,20
1/25/2013 13:00,53,23,30
1/25/2013 14:00,62,26,36
1/25/2013 15:00,112,48,64
1/25/2013 16:00,194,80,114
1/25/2013 17:00,287,95,192
1/25/2013 18:00,162,53,109
1/25/2013 19:00,67,22,45
1/25/2013 20:00,54,20,34
1/25/2013 21:00,27,15,12
1/25/2013 22:00,22,8,14
1/25/2013 23:00,24,18,6
1/26/2013 0:00,18,9,9
1/26/2013 1:00,7,5,2
1/26/2013 2:00,8,1,7
1/26/2013 3:00,4,4,0
1/26/2013 4:00,2,0,2
1/26/2013 5:00,7,5,2
1/26/2013 6:00,13,5,8
1/26/2013 7:00,11,10,1
1/26/2013 8:00,19,12,7
1/26/2013 9:00,32,15,17
1/26/2013 10:00,35,17,18
1/26/2013 11:00,46,16,30
1/26/2013 12:00,42,20,22
1/26/2013 13:00,46,31,15
1/26/2013 14:00,34,16,18
1/26/2013 15:00,45,23,22
1/26/2013 16:00,47,31,16
1/26/2013 17:00,30,17,13
1/26/2013 18:00,27,13,14
1/26/2013 19:00,15,5,10
1/26/2013 20:00,17,11,6
1/26/2013 21:00,16,6,10
1/26/2013 22:00,9,5,4
1/26/2013 23:00,14,9,5
1/27/2013 0:00,10,3,7
1/27/2013 1:00,12,10,2
1/27/2013 2:00,2,1,1
1/27/2013 3:00,1,0,1
1/27/2013 4:00,1,1,0
1/27/2013 5:00,2,1,1
1/27/2013 6:00,12,3,9
1/27/2013 7:00,17,10,7
1/27/2013 8:00,27,17,10
1/27/2013 9:00,48,27,21
1/27/2013 10:00,66,33,33
1/27/2013 11:00,69,49,20
1/27/2013 12:00,59,39,20
1/27/2013 13:00,43,20,23
1/27/2013 14:00,59,39,20
1/27/2013 15:00,50,26,24
1/27/2013 16:00,52,28,24
1/27/2013 17:00,26,14,12
1/27/2013 18:00,24,12,12
1/27/2013 19:00,18,4,14
1/27/2013 20:00,14,5,9
1/27/2013 21:00,12,7,5
1/27/2013 22:00,9,3,6
1/27/2013 23:00,10,6,4
1/28/2013 0:00,5,5,0
1/28/2013 1:00,2,2,0
1/28/2013 2:00,2,1,1
1/28/2013 3:00,1,0,1
1/28/2013 4:00,3,2,1
1/28/2013 5:00,20,17,3
1/28/2013 6:00,97,71,26
1/28/2013 7:00,177,136,41
1/28/2013 8:00,268,181,87
1/28/2013 9:00,137,84,53
1/28/2013 10:00,44,26,18
1/28/2013 11:00,44,25,19
1/28/2013 12:00,38,19,19
1/28/2013 13:00,34,14,20
1/28/2013 14:00,31,13,18
1/28/2013 15:00,55,22,33
1/28/2013 16:00,151,62,89
1/28/2013 17:00,272,80,192
1/28/2013 18:00,185,61,124
1/28/2013 19:00,70,28,42
1/28/2013 20:00,35,10,25
1/28/2013 21:00,17,5,12
1/28/2013 22:00,15,9,6
1/28/2013 23:00,5,4,1
1/29/2013 0:00,6,5,1
1/29/2013 1:00,2,1,1
1/29/2013 2:00,2,2,0
1/29/2013 3:00,4,2,2
1/29/2013 4:00,8,6,2
1/29/2013 5:00,21,16,5
1/29/2013 6:00,83,62,21
1/29/2013 7:00,189,130,59
1/29/2013 8:00,251,175,76
1/29/2013 9:00,142,89,53
1/29/2013 10:00,48,39,9
1/29/2013 11:00,46,33,13
1/29/2013 12:00,52,28,24
1/29/2013 13:00,41,24,17
1/29/2013 14:00,43,22,21
1/29/2013 15:00,59,24,35
1/29/2013 16:00,133,46,87
1/29/2013 17:00,286,88,198
1/29/2013 18:00,191,53,138
1/29/2013 19:00,88,27,61
1/29/2013 20:00,40,17,23
1/29/2013 21:00,26,9,17
1/29/2013 22:00,18,8,10
1/29/2013 23:00,10,4,6
1/30/2013 0:00,4,3,1
1/30/2013 1:00,0,0,0
1/30/2013 2:00,4,4,0
1/30/2013 3:00,2,2,0
1/30/2013 4:00,11,8,3
1/30/2013 5:00,22,15,7
1/30/2013 6:00,72,42,30
1/30/2013 7:00,174,120,54
1/30/2013 8:00,259,186,73
1/30/2013 9:00,135,83,52
1/30/2013 10:00,56,38,18
1/30/2013 11:00,35,22,13
1/30/2013 12:00,43,20,23
1/30/2013 13:00,31,20,11
1/30/2013 14:00,50,24,26
1/30/2013 15:00,56,30,26
1/30/2013 16:00,127,53,74
1/30/2013 17:00,286,84,202
1/30/2013 18:00,192,49,143
1/30/2013 19:00,87,25,62
1/30/2013 20:00,53,23,30
1/30/2013 21:00,29,7,22
1/30/2013 22:00,17,9,8
1/30/2013 23:00,15,6,9
1/31/2013 0:00,5,4,1
1/31/2013 1:00,3,2,1
1/31/2013 2:00,2,2,0
1/31/2013 3:00,1,1,0
1/31/2013 4:00,7,6,1
1/31/2013 5:00,25,14,11
1/31/2013 6:00,85,59,26
1/31/2013 7:00,177,128,49
1/31/2013 8:00,271,184,87
1/31/2013 9:00,160,104,56
1/31/2013 10:00,39,27,12
1/31/2013 11:00,45,28,17
1/31/2013 12:00,47,32,15
1/31/2013 13:00,54,30,24
1/31/2013 14:00,61,32,29
1/31/2013 15:00,61,32,29
1/31/2013 16:00,141,49,92
1/31/2013 17:00,310,95,215
1/31/2013 18:00,177,67,110
1/31/2013 19:00,114,35,79
1/31/2013 20:00,67,15,52
1/31/2013 21:00,30,8,22
1/31/2013 22:00,24,12,12
1/31/2013 23:00,15,8,7
2/1/2013 0:00,12,4,8
2/1/2013 1:00,4,4,0
2/1/2013 2:00,3,3,0
2/1/2013 3:00,0,0,0
2/1/2013 4:00,6,4,2
2/1/2013 5:00,15,12,3
2/1/2013 6:00,74,53,21
2/1/2013 7:00,195,142,53
2/1/2013 8:00,261,189,72
2/1/2013 9:00,154,96,58
2/1/2013 10:00,92,58,34
2/1/2013 11:00,58,27,31
2/1/2013 12:00,71,36,35
2/1/2013 13:00,74,34,40
2/1/2013 14:00,96,53,43
2/1/2013 15:00,131,72,59
2/1/2013 16:00,182,73,109
2/1/2013 17:00,301,94,207
2/1/2013 18:00,190,72,118
2/1/2013 19:00,82,31,51
2/1/2013 20:00,43,12,31
2/1/2013 21:00,15,5,10
2/1/2013 22:00,27,7,20
2/1/2013 23:00,22,11,11
2/2/2013 0:00,16,7,9
2/2/2013 1:00,12,5,7
2/2/2013 2:00,7,3,4
2/2/2013 3:00,2,2,0
2/2/2013 4:00,1,0,1
2/2/2013 5:00,3,2,1
2/2/2013 6:00,15,7,8
2/2/2013 7:00,24,17,7
2/2/2013 8:00,56,28,28
2/2/2013 9:00,58,32,26
2/2/2013 10:00,58,40,18
2/2/2013 11:00,113,67,46
2/2/2013 12:00,109,69,40
2/2/2013 13:00,104,66,38
2/2/2013 14:00,122,63,59
2/2/2013 15:00,122,70,52
2/2/2013 16:00,119,75,44
2/2/2013 17:00,68,30,38
2/2/2013 18:00,40,21,19
2/2/2013 19:00,27,9,18
2/2/2013 20:00,21,15,6
2/2/2013 21:00,17,9,8
2/2/2013 22:00,9,4,5
2/2/2013 23:00,10,4,6
2/3/2013 0:00,14,3,11
2/3/2013 1:00,9,4,5
2/3/2013 2:00,7,3,4
2/3/2013 3:00,0,0,0
2/3/2013 4:00,3,2,1
2/3/2013 5:00,3,3,0
2/3/2013 6:00,13,7,6
2/3/2013 7:00,14,7,7
2/3/2013 8:00,28,16,12
2/3/2013 9:00,46,24,22
2/3/2013 10:00,92,62,30
2/3/2013 11:00,71,43,28
2/3/2013 12:00,90,48,42
2/3/2013 13:00,94,44,50
2/3/2013 14:00,85,43,42
2/3/2013 15:00,90,62,28
2/3/2013 16:00,53,21,32
2/3/2013 17:00,43,25,18
2/3/2013 18:00,25,12,13
2/3/2013 19:00,18,9,9
2/3/2013 20:00,26,17,9
2/3/2013 21:00,21,11,10
2/3/2013 22:00,13,7,6
2/3/2013 23:00,10,4,6
2/4/2013 0:00,4,2,2
2/4/2013 1:00,4,2,2
2/4/2013 2:00,3,2,1
2/4/2013 3:00,1,1,0
2/4/2013 4:00,6,4,2
2/4/2013 5:00,24,19,5
2/4/2013 6:00,114,82,32
2/4/2013 7:00,210,152,58
2/4/2013 8:00,316,214,102
2/4/2013 9:00,197,123,74
2/4/2013 10:00,67,36,31
2/4/2013 11:00,51,26,25
2/4/2013 12:00,60,29,31
2/4/2013 13:00,46,26,20
2/4/2013 14:00,69,39,30
2/4/2013 15:00,99,56,43
2/4/2013 16:00,170,74,96
2/4/2013 17:00,378,123,255
2/4/2013 18:00,252,83,169
2/4/2013 19:00,107,42,65
2/4/2013 20:00,43,13,30
2/4/2013 21:00,39,16,23
2/4/2013 22:00,17,7,10
2/4/2013 23:00,11,3,8
2/5/2013 0:00,8,3,5
2/5/2013 1:00,4,1,3
2/5/2013 2:00,3,2,1
2/5/2013 3:00,3,2,1
2/5/2013 4:00,6,4,2
2/5/2013 5:00,19,13,6
2/5/2013 6:00,87,57,30
2/5/2013 7:00,192,148,44
2/5/2013 8:00,305,217,88
2/5/2013 9:00,171,108,63
2/5/2013 10:00,62,39,23
2/5/2013 11:00,55,36,19
2/5/2013 12:00,47,28,19
2/5/2013 13:00,56,26,30
2/5/2013 14:00,70,40,30
2/5/2013 15:00,59,28,31
2/5/2013 16:00,126,48,78
2/5/2013 17:00,306,82,224
2/5/2013 18:00,227,67,160
2/5/2013 19:00,86,33,53
2/5/2013 20:00,50,18,32
2/5/2013 21:00,31,15,16
2/5/2013 22:00,23,8,15
2/5/2013 23:00,16,7,9
2/6/2013 0:00,7,4,3
2/6/2013 1:00,4,0,4
2/6/2013 2:00,2,2,0
2/6/2013 3:00,1,1,0
2/6/2013 4:00,7,5,2
2/6/2013 5:00,26,19,7
2/6/2013 6:00,91,67,24
2/6/2013 7:00,192,125,67
2/6/2013 8:00,285,192,93
2/6/2013 9:00,155,100,55
2/6/2013 10:00,54,33,21
2/6/2013 11:00,65,34,31
2/6/2013 12:00,62,31,31
2/6/2013 13:00,48,29,19
2/6/2013 14:00,68,43,25
2/6/2013 15:00,75,32,43
2/6/2013 16:00,155,56,99
2/6/2013 17:00,293,91,202
2/6/2013 18:00,196,74,122
2/6/2013 19:00,87,36,51
2/6/2013 20:00,59,17,42
2/6/2013 21:00,30,12,18
2/6/2013 22:00,20,9,11
2/6/2013 23:00,13,4,9
2/7/2013 0:00,6,2,4
2/7/2013 1:00,6,5,1
2/7/2013 2:00,2,2,0
2/7/2013 3:00,0,0,0
2/7/2013 4:00,6,4,2
2/7/2013 5:00,17,12,5
2/7/2013 6:00,68,47,21
2/7/2013 7:00,196,144,52
2/7/2013 8:00,278,186,92
2/7/2013 9:00,160,100,60
2/7/2013 10:00,59,33,26
2/7/2013 11:00,64,38,26
2/7/2013 12:00,60,37,23
2/7/2013 13:00,69,39,30
2/7/2013 14:00,104,48,56
2/7/2013 15:00,104,49,55
2/7/2013 16:00,179,83,96
2/7/2013 17:00,324,120,204
2/7/2013 18:00,223,79,144
2/7/2013 19:00,96,29,67
2/7/2013 20:00,62,22,40
2/7/2013 21:00,55,14,41
2/7/2013 22:00,32,15,17
2/7/2013 23:00,17,7,10
2/8/2013 0:00,13,4,9
2/8/2013 1:00,6,3,3
2/8/2013 2:00,3,2,1
2/8/2013 3:00,0,0,0
2/8/2013 4:00,4,0,4
2/8/2013 5:00,12,6,6
2/8/2013 6:00,93,63,30
2/8/2013 7:00,205,145,60
2/8/2013 8:00,295,215,80
2/8/2013 9:00,174,107,67
2/8/2013 10:00,68,49,19
2/8/2013 11:00,62,36,26
2/8/2013 12:00,68,38,30
2/8/2013 13:00,90,39,51
2/8/2013 14:00,87,46,41
2/8/2013 15:00,95,44,51
2/8/2013 16:00,196,79,117
2/8/2013 17:00,323,105,218
2/8/2013 18:00,187,59,128
2/8/2013 19:00,67,24,43
2/8/2013 20:00,38,19,19
2/8/2013 21:00,33,13,20
2/8/2013 22:00,20,12,8
2/8/2013 23:00,22,11,11
2/9/2013 0:00,17,7,10
2/9/2013 1:00,9,3,6
2/9/2013 2:00,6,2,4
2/9/2013 3:00,1,1,0
2/9/2013 4:00,3,0,3
2/9/2013 5:00,4,3,1
2/9/2013 6:00,16,6,10
2/9/2013 7:00,24,16,8
2/9/2013 8:00,56,26,30
2/9/2013 9:00,65,38,27
2/9/2013 10:00,87,61,26
2/9/2013 11:00,96,63,33
2/9/2013 12:00,104,61,43
2/9/2013 13:00,113,66,47
2/9/2013 14:00,135,73,62
2/9/2013 15:00,106,61,45
2/9/2013 16:00,76,39,37
2/9/2013 17:00,69,37,32
2/9/2013 18:00,29,12,17
2/9/2013 19:00,32,14,18
2/9/2013 20:00,24,15,9
2/9/2013 21:00,13,8,5
2/9/2013 22:00,18,10,8
2/9/2013 23:00,11,5,6
2/10/2013 0:00,13,7,6
2/10/2013 1:00,2,2,0
2/10/2013 2:00,3,2,1
2/10/2013 3:00,4,3,1
2/10/2013 4:00,4,2,2
2/10/2013 5:00,3,3,0
2/10/2013 6:00,10,5,5
2/10/2013 7:00,18,6,12
2/10/2013 8:00,44,27,17
2/10/2013 9:00,74,48,26
2/10/2013 10:00,83,45,38
2/10/2013 11:00,102,55,47
2/10/2013 12:00,149,97,52
2/10/2013 13:00,164,88,76
2/10/2013 14:00,206,113,93
2/10/2013 15:00,147,80,67
2/10/2013 16:00,106,66,40
2/10/2013 17:00,66,31,35
2/10/2013 18:00,39,19,20
2/10/2013 19:00,21,13,8
2/10/2013 20:00,15,6,9
2/10/2013 21:00,16,7,9
2/10/2013 22:00,11,8,3
2/10/2013 23:00,12,2,10
2/11/2013 0:00,6,4,2
2/11/2013 1:00,3,1,2
2/11/2013 2:00,1,1,0
2/11/2013 3:00,0,0,0
2/11/2013 4:00,10,7,3
2/11/2013 5:00,17,14,3
2/11/2013 6:00,100,63,37
2/11/2013 7:00,237,164,73
2/11/2013 8:00,286,194,92
2/11/2013 9:00,149,102,47
2/11/2013 10:00,64,34,30
2/11/2013 11:00,38,20,18
2/11/2013 12:00,58,34,24
2/11/2013 13:00,42,16,26
2/11/2013 14:00,61,32,29
2/11/2013 15:00,91,44,47
2/11/2013 16:00,179,85,94
2/11/2013 17:00,334,93,241
2/11/2013 18:00,259,87,172
2/11/2013 19:00,87,33,54
2/11/2013 20:00,54,23,31
2/11/2013 21:00,37,12,25
2/11/2013 22:00,22,9,13
2/11/2013 23:00,10,4,6
2/12/2013 0:00,8,5,3
2/12/2013 1:00,4,4,0
2/12/2013 2:00,0,0,0
2/12/2013 3:00,3,2,1
2/12/2013 4:00,8,5,3
2/12/2013 5:00,22,17,5
2/12/2013 6:00,97,69,28
2/12/2013 7:00,220,163,57
2/12/2013 8:00,323,221,102
2/12/2013 9:00,162,105,57
2/12/2013 10:00,56,26,30
2/12/2013 11:00,43,20,23
2/12/2013 12:00,34,17,17
2/12/2013 13:00,45,20,25
2/12/2013 14:00,54,26,28
2/12/2013 15:00,67,29,38
2/12/2013 16:00,153,61,92
2/12/2013 17:00,336,99,237
2/12/2013 18:00,229,83,146
2/12/2013 19:00,114,50,64
2/12/2013 20:00,54,26,28
2/12/2013 21:00,29,13,16
2/12/2013 22:00,25,9,16
2/12/2013 23:00,19,12,7
2/13/2013 0:00,7,3,4
2/13/2013 1:00,3,2,1
2/13/2013 2:00,1,0,1
2/13/2013 3:00,1,1,0
2/13/2013 4:00,11,9,2
2/13/2013 5:00,18,12,6
2/13/2013 6:00,83,61,22
2/13/2013 7:00,204,148,56
2/13/2013 8:00,292,198,94
2/13/2013 9:00,152,95,57
2/13/2013 10:00,59,31,28
2/13/2013 11:00,55,34,21
2/13/2013 12:00,51,35,16
2/13/2013 13:00,40,21,19
2/13/2013 14:00,49,25,24
2/13/2013 15:00,86,42,44
2/13/2013 16:00,166,71,95
2/13/2013 17:00,334,104,230
2/13/2013 18:00,209,69,140
2/13/2013 19:00,91,36,55
2/13/2013 20:00,68,21,47
2/13/2013 21:00,42,16,26
2/13/2013 22:00,24,10,14
2/13/2013 23:00,20,6,14
2/14/2013 0:00,5,1,4
2/14/2013 1:00,4,4,0
2/14/2013 2:00,2,2,0
2/14/2013 3:00,0,0,0
2/14/2013 4:00,6,5,1
2/14/2013 5:00,18,11,7
2/14/2013 6:00,93,58,35
2/14/2013 7:00,160,113,47
2/14/2013 8:00,255,176,79
2/14/2013 9:00,135,79,56
2/14/2013 10:00,46,26,20
2/14/2013 11:00,45,23,22
2/14/2013 12:00,54,30,24
2/14/2013 13:00,48,32,16
2/14/2013 14:00,64,31,33
2/14/2013 15:00,89,56,33
2/14/2013 16:00,142,59,83
2/14/2013 17:00,284,97,187
2/14/2013 18:00,210,74,136
2/14/2013 19:00,83,27,56
2/14/2013 20:00,53,21,32
2/14/2013 21:00,24,12,12
2/14/2013 22:00,29,18,11
2/14/2013 23:00,35,25,10
2/15/2013 0:00,11,5,6
2/15/2013 1:00,10,7,3
2/15/2013 2:00,2,2,0
2/15/2013 3:00,4,2,2
2/15/2013 4:00,5,3,2
2/15/2013 5:00,11,8,3
2/15/2013 6:00,79,53,26
2/15/2013 7:00,170,118,52
2/15/2013 8:00,255,177,78
2/15/2013 9:00,162,103,59
2/15/2013 10:00,84,56,28
2/15/2013 11:00,61,34,27
2/15/2013 12:00,86,45,41
2/15/2013 13:00,100,59,41
2/15/2013 14:00,133,76,57
2/15/2013 15:00,165,90,75
2/15/2013 16:00,249,96,153
2/15/2013 17:00,325,118,207
2/15/2013 18:00,207,84,123
2/15/2013 19:00,71,17,54
2/15/2013 20:00,50,28,22
2/15/2013 21:00,29,9,20
2/15/2013 22:00,19,9,10
2/15/2013 23:00,16,7,9
2/16/2013 0:00,21,11,10
2/16/2013 1:00,4,0,4
2/16/2013 2:00,7,3,4
2/16/2013 3:00,9,6,3
2/16/2013 4:00,3,2,1
2/16/2013 5:00,6,4,2
2/16/2013 6:00,10,7,3
2/16/2013 7:00,28,18,10
2/16/2013 8:00,39,21,18
2/16/2013 9:00,60,39,21
2/16/2013 10:00,55,40,15
2/16/2013 11:00,65,40,25
2/16/2013 12:00,92,45,47
2/16/2013 13:00,120,55,65
2/16/2013 14:00,121,73,48
2/16/2013 15:00,117,73,44
2/16/2013 16:00,67,30,37
2/16/2013 17:00,59,34,25
2/16/2013 18:00,56,29,27
2/16/2013 19:00,19,11,8
2/16/2013 20:00,23,11,12
2/16/2013 21:00,19,11,8
2/16/2013 22:00,5,3,2
2/16/2013 23:00,12,7,5
2/17/2013 0:00,14,6,8
2/17/2013 1:00,5,3,2
2/17/2013 2:00,7,3,4
2/17/2013 3:00,10,3,7
2/17/2013 4:00,2,1,1
2/17/2013 5:00,3,2,1
2/17/2013 6:00,6,1,5
2/17/2013 7:00,20,13,7
2/17/2013 8:00,26,7,19
2/17/2013 9:00,55,31,24
2/17/2013 10:00,50,25,25
2/17/2013 11:00,50,30,20
2/17/2013 12:00,62,37,25
2/17/2013 13:00,83,46,37
2/17/2013 14:00,94,56,38
2/17/2013 15:00,98,60,38
2/17/2013 16:00,92,49,43
2/17/2013 17:00,68,29,39
2/17/2013 18:00,41,24,17
2/17/2013 19:00,28,15,13
2/17/2013 20:00,18,12,6
2/17/2013 21:00,13,7,6
2/17/2013 22:00,15,7,8
2/17/2013 23:00,9,4,5
2/18/2013 0:00,7,3,4
2/18/2013 1:00,3,1,2
2/18/2013 2:00,5,2,3
2/18/2013 3:00,3,2,1
2/18/2013 4:00,4,3,1
2/18/2013 5:00,11,8,3
2/18/2013 6:00,37,20,17
2/18/2013 7:00,95,68,27
2/18/2013 8:00,140,98,42
2/18/2013 9:00,111,59,52
2/18/2013 10:00,76,43,33
2/18/2013 11:00,72,42,30
2/18/2013 12:00,78,47,31
2/18/2013 13:00,83,40,43
2/18/2013 14:00,94,52,42
2/18/2013 15:00,111,50,61
2/18/2013 16:00,139,78,61
2/18/2013 17:00,169,50,119
2/18/2013 18:00,107,40,67
2/18/2013 19:00,67,23,44
2/18/2013 20:00,28,11,17
2/18/2013 21:00,12,6,6
2/18/2013 22:00,20,8,12
2/18/2013 23:00,9,4,5
2/19/2013 0:00,4,1,3
2/19/2013 1:00,3,0,3
2/19/2013 2:00,1,1,0
2/19/2013 3:00,2,0,2
2/19/2013 4:00,5,3,2
2/19/2013 5:00,21,14,7
2/19/2013 6:00,97,72,25
2/19/2013 7:00,234,168,66
2/19/2013 8:00,341,241,100
2/19/2013 9:00,197,127,70
2/19/2013 10:00,79,47,32
2/19/2013 11:00,58,28,30
2/19/2013 12:00,83,53,30
2/19/2013 13:00,89,50,39
2/19/2013 14:00,101,52,49
2/19/2013 15:00,106,50,56
2/19/2013 16:00,220,104,116
2/19/2013 17:00,399,124,275
2/19/2013 18:00,285,95,190
2/19/2013 19:00,120,44,76
2/19/2013 20:00,47,24,23
2/19/2013 21:00,41,17,24
2/19/2013 22:00,28,11,17
2/19/2013 23:00,25,7,18
2/20/2013 0:00,8,4,4
2/20/2013 1:00,1,0,1
2/20/2013 2:00,2,2,0
2/20/2013 3:00,1,0,1
2/20/2013 4:00,9,8,1
2/20/2013 5:00,24,21,3
2/20/2013 6:00,107,82,25
2/20/2013 7:00,220,159,61
2/20/2013 8:00,320,220,100
2/20/2013 9:00,187,130,57
2/20/2013 10:00,73,40,33
2/20/2013 11:00,56,36,20
2/20/2013 12:00,69,38,31
2/20/2013 13:00,60,28,32
2/20/2013 14:00,73,38,35
2/20/2013 15:00,77,31,46
2/20/2013 16:00,153,61,92
2/20/2013 17:00,330,101,229
2/20/2013 18:00,229,66,163
2/20/2013 19:00,77,25,52
2/20/2013 20:00,54,12,42
2/20/2013 21:00,44,20,24
2/20/2013 22:00,26,11,15
2/20/2013 23:00,17,9,8
2/21/2013 0:00,4,1,3
2/21/2013 1:00,0,0,0
2/21/2013 2:00,2,1,1
2/21/2013 3:00,1,1,0
2/21/2013 4:00,5,5,0
2/21/2013 5:00,19,12,7
2/21/2013 6:00,93,67,26
2/21/2013 7:00,171,119,52
2/21/2013 8:00,253,171,82
2/21/2013 9:00,145,92,53
2/21/2013 10:00,55,33,22
2/21/2013 11:00,48,24,24
2/21/2013 12:00,37,17,20
2/21/2013 13:00,44,25,19
2/21/2013 14:00,57,28,29
2/21/2013 15:00,73,32,41
2/21/2013 16:00,138,46,92
2/21/2013 17:00,310,102,208
2/21/2013 18:00,213,84,129
2/21/2013 19:00,93,35,58
2/21/2013 20:00,59,24,35
2/21/2013 21:00,24,8,16
2/21/2013 22:00,35,18,17
2/21/2013 23:00,12,7,5
2/22/2013 0:00,6,2,4
2/22/2013 1:00,3,0,3
2/22/2013 2:00,4,3,1
2/22/2013 3:00,2,1,1
2/22/2013 4:00,5,3,2
2/22/2013 5:00,16,10,6
2/22/2013 6:00,80,50,30
2/22/2013 7:00,131,100,31
2/22/2013 8:00,206,138,68
2/22/2013 9:00,102,68,34
2/22/2013 10:00,35,21,14
2/22/2013 11:00,20,15,5
2/22/2013 12:00,29,11,18
2/22/2013 13:00,29,12,17
2/22/2013 14:00,40,15,25
2/22/2013 15:00,58,27,31
2/22/2013 16:00,117,43,74
2/22/2013 17:00,204,64,140
2/22/2013 18:00,128,39,89
2/22/2013 19:00,66,22,44
2/22/2013 20:00,25,6,19
2/22/2013 21:00,21,6,15
2/22/2013 22:00,14,6,8
2/22/2013 23:00,19,8,11
2/23/2013 0:00,10,3,7
2/23/2013 1:00,3,1,2
2/23/2013 2:00,2,0,2
2/23/2013 3:00,7,5,2
2/23/2013 4:00,1,0,1
2/23/2013 5:00,4,4,0
2/23/2013 6:00,16,4,12
2/23/2013 7:00,30,17,13
2/23/2013 8:00,42,14,28
2/23/2013 9:00,47,18,29
2/23/2013 10:00,61,32,29
2/23/2013 11:00,91,55,36
2/23/2013 12:00,114,51,63
2/23/2013 13:00,101,58,43
2/23/2013 14:00,129,74,55
2/23/2013 15:00,117,70,47
2/23/2013 16:00,100,62,38
2/23/2013 17:00,71,40,31
2/23/2013 18:00,55,31,24
2/23/2013 19:00,36,19,17
2/23/2013 20:00,34,12,22
2/23/2013 21:00,27,15,12
2/23/2013 22:00,13,6,7
2/23/2013 23:00,15,12,3
2/24/2013 0:00,22,12,10
2/24/2013 1:00,4,2,2
2/24/2013 2:00,4,3,1
2/24/2013 3:00,4,1,3
2/24/2013 4:00,6,2,4
2/24/2013 5:00,2,2,0
2/24/2013 6:00,22,17,5
2/24/2013 7:00,78,64,14
2/24/2013 8:00,101,77,24
2/24/2013 9:00,58,32,26
2/24/2013 10:00,66,47,19
2/24/2013 11:00,93,60,33
2/24/2013 12:00,81,44,37
2/24/2013 13:00,98,33,65
2/24/2013 14:00,110,46,64
2/24/2013 15:00,92,51,41
2/24/2013 16:00,87,33,54
2/24/2013 17:00,81,27,54
2/24/2013 18:00,26,16,10
2/24/2013 19:00,32,9,23
2/24/2013 20:00,17,9,8
2/24/2013 21:00,13,7,6
2/24/2013 22:00,16,6,10
2/24/2013 23:00,9,5,4
2/25/2013 0:00,7,5,2
2/25/2013 1:00,3,3,0
2/25/2013 2:00,1,0,1
2/25/2013 3:00,0,0,0
2/25/2013 4:00,5,3,2
2/25/2013 5:00,22,18,4
2/25/2013 6:00,83,57,26
2/25/2013 7:00,189,135,54
2/25/2013 8:00,267,172,95
2/25/2013 9:00,142,89,53
2/25/2013 10:00,56,34,22
2/25/2013 11:00,45,24,21
2/25/2013 12:00,50,27,23
2/25/2013 13:00,51,32,19
2/25/2013 14:00,81,39,42
2/25/2013 15:00,111,63,48
2/25/2013 16:00,176,81,95
2/25/2013 17:00,352,132,220
2/25/2013 18:00,232,73,159
2/25/2013 19:00,100,36,64
2/25/2013 20:00,46,23,23
2/25/2013 21:00,35,16,19
2/25/2013 22:00,21,9,12
2/25/2013 23:00,11,6,5
2/26/2013 0:00,8,4,4
2/26/2013 1:00,4,2,2
2/26/2013 2:00,3,3,0
2/26/2013 3:00,5,3,2
2/26/2013 4:00,5,4,1
2/26/2013 5:00,28,18,10
2/26/2013 6:00,102,75,27
2/26/2013 7:00,235,168,67
2/26/2013 8:00,367,237,130
2/26/2013 9:00,215,134,81
2/26/2013 10:00,76,50,26
2/26/2013 11:00,57,34,23
2/26/2013 12:00,43,25,18
2/26/2013 13:00,78,44,34
2/26/2013 14:00,68,31,37
2/26/2013 15:00,93,38,55
2/26/2013 16:00,197,66,131
2/26/2013 17:00,395,128,267
2/26/2013 18:00,270,94,176
2/26/2013 19:00,117,35,82
2/26/2013 20:00,59,25,34
2/26/2013 21:00,30,10,20
2/26/2013 22:00,24,17,7
2/26/2013 23:00,18,8,10
2/27/2013 0:00,6,1,5
2/27/2013 1:00,3,3,0
2/27/2013 2:00,2,2,0
2/27/2013 3:00,3,2,1
2/27/2013 4:00,9,7,2
2/27/2013 5:00,23,17,6
2/27/2013 6:00,123,91,32
2/27/2013 7:00,240,160,80
2/27/2013 8:00,318,213,105
2/27/2013 9:00,200,121,79
2/27/2013 10:00,84,49,35
2/27/2013 11:00,56,38,18
2/27/2013 12:00,67,43,24
2/27/2013 13:00,61,28,33
2/27/2013 14:00,57,36,21
2/27/2013 15:00,95,39,56
2/27/2013 16:00,169,67,102
2/27/2013 17:00,360,110,250
2/27/2013 18:00,250,70,180
2/27/2013 19:00,96,29,67
2/27/2013 20:00,45,13,32
2/27/2013 21:00,34,13,21
2/27/2013 22:00,20,6,14
2/27/2013 23:00,13,5,8
2/28/2013 0:00,7,3,4
2/28/2013 1:00,4,2,2
2/28/2013 2:00,3,1,2
2/28/2013 3:00,1,0,1
2/28/2013 4:00,4,3,1
2/28/2013 5:00,21,15,6
2/28/2013 6:00,72,52,20
2/28/2013 7:00,166,119,47
2/28/2013 8:00,233,159,74
2/28/2013 9:00,143,93,50
2/28/2013 10:00,52,30,22
2/28/2013 11:00,40,16,24
2/28/2013 12:00,43,26,17
2/28/2013 13:00,37,19,18
2/28/2013 14:00,44,19,25
2/28/2013 15:00,65,26,39
2/28/2013 16:00,118,41,77
2/28/2013 17:00,289,91,198
2/28/2013 18:00,222,81,141
2/28/2013 19:00,66,24,42
2/28/2013 20:00,52,19,33
2/28/2013 21:00,45,21,24
2/28/2013 22:00,21,10,11
2/28/2013 23:00,11,4,7
3/1/2013 0:00,5,2,3
3/1/2013 1:00,4,2,2
3/1/2013 2:00,0,0,0
3/1/2013 3:00,3,2,1
3/1/2013 4:00,2,1,1
3/1/2013 5:00,19,9,10
3/1/2013 6:00,91,61,30
3/1/2013 7:00,147,109,38
3/1/2013 8:00,235,163,72
3/1/2013 9:00,131,77,54
3/1/2013 10:00,56,37,19
3/1/2013 11:00,40,18,22
3/1/2013 12:00,58,32,26
3/1/2013 13:00,62,36,26
3/1/2013 14:00,81,40,41
3/1/2013 15:00,101,47,54
3/1/2013 16:00,170,68,102
3/1/2013 17:00,279,90,189
3/1/2013 18:00,153,50,103
3/1/2013 19:00,91,33,58
3/1/2013 20:00,39,24,15
3/1/2013 21:00,34,10,24
3/1/2013 22:00,17,7,10
3/1/2013 23:00,27,6,21
3/2/2013 0:00,20,10,10
3/2/2013 1:00,6,3,3
3/2/2013 2:00,9,5,4
3/2/2013 3:00,7,5,2
3/2/2013 4:00,3,2,1
3/2/2013 5:00,1,1,0
3/2/2013 6:00,13,7,6
3/2/2013 7:00,32,15,17
3/2/2013 8:00,60,37,23
3/2/2013 9:00,89,45,44
3/2/2013 10:00,93,44,49
3/2/2013 11:00,120,66,54
3/2/2013 12:00,135,87,48
3/2/2013 13:00,133,80,53
3/2/2013 14:00,118,62,56
3/2/2013 15:00,87,50,37
3/2/2013 16:00,81,39,42
3/2/2013 17:00,79,34,45
3/2/2013 18:00,46,22,24
3/2/2013 19:00,25,12,13
3/2/2013 20:00,22,8,14
3/2/2013 21:00,18,12,6
3/2/2013 22:00,23,6,17
3/2/2013 23:00,13,5,8
3/3/2013 0:00,15,5,10
3/3/2013 1:00,9,7,2
3/3/2013 2:00,2,1,1
3/3/2013 3:00,3,1,2
3/3/2013 4:00,2,1,1
3/3/2013 5:00,6,3,3
3/3/2013 6:00,11,4,7
3/3/2013 7:00,22,16,6
3/3/2013 8:00,63,32,31
3/3/2013 9:00,77,49,28
3/3/2013 10:00,142,91,51
3/3/2013 11:00,161,91,70
3/3/2013 12:00,170,94,76
3/3/2013 13:00,238,147,91
3/3/2013 14:00,211,121,90
3/3/2013 15:00,158,91,67
3/3/2013 16:00,143,92,51
3/3/2013 17:00,105,69,36
3/3/2013 18:00,63,33,30
3/3/2013 19:00,35,18,17
3/3/2013 20:00,15,9,6
3/3/2013 21:00,8,2,6
3/3/2013 22:00,20,8,12
3/3/2013 23:00,11,4,7
3/4/2013 0:00,6,4,2
3/4/2013 1:00,2,1,1
3/4/2013 2:00,1,1,0
3/4/2013 3:00,1,0,1
3/4/2013 4:00,6,4,2
3/4/2013 5:00,24,20,4
3/4/2013 6:00,106,74,32
3/4/2013 7:00,259,188,71
3/4/2013 8:00,402,288,114
3/4/2013 9:00,205,131,74
3/4/2013 10:00,65,41,24
3/4/2013 11:00,73,46,27
3/4/2013 12:00,78,45,33
3/4/2013 13:00,96,44,52
3/4/2013 14:00,75,44,31
3/4/2013 15:00,141,72,69
3/4/2013 16:00,212,99,113
3/4/2013 17:00,486,164,322
3/4/2013 18:00,303,96,207
3/4/2013 19:00,104,43,61
3/4/2013 20:00,59,22,37
3/4/2013 21:00,36,13,23
3/4/2013 22:00,34,15,19
3/4/2013 23:00,17,9,8
3/5/2013 0:00,5,3,2
3/5/2013 1:00,5,2,3
3/5/2013 2:00,3,2,1
3/5/2013 3:00,2,0,2
3/5/2013 4:00,5,3,2
3/5/2013 5:00,23,16,7
3/5/2013 6:00,112,73,39
3/5/2013 7:00,257,188,69
3/5/2013 8:00,357,245,112
3/5/2013 9:00,171,106,65
3/5/2013 10:00,65,38,27
3/5/2013 11:00,55,30,25
3/5/2013 12:00,44,28,16
3/5/2013 13:00,59,32,27
3/5/2013 14:00,63,25,38
3/5/2013 15:00,100,43,57
3/5/2013 16:00,178,68,110
3/5/2013 17:00,397,105,292
3/5/2013 18:00,241,87,154
3/5/2013 19:00,109,40,69
3/5/2013 20:00,70,30,40
3/5/2013 21:00,39,20,19
3/5/2013 22:00,23,13,10
3/5/2013 23:00,15,8,7
3/6/2013 0:00,4,2,2
3/6/2013 1:00,4,3,1
3/6/2013 2:00,2,2,0
3/6/2013 3:00,1,0,1
3/6/2013 4:00,7,4,3
3/6/2013 5:00,29,25,4
3/6/2013 6:00,115,80,35
3/6/2013 7:00,251,185,66
3/6/2013 8:00,321,222,99
3/6/2013 9:00,214,115,99
3/6/2013 10:00,49,29,20
3/6/2013 11:00,37,24,13
3/6/2013 12:00,33,17,16
3/6/2013 13:00,33,14,19
3/6/2013 14:00,35,13,22
3/6/2013 15:00,66,33,33
3/6/2013 16:00,129,48,81
3/6/2013 17:00,327,91,236
3/6/2013 18:00,202,71,131
3/6/2013 19:00,90,30,60
3/6/2013 20:00,32,12,20
3/6/2013 21:00,37,17,20
3/6/2013 22:00,16,7,9
3/6/2013 23:00,7,5,2
3/7/2013 0:00,5,2,3
3/7/2013 1:00,2,2,0
3/7/2013 2:00,3,1,2
3/7/2013 3:00,1,1,0
3/7/2013 4:00,4,3,1
3/7/2013 5:00,21,16,5
3/7/2013 6:00,81,54,27
3/7/2013 7:00,193,126,67
3/7/2013 8:00,236,168,68
3/7/2013 9:00,147,81,66
3/7/2013 10:00,74,48,26
3/7/2013 11:00,68,40,28
3/7/2013 12:00,42,23,19
3/7/2013 13:00,72,42,30
3/7/2013 14:00,67,32,35
3/7/2013 15:00,96,48,48
3/7/2013 16:00,197,89,108
3/7/2013 17:00,313,94,219
3/7/2013 18:00,217,85,132
3/7/2013 19:00,144,62,82
3/7/2013 20:00,62,19,43
3/7/2013 21:00,49,20,29
3/7/2013 22:00,34,6,28
3/7/2013 23:00,22,6,16
3/8/2013 0:00,7,4,3
3/8/2013 1:00,7,2,5
3/8/2013 2:00,1,0,1
3/8/2013 3:00,1,0,1
3/8/2013 4:00,2,1,1
3/8/2013 5:00,21,16,5
3/8/2013 6:00,106,73,33
3/8/2013 7:00,237,168,69
3/8/2013 8:00,338,239,99
3/8/2013 9:00,189,116,73
3/8/2013 10:00,88,53,35
3/8/2013 11:00,82,35,47
3/8/2013 12:00,77,51,26
3/8/2013 13:00,113,53,60
3/8/2013 14:00,123,51,72
3/8/2013 15:00,177,90,87
3/8/2013 16:00,278,112,166
3/8/2013 17:00,430,157,273
3/8/2013 18:00,246,91,155
3/8/2013 19:00,93,41,52
3/8/2013 20:00,43,18,25
3/8/2013 21:00,31,15,16
3/8/2013 22:00,30,12,18
3/8/2013 23:00,19,11,8
3/9/2013 0:00,22,10,12
3/9/2013 1:00,6,1,5
3/9/2013 2:00,9,4,5
3/9/2013 3:00,5,2,3
3/9/2013 4:00,2,1,1
3/9/2013 5:00,10,5,5
3/9/2013 6:00,18,9,9
3/9/2013 7:00,40,26,14
3/9/2013 8:00,93,62,31
3/9/2013 9:00,106,67,39
3/9/2013 10:00,143,97,46
3/9/2013 11:00,208,131,77
3/9/2013 12:00,174,105,69
3/9/2013 13:00,250,142,108
3/9/2013 14:00,256,136,120
3/9/2013 15:00,296,154,142
3/9/2013 16:00,277,150,127
3/9/2013 17:00,175,98,77
3/9/2013 18:00,160,80,80
3/9/2013 19:00,66,31,35
3/9/2013 20:00,37,26,11
3/9/2013 21:00,33,18,15
3/9/2013 22:00,22,7,15
3/9/2013 23:00,22,10,12
3/10/2013 0:00,11,2,9
3/10/2013 1:00,18,8,10
3/10/2013 2:00,0,0,0
3/10/2013 3:00,11,2,9
3/10/2013 4:00,0,0,0
3/10/2013 5:00,2,1,1
3/10/2013 6:00,6,1,5
3/10/2013 7:00,18,10,8
3/10/2013 8:00,34,20,14
3/10/2013 9:00,63,38,25
3/10/2013 10:00,88,67,21
3/10/2013 11:00,65,43,22
3/10/2013 12:00,100,60,40
3/10/2013 13:00,105,56,49
3/10/2013 14:00,104,65,39
3/10/2013 15:00,93,45,48
3/10/2013 16:00,122,66,56
3/10/2013 17:00,68,38,30
3/10/2013 18:00,58,27,31
3/10/2013 19:00,17,10,7
3/10/2013 20:00,15,8,7
3/10/2013 21:00,12,7,5
3/10/2013 22:00,25,16,9
3/10/2013 23:00,11,4,7
3/11/2013 0:00,10,7,3
3/11/2013 1:00,6,3,3
3/11/2013 2:00,1,1,0
3/11/2013 3:00,3,1,2
3/11/2013 4:00,8,4,4
3/11/2013 5:00,26,20,6
3/11/2013 6:00,103,72,31
3/11/2013 7:00,185,138,47
3/11/2013 8:00,319,216,103
3/11/2013 9:00,187,115,72
3/11/2013 10:00,75,47,28
3/11/2013 11:00,51,30,21
3/11/2013 12:00,56,33,23
3/11/2013 13:00,64,36,28
3/11/2013 14:00,65,36,29
3/11/2013 15:00,86,33,53
3/11/2013 16:00,196,83,113
3/11/2013 17:00,338,102,236
3/11/2013 18:00,247,80,167
3/11/2013 19:00,94,42,52
3/11/2013 20:00,53,14,39
3/11/2013 21:00,26,13,13
3/11/2013 22:00,30,11,19
3/11/2013 23:00,21,7,14
3/12/2013 0:00,9,5,4
3/12/2013 1:00,2,0,2
3/12/2013 2:00,4,1,3
3/12/2013 3:00,0,0,0
3/12/2013 4:00,6,4,2
3/12/2013 5:00,22,17,5
3/12/2013 6:00,98,69,29
3/12/2013 7:00,199,146,53
3/12/2013 8:00,263,171,92
3/12/2013 9:00,157,104,53
3/12/2013 10:00,69,45,24
3/12/2013 11:00,49,26,23
3/12/2013 12:00,45,25,20
3/12/2013 13:00,54,27,27
3/12/2013 14:00,62,28,34
3/12/2013 15:00,86,33,53
3/12/2013 16:00,134,56,78
3/12/2013 17:00,283,82,201
3/12/2013 18:00,215,69,146
3/12/2013 19:00,102,42,60
3/12/2013 20:00,46,18,28
3/12/2013 21:00,42,10,32
3/12/2013 22:00,19,8,11
3/12/2013 23:00,14,8,6
3/13/2013 0:00,5,1,4
3/13/2013 1:00,1,1,0
3/13/2013 2:00,1,1,0
3/13/2013 3:00,3,2,1
3/13/2013 4:00,6,4,2
3/13/2013 5:00,17,12,5
3/13/2013 6:00,78,51,27
3/13/2013 7:00,182,127,55
3/13/2013 8:00,282,193,89
3/13/2013 9:00,189,115,74
3/13/2013 10:00,65,46,19
3/13/2013 11:00,35,18,17
3/13/2013 12:00,26,13,13
3/13/2013 13:00,40,24,16
3/13/2013 14:00,34,14,20
3/13/2013 15:00,46,21,25
3/13/2013 16:00,128,51,77
3/13/2013 17:00,299,84,215
3/13/2013 18:00,216,70,146
3/13/2013 19:00,123,34,89
3/13/2013 20:00,42,21,21
3/13/2013 21:00,34,7,27
3/13/2013 22:00,29,16,13
3/13/2013 23:00,13,9,4
3/14/2013 0:00,4,2,2
3/14/2013 1:00,3,2,1
3/14/2013 2:00,3,0,3
3/14/2013 3:00,2,1,1
3/14/2013 4:00,5,4,1
3/14/2013 5:00,26,19,7
3/14/2013 6:00,85,61,24
3/14/2013 7:00,208,145,63
3/14/2013 8:00,305,207,98
3/14/2013 9:00,183,132,51
3/14/2013 10:00,78,49,29
3/14/2013 11:00,47,33,14
3/14/2013 12:00,59,31,28
3/14/2013 13:00,63,26,37
3/14/2013 14:00,75,39,36
3/14/2013 15:00,77,38,39
3/14/2013 16:00,161,70,91
3/14/2013 17:00,341,106,235
3/14/2013 18:00,249,85,164
3/14/2013 19:00,107,41,66
3/14/2013 20:00,56,22,34
3/14/2013 21:00,31,11,20
3/14/2013 22:00,23,8,15
3/14/2013 23:00,11,7,4
3/15/2013 0:00,12,6,6
3/15/2013 1:00,9,4,5
3/15/2013 2:00,4,4,0
3/15/2013 3:00,3,2,1
3/15/2013 4:00,3,2,1
3/15/2013 5:00,17,9,8
3/15/2013 6:00,86,64,22
3/15/2013 7:00,172,122,50
3/15/2013 8:00,277,185,92
3/15/2013 9:00,185,114,71
3/15/2013 10:00,78,51,27
3/15/2013 11:00,76,47,29
3/15/2013 12:00,69,41,28
3/15/2013 13:00,88,44,44
3/15/2013 14:00,94,54,40
3/15/2013 15:00,106,55,51
3/15/2013 16:00,215,90,125
3/15/2013 17:00,365,112,253
3/15/2013 18:00,253,82,171
3/15/2013 19:00,100,34,66
3/15/2013 20:00,57,20,37
3/15/2013 21:00,37,13,24
3/15/2013 22:00,26,7,19
3/15/2013 23:00,23,10,13
3/16/2013 0:00,15,7,8
3/16/2013 1:00,10,2,8
3/16/2013 2:00,11,3,8
3/16/2013 3:00,5,2,3
3/16/2013 4:00,3,2,1
3/16/2013 5:00,9,5,4
3/16/2013 6:00,19,10,9
3/16/2013 7:00,37,15,22
3/16/2013 8:00,64,40,24
3/16/2013 9:00,84,49,35
3/16/2013 10:00,82,47,35
3/16/2013 11:00,85,49,36
3/16/2013 12:00,90,60,30
3/16/2013 13:00,78,53,25
3/16/2013 14:00,71,41,30
3/16/2013 15:00,80,41,39
3/16/2013 16:00,83,51,32
3/16/2013 17:00,65,36,29
3/16/2013 18:00,56,22,34
3/16/2013 19:00,34,22,12
3/16/2013 20:00,28,9,19
3/16/2013 21:00,21,13,8
3/16/2013 22:00,19,9,10
3/16/2013 23:00,14,7,7
3/17/2013 0:00,8,3,5
3/17/2013 1:00,8,4,4
3/17/2013 2:00,6,4,2
3/17/2013 3:00,4,3,1
3/17/2013 4:00,4,3,1
3/17/2013 5:00,1,1,0
3/17/2013 6:00,12,5,7
3/17/2013 7:00,28,22,6
3/17/2013 8:00,36,24,12
3/17/2013 9:00,91,51,40
3/17/2013 10:00,102,63,39
3/17/2013 11:00,135,75,60
3/17/2013 12:00,139,79,60
3/17/2013 13:00,143,74,69
3/17/2013 14:00,157,101,56
3/17/2013 15:00,147,90,57
3/17/2013 16:00,102,51,51
3/17/2013 17:00,46,26,20
3/17/2013 18:00,51,32,19
3/17/2013 19:00,23,12,11
3/17/2013 20:00,21,9,12
3/17/2013 21:00,9,6,3
3/17/2013 22:00,11,3,8
3/17/2013 23:00,11,4,7
3/18/2013 0:00,6,3,3
3/18/2013 1:00,4,1,3
3/18/2013 2:00,4,3,1
3/18/2013 3:00,1,0,1
3/18/2013 4:00,6,4,2
3/18/2013 5:00,23,16,7
3/18/2013 6:00,98,68,30
3/18/2013 7:00,210,155,55
3/18/2013 8:00,305,198,107
3/18/2013 9:00,178,107,71
3/18/2013 10:00,64,44,20
3/18/2013 11:00,75,48,27
3/18/2013 12:00,60,37,23
3/18/2013 13:00,75,41,34
3/18/2013 14:00,81,35,46
3/18/2013 15:00,106,49,57
3/18/2013 16:00,167,70,97
3/18/2013 17:00,392,124,268
3/18/2013 18:00,272,93,179
3/18/2013 19:00,119,32,87
3/18/2013 20:00,50,18,32
3/18/2013 21:00,40,21,19
3/18/2013 22:00,32,8,24
3/18/2013 23:00,13,6,7
3/19/2013 0:00,11,4,7
3/19/2013 1:00,5,2,3
3/19/2013 2:00,4,4,0
3/19/2013 3:00,1,0,1
3/19/2013 4:00,3,2,1
3/19/2013 5:00,21,15,6
3/19/2013 6:00,107,81,26
3/19/2013 7:00,235,172,63
3/19/2013 8:00,347,241,106
3/19/2013 9:00,195,124,71
3/19/2013 10:00,76,54,22
3/19/2013 11:00,56,30,26
3/19/2013 12:00,78,47,31
3/19/2013 13:00,64,35,29
3/19/2013 14:00,72,32,40
3/19/2013 15:00,89,35,54
3/19/2013 16:00,166,58,108
3/19/2013 17:00,326,104,222
3/19/2013 18:00,252,77,175
3/19/2013 19:00,104,35,69
3/19/2013 20:00,48,17,31
3/19/2013 21:00,26,12,14
3/19/2013 22:00,18,8,10
3/19/2013 23:00,8,3,5
3/20/2013 0:00,5,1,4
3/20/2013 1:00,3,3,0
3/20/2013 2:00,1,1,0
3/20/2013 3:00,1,0,1
3/20/2013 4:00,6,4,2
3/20/2013 5:00,10,6,4
3/20/2013 6:00,43,29,14
3/20/2013 7:00,113,79,34
3/20/2013 8:00,181,123,58
3/20/2013 9:00,124,86,38
3/20/2013 10:00,38,27,11
3/20/2013 11:00,40,21,19
3/20/2013 12:00,28,17,11
3/20/2013 13:00,26,13,13
3/20/2013 14:00,41,18,23
3/20/2013 15:00,67,32,35
3/20/2013 16:00,116,50,66
3/20/2013 17:00,250,101,149
3/20/2013 18:00,187,67,120
3/20/2013 19:00,100,30,70
3/20/2013 20:00,53,28,25
3/20/2013 21:00,37,16,21
3/20/2013 22:00,27,10,17
3/20/2013 23:00,10,5,5
3/21/2013 0:00,2,2,0
3/21/2013 1:00,5,3,2
3/21/2013 2:00,3,2,1
3/21/2013 3:00,2,0,2
3/21/2013 4:00,5,3,2
3/21/2013 5:00,15,12,3
3/21/2013 6:00,79,57,22
3/21/2013 7:00,173,123,50
3/21/2013 8:00,266,172,94
3/21/2013 9:00,143,95,48
3/21/2013 10:00,106,53,53
3/21/2013 11:00,70,37,33
3/21/2013 12:00,51,35,16
3/21/2013 13:00,63,32,31
3/21/2013 14:00,65,39,26
3/21/2013 15:00,80,33,47
3/21/2013 16:00,112,46,66
3/21/2013 17:00,273,87,186
3/21/2013 18:00,212,61,151
3/21/2013 19:00,84,24,60
3/21/2013 20:00,45,21,24
3/21/2013 21:00,29,13,16
3/21/2013 22:00,23,7,16
3/21/2013 23:00,18,6,12
3/22/2013 0:00,6,2,4
3/22/2013 1:00,3,0,3
3/22/2013 2:00,7,3,4
3/22/2013 3:00,2,1,1
3/22/2013 4:00,5,5,0
3/22/2013 5:00,23,11,12
3/22/2013 6:00,87,61,26
3/22/2013 7:00,148,101,47
3/22/2013 8:00,231,170,61
3/22/2013 9:00,118,80,38
3/22/2013 10:00,52,29,23
3/22/2013 11:00,39,24,15
3/22/2013 12:00,40,22,18
3/22/2013 13:00,67,31,36
3/22/2013 14:00,71,29,42
3/22/2013 15:00,99,52,47
3/22/2013 16:00,174,77,97
3/22/2013 17:00,266,76,190
3/22/2013 18:00,188,70,118
3/22/2013 19:00,95,38,57
3/22/2013 20:00,47,18,29
3/22/2013 21:00,47,14,33
3/22/2013 22:00,30,7,23
3/22/2013 23:00,17,7,10
3/23/2013 0:00,29,24,5
3/23/2013 1:00,5,2,3
3/23/2013 2:00,12,8,4
3/23/2013 3:00,6,3,3
3/23/2013 4:00,4,1,3
3/23/2013 5:00,5,3,2
3/23/2013 6:00,17,10,7
3/23/2013 7:00,38,22,16
3/23/2013 8:00,58,25,33
3/23/2013 9:00,66,39,27
3/23/2013 10:00,105,68,37
3/23/2013 11:00,112,59,53
3/23/2013 12:00,120,82,38
3/23/2013 13:00,162,77,85
3/23/2013 14:00,203,109,94
3/23/2013 15:00,202,114,88
3/23/2013 16:00,164,91,73
3/23/2013 17:00,155,82,73
3/23/2013 18:00,108,60,48
3/23/2013 19:00,56,35,21
3/23/2013 20:00,50,24,26
3/23/2013 21:00,24,11,13
3/23/2013 22:00,29,15,14
3/23/2013 23:00,22,7,15
3/24/2013 0:00,12,4,8
3/24/2013 1:00,7,7,0
3/24/2013 2:00,6,1,5
3/24/2013 3:00,4,3,1
3/24/2013 4:00,2,0,2
3/24/2013 5:00,3,2,1
3/24/2013 6:00,9,3,6
3/24/2013 7:00,20,11,9
3/24/2013 8:00,43,26,17
3/24/2013 9:00,66,35,31
3/24/2013 10:00,91,53,38
3/24/2013 11:00,103,61,42
3/24/2013 12:00,128,60,68
3/24/2013 13:00,127,66,61
3/24/2013 14:00,149,75,74
3/24/2013 15:00,116,70,46
3/24/2013 16:00,172,103,69
3/24/2013 17:00,113,61,52
3/24/2013 18:00,82,49,33
3/24/2013 19:00,45,27,18
3/24/2013 20:00,39,20,19
3/24/2013 21:00,12,8,4
3/24/2013 22:00,13,6,7
3/24/2013 23:00,23,15,8
3/25/2013 0:00,8,3,5
3/25/2013 1:00,2,2,0
3/25/2013 2:00,1,1,0
3/25/2013 3:00,3,1,2
3/25/2013 4:00,8,5,3
3/25/2013 5:00,23,13,10
3/25/2013 6:00,117,82,35
3/25/2013 7:00,267,194,73
3/25/2013 8:00,379,271,108
3/25/2013 9:00,232,140,92
3/25/2013 10:00,86,48,38
3/25/2013 11:00,66,37,29
3/25/2013 12:00,100,58,42
3/25/2013 13:00,106,60,46
3/25/2013 14:00,135,70,65
3/25/2013 15:00,171,85,86
3/25/2013 16:00,276,135,141
3/25/2013 17:00,483,150,333
3/25/2013 18:00,355,125,230
3/25/2013 19:00,180,66,114
3/25/2013 20:00,73,23,50
3/25/2013 21:00,40,14,26
3/25/2013 22:00,35,13,22
3/25/2013 23:00,13,3,10
3/26/2013 0:00,13,6,7
3/26/2013 1:00,5,2,3
3/26/2013 2:00,2,2,0
3/26/2013 3:00,2,0,2
3/26/2013 4:00,8,5,3
3/26/2013 5:00,24,16,8
3/26/2013 6:00,124,87,37
3/26/2013 7:00,290,210,80
3/26/2013 8:00,412,297,115
3/26/2013 9:00,206,135,71
3/26/2013 10:00,74,46,28
3/26/2013 11:00,64,39,25
3/26/2013 12:00,57,37,20
3/26/2013 13:00,81,49,32
3/26/2013 14:00,81,36,45
3/26/2013 15:00,139,63,76
3/26/2013 16:00,219,97,122
3/26/2013 17:00,503,155,348
3/26/2013 18:00,359,132,227
3/26/2013 19:00,174,74,100
3/26/2013 20:00,77,33,44
3/26/2013 21:00,56,26,30
3/26/2013 22:00,26,9,17
3/26/2013 23:00,19,7,12
3/27/2013 0:00,12,8,4
3/27/2013 1:00,5,1,4
3/27/2013 2:00,4,3,1
3/27/2013 3:00,2,0,2
3/27/2013 4:00,10,8,2
3/27/2013 5:00,30,21,9
3/27/2013 6:00,110,84,26
3/27/2013 7:00,280,207,73
3/27/2013 8:00,341,238,103
3/27/2013 9:00,212,137,75
3/27/2013 10:00,97,54,43
3/27/2013 11:00,67,38,29
3/27/2013 12:00,72,37,35
3/27/2013 13:00,75,40,35
3/27/2013 14:00,87,39,48
3/27/2013 15:00,105,51,54
3/27/2013 16:00,167,65,102
3/27/2013 17:00,357,109,248
3/27/2013 18:00,289,100,189
3/27/2013 19:00,136,51,85
3/27/2013 20:00,81,27,54
3/27/2013 21:00,37,17,20
3/27/2013 22:00,30,13,17
3/27/2013 23:00,11,5,6
3/28/2013 0:00,10,6,4
3/28/2013 1:00,3,3,0
3/28/2013 2:00,3,0,3
3/28/2013 3:00,3,1,2
3/28/2013 4:00,9,9,0
3/28/2013 5:00,21,16,5
3/28/2013 6:00,84,54,30
3/28/2013 7:00,207,146,61
3/28/2013 8:00,303,209,94
3/28/2013 9:00,189,125,64
3/28/2013 10:00,78,41,37
3/28/2013 11:00,63,33,30
3/28/2013 12:00,71,49,22
3/28/2013 13:00,70,38,32
3/28/2013 14:00,80,37,43
3/28/2013 15:00,152,79,73
3/28/2013 16:00,236,127,109
3/28/2013 17:00,420,122,298
3/28/2013 18:00,337,129,208
3/28/2013 19:00,156,70,86
3/28/2013 20:00,90,38,52
3/28/2013 21:00,43,19,24
3/28/2013 22:00,55,25,30
3/28/2013 23:00,23,8,15
3/29/2013 0:00,14,6,8
3/29/2013 1:00,4,3,1
3/29/2013 2:00,3,1,2
3/29/2013 3:00,0,0,0
3/29/2013 4:00,2,1,1
3/29/2013 5:00,20,14,6
3/29/2013 6:00,110,73,37
3/29/2013 7:00,243,165,78
3/29/2013 8:00,349,256,93
3/29/2013 9:00,221,144,77
3/29/2013 10:00,129,80,49
3/29/2013 11:00,91,53,38
3/29/2013 12:00,115,60,55
3/29/2013 13:00,137,68,69
3/29/2013 14:00,168,95,73
3/29/2013 15:00,185,96,89
3/29/2013 16:00,302,126,176
3/29/2013 17:00,456,173,283
3/29/2013 18:00,320,138,182
3/29/2013 19:00,138,50,88
3/29/2013 20:00,76,34,42
3/29/2013 21:00,45,16,29
3/29/2013 22:00,47,19,28
3/29/2013 23:00,32,10,22
3/30/2013 0:00,21,12,9
3/30/2013 1:00,10,7,3
3/30/2013 2:00,8,5,3
3/30/2013 3:00,4,2,2
3/30/2013 4:00,1,0,1
3/30/2013 5:00,6,4,2
3/30/2013 6:00,19,11,8
3/30/2013 7:00,41,18,23
3/30/2013 8:00,84,56,28
3/30/2013 9:00,120,70,50
3/30/2013 10:00,168,82,86
3/30/2013 11:00,173,109,64
3/30/2013 12:00,250,149,101
3/30/2013 13:00,228,122,106
3/30/2013 14:00,269,140,129
3/30/2013 15:00,244,146,98
3/30/2013 16:00,219,132,87
3/30/2013 17:00,238,120,118
3/30/2013 18:00,158,72,86
3/30/2013 19:00,89,46,43
3/30/2013 20:00,52,28,24
3/30/2013 21:00,28,12,16
3/30/2013 22:00,40,17,23
3/30/2013 23:00,27,5,22
3/31/2013 0:00,19,14,5
3/31/2013 1:00,11,2,9
3/31/2013 2:00,11,4,7
3/31/2013 3:00,4,3,1
3/31/2013 4:00,7,3,4
3/31/2013 5:00,1,1,0
3/31/2013 6:00,12,5,7
3/31/2013 7:00,26,13,13
3/31/2013 8:00,44,25,19
3/31/2013 9:00,107,51,56
3/31/2013 10:00,163,96,67
3/31/2013 11:00,185,93,92
3/31/2013 12:00,196,99,97
3/31/2013 13:00,282,154,128
3/31/2013 14:00,249,148,101
3/31/2013 15:00,251,128,123
3/31/2013 16:00,217,113,104
3/31/2013 17:00,204,103,101
3/31/2013 18:00,170,101,69
3/31/2013 19:00,89,46,43
3/31/2013 20:00,49,37,12
3/31/2013 21:00,37,21,16
3/31/2013 22:00,18,11,7
3/31/2013 23:00,11,4,7
4/1/2013 0:00,6,4,2
4/1/2013 1:00,2,0,2
4/1/2013 2:00,3,1,2
4/1/2013 3:00,1,0,1
4/1/2013 4:00,6,3,3
4/1/2013 5:00,28,21,7
4/1/2013 6:00,122,92,30
4/1/2013 7:00,345,243,102
4/1/2013 8:00,433,297,136
4/1/2013 9:00,241,167,74
4/1/2013 10:00,83,49,34
4/1/2013 11:00,64,34,30
4/1/2013 12:00,68,37,31
4/1/2013 13:00,85,46,39
4/1/2013 14:00,88,44,44
4/1/2013 15:00,128,70,58
4/1/2013 16:00,248,109,139
4/1/2013 17:00,557,163,394
4/1/2013 18:00,381,132,249
4/1/2013 19:00,182,70,112
4/1/2013 20:00,91,39,52
4/1/2013 21:00,40,23,17
4/1/2013 22:00,21,5,16
4/1/2013 23:00,25,5,20
4/2/2013 0:00,10,7,3
4/2/2013 1:00,5,2,3
4/2/2013 2:00,4,2,2
4/2/2013 3:00,1,0,1
4/2/2013 4:00,3,1,2
4/2/2013 5:00,36,25,11
4/2/2013 6:00,123,83,40
4/2/2013 7:00,312,231,81
4/2/2013 8:00,464,339,125
4/2/2013 9:00,262,151,111
4/2/2013 10:00,81,46,35
4/2/2013 11:00,70,40,30
4/2/2013 12:00,65,34,31
4/2/2013 13:00,90,56,34
4/2/2013 14:00,118,49,69
4/2/2013 15:00,126,58,68
4/2/2013 16:00,241,100,141
4/2/2013 17:00,531,171,360
4/2/2013 18:00,399,144,255
4/2/2013 19:00,156,65,91
4/2/2013 20:00,75,26,49
4/2/2013 21:00,67,31,36
4/2/2013 22:00,32,16,16
4/2/2013 23:00,16,8,8
4/3/2013 0:00,13,6,7
4/3/2013 1:00,9,7,2
4/3/2013 2:00,3,2,1
4/3/2013 3:00,3,1,2
4/3/2013 4:00,9,7,2
4/3/2013 5:00,24,15,9
4/3/2013 6:00,108,76,32
4/3/2013 7:00,333,236,97
4/3/2013 8:00,429,294,135
4/3/2013 9:00,230,142,88
4/3/2013 10:00,108,66,42
4/3/2013 11:00,103,58,45
4/3/2013 12:00,113,59,54
4/3/2013 13:00,105,58,47
4/3/2013 14:00,108,52,56
4/3/2013 15:00,132,66,66
4/3/2013 16:00,288,115,173
4/3/2013 17:00,527,158,369
4/3/2013 18:00,412,149,263
4/3/2013 19:00,210,86,124
4/3/2013 20:00,97,36,61
4/3/2013 21:00,65,25,40
4/3/2013 22:00,35,15,20
4/3/2013 23:00,22,10,12
4/4/2013 0:00,10,5,5
4/4/2013 1:00,5,2,3
4/4/2013 2:00,8,2,6
4/4/2013 3:00,2,0,2
4/4/2013 4:00,4,3,1
4/4/2013 5:00,30,21,9
4/4/2013 6:00,104,73,31
4/4/2013 7:00,220,154,66
4/4/2013 8:00,300,210,90
4/4/2013 9:00,159,93,66
4/4/2013 10:00,86,58,28
4/4/2013 11:00,53,32,21
4/4/2013 12:00,35,20,15
4/4/2013 13:00,40,20,20
4/4/2013 14:00,57,19,38
4/4/2013 15:00,59,22,37
4/4/2013 16:00,131,49,82
4/4/2013 17:00,265,79,186
4/4/2013 18:00,254,93,161
4/4/2013 19:00,76,20,56
4/4/2013 20:00,36,13,23
4/4/2013 21:00,36,10,26
4/4/2013 22:00,18,8,10
4/4/2013 23:00,19,10,9
4/5/2013 0:00,6,5,1
4/5/2013 1:00,3,1,2
4/5/2013 2:00,3,2,1
4/5/2013 3:00,0,0,0
4/5/2013 4:00,2,1,1
4/5/2013 5:00,15,7,8
4/5/2013 6:00,65,43,22
4/5/2013 7:00,148,95,53
4/5/2013 8:00,273,189,84
4/5/2013 9:00,140,99,41
4/5/2013 10:00,73,32,41
4/5/2013 11:00,59,38,21
4/5/2013 12:00,71,42,29
4/5/2013 13:00,53,31,22
4/5/2013 14:00,72,33,39
4/5/2013 15:00,84,38,46
4/5/2013 16:00,156,63,93
4/5/2013 17:00,289,76,213
4/5/2013 18:00,161,55,106
4/5/2013 19:00,69,33,36
4/5/2013 20:00,34,7,27
4/5/2013 21:00,27,10,17
4/5/2013 22:00,20,6,14
4/5/2013 23:00,19,8,11
4/6/2013 0:00,8,3,5
4/6/2013 1:00,3,2,1
4/6/2013 2:00,3,2,1
4/6/2013 3:00,3,3,0
4/6/2013 4:00,2,1,1
4/6/2013 5:00,4,3,1
4/6/2013 6:00,18,9,9
4/6/2013 7:00,20,13,7
4/6/2013 8:00,57,29,28
4/6/2013 9:00,63,36,27
4/6/2013 10:00,103,64,39
4/6/2013 11:00,88,51,37
4/6/2013 12:00,64,38,26
4/6/2013 13:00,21,12,9
4/6/2013 14:00,43,18,25
4/6/2013 15:00,49,21,28
4/6/2013 16:00,68,33,35
4/6/2013 17:00,41,24,17
4/6/2013 18:00,38,22,16
4/6/2013 19:00,31,19,12
4/6/2013 20:00,21,10,11
4/6/2013 21:00,20,7,13
4/6/2013 22:00,13,5,8
4/6/2013 23:00,8,4,4
4/7/2013 0:00,4,2,2
4/7/2013 1:00,7,4,3
4/7/2013 2:00,4,1,3
4/7/2013 3:00,5,1,4
4/7/2013 4:00,3,0,3
4/7/2013 5:00,2,2,0
4/7/2013 6:00,6,2,4
4/7/2013 7:00,8,5,3
4/7/2013 8:00,25,12,13
4/7/2013 9:00,70,63,7
4/7/2013 10:00,63,19,44
4/7/2013 11:00,34,21,13
4/7/2013 12:00,44,28,16
4/7/2013 13:00,34,16,18
4/7/2013 14:00,41,21,20
4/7/2013 15:00,41,20,21
4/7/2013 16:00,44,25,19
4/7/2013 17:00,41,23,18
4/7/2013 18:00,30,11,19
4/7/2013 19:00,28,15,13
4/7/2013 20:00,13,5,8
4/7/2013 21:00,11,7,4
4/7/2013 22:00,13,9,4
4/7/2013 23:00,6,2,4
4/8/2013 0:00,4,3,1
4/8/2013 1:00,2,1,1
4/8/2013 2:00,3,3,0
4/8/2013 3:00,0,0,0
4/8/2013 4:00,7,5,2
4/8/2013 5:00,17,14,3
4/8/2013 6:00,97,72,25
4/8/2013 7:00,233,171,62
4/8/2013 8:00,345,233,112
4/8/2013 9:00,187,125,62
4/8/2013 10:00,88,57,31
4/8/2013 11:00,65,38,27
4/8/2013 12:00,76,32,44
4/8/2013 13:00,80,46,34
4/8/2013 14:00,98,45,53
4/8/2013 15:00,113,50,63
4/8/2013 16:00,199,89,110
4/8/2013 17:00,447,135,312
4/8/2013 18:00,308,96,212
4/8/2013 19:00,156,53,103
4/8/2013 20:00,65,29,36
4/8/2013 21:00,49,22,27
4/8/2013 22:00,26,9,17
4/8/2013 23:00,24,6,18
4/9/2013 0:00,14,7,7
4/9/2013 1:00,5,2,3
4/9/2013 2:00,2,1,1
4/9/2013 3:00,3,3,0
4/9/2013 4:00,7,5,2
4/9/2013 5:00,22,16,6
4/9/2013 6:00,125,82,43
4/9/2013 7:00,321,238,83
4/9/2013 8:00,355,257,98
4/9/2013 9:00,218,139,79
4/9/2013 10:00,107,72,35
4/9/2013 11:00,62,34,28
4/9/2013 12:00,49,22,27
4/9/2013 13:00,65,39,26
4/9/2013 14:00,81,41,40
4/9/2013 15:00,114,58,56
4/9/2013 16:00,232,90,142
4/9/2013 17:00,474,126,348
4/9/2013 18:00,335,122,213
4/9/2013 19:00,143,72,71
4/9/2013 20:00,67,30,37
4/9/2013 21:00,53,20,33
4/9/2013 22:00,31,21,10
4/9/2013 23:00,15,7,8
4/10/2013 0:00,11,5,6
4/10/2013 1:00,4,1,3
4/10/2013 2:00,3,2,1
4/10/2013 3:00,1,0,1
4/10/2013 4:00,9,8,1
4/10/2013 5:00,32,21,11
4/10/2013 6:00,105,68,37
4/10/2013 7:00,194,131,63
4/10/2013 8:00,252,169,83
4/10/2013 9:00,117,81,36
4/10/2013 10:00,49,35,14
4/10/2013 11:00,27,9,18
4/10/2013 12:00,50,28,22
4/10/2013 13:00,65,40,25
4/10/2013 14:00,72,32,40
4/10/2013 15:00,88,47,41
4/10/2013 16:00,164,66,98
4/10/2013 17:00,312,93,219
4/10/2013 18:00,272,107,165
4/10/2013 19:00,120,48,72
4/10/2013 20:00,71,23,48
4/10/2013 21:00,48,25,23
4/10/2013 22:00,27,13,14
4/10/2013 23:00,20,7,13
4/11/2013 0:00,29,26,3
4/11/2013 1:00,14,4,10
4/11/2013 2:00,4,3,1
4/11/2013 3:00,4,0,4
4/11/2013 4:00,3,3,0
4/11/2013 5:00,32,23,9
4/11/2013 6:00,116,83,33
4/11/2013 7:00,231,162,69
4/11/2013 8:00,360,251,109
4/11/2013 9:00,143,98,45
4/11/2013 10:00,59,32,27
4/11/2013 11:00,53,36,17
4/11/2013 12:00,46,29,17
4/11/2013 13:00,61,31,30
4/11/2013 14:00,63,32,31
4/11/2013 15:00,90,54,36
4/11/2013 16:00,202,83,119
4/11/2013 17:00,379,115,264
4/11/2013 18:00,302,94,208
4/11/2013 19:00,124,51,73
4/11/2013 20:00,89,35,54
4/11/2013 21:00,36,14,22
4/11/2013 22:00,38,15,23
4/11/2013 23:00,21,10,11
4/12/2013 0:00,3,2,1
4/12/2013 1:00,15,11,4
4/12/2013 2:00,3,1,2
4/12/2013 3:00,0,0,0
4/12/2013 4:00,3,2,1
4/12/2013 5:00,21,14,7
4/12/2013 6:00,95,62,33
4/12/2013 7:00,223,161,62
4/12/2013 8:00,311,221,90
4/12/2013 9:00,182,118,64
4/12/2013 10:00,90,58,32
4/12/2013 11:00,76,46,30
4/12/2013 12:00,66,37,29
4/12/2013 13:00,70,33,37
4/12/2013 14:00,54,25,29
4/12/2013 15:00,58,22,36
4/12/2013 16:00,157,44,113
4/12/2013 17:00,277,78,199
4/12/2013 18:00,192,56,136
4/12/2013 19:00,60,21,39
4/12/2013 20:00,36,8,28
4/12/2013 21:00,16,7,9
4/12/2013 22:00,16,8,8
4/12/2013 23:00,21,12,9
4/13/2013 0:00,9,4,5
4/13/2013 1:00,7,1,6
4/13/2013 2:00,2,1,1
4/13/2013 3:00,3,3,0
4/13/2013 4:00,1,0,1
4/13/2013 5:00,6,6,0
4/13/2013 6:00,12,7,5
4/13/2013 7:00,24,13,11
4/13/2013 8:00,57,30,27
4/13/2013 9:00,64,36,28
4/13/2013 10:00,68,46,22
4/13/2013 11:00,86,52,34
4/13/2013 12:00,93,62,31
4/13/2013 13:00,71,45,26
4/13/2013 14:00,73,43,30
4/13/2013 15:00,79,48,31
4/13/2013 16:00,48,23,25
4/13/2013 17:00,37,19,18
4/13/2013 18:00,39,14,25
4/13/2013 19:00,14,8,6
4/13/2013 20:00,15,7,8
4/13/2013 21:00,12,6,6
4/13/2013 22:00,16,7,9
4/13/2013 23:00,10,5,5
4/14/2013 0:00,7,3,4
4/14/2013 1:00,2,2,0
4/14/2013 2:00,5,2,3
4/14/2013 3:00,3,1,2
4/14/2013 4:00,3,1,2
4/14/2013 5:00,2,2,0
4/14/2013 6:00,4,1,3
4/14/2013 7:00,18,11,7
4/14/2013 8:00,27,7,20
4/14/2013 9:00,64,42,22
4/14/2013 10:00,78,39,39
4/14/2013 11:00,109,61,48
4/14/2013 12:00,144,73,71
4/14/2013 13:00,143,83,60
4/14/2013 14:00,158,83,75
4/14/2013 15:00,161,81,80
4/14/2013 16:00,151,91,60
4/14/2013 17:00,137,76,61
4/14/2013 18:00,104,58,46
4/14/2013 19:00,64,45,19
4/14/2013 20:00,34,28,6
4/14/2013 21:00,23,14,9
4/14/2013 22:00,14,4,10
4/14/2013 23:00,9,4,5
4/15/2013 0:00,8,6,2
4/15/2013 1:00,4,3,1
4/15/2013 2:00,1,1,0
4/15/2013 3:00,2,2,0
4/15/2013 4:00,7,6,1
4/15/2013 5:00,28,23,5
4/15/2013 6:00,119,88,31
4/15/2013 7:00,224,158,66
4/15/2013 8:00,307,219,88
4/15/2013 9:00,204,126,78
4/15/2013 10:00,90,57,33
4/15/2013 11:00,70,47,23
4/15/2013 12:00,70,49,21
4/15/2013 13:00,69,38,31
4/15/2013 14:00,97,48,49
4/15/2013 15:00,113,63,50
4/15/2013 16:00,217,99,118
4/15/2013 17:00,410,143,267
4/15/2013 18:00,372,138,234
4/15/2013 19:00,127,55,72
4/15/2013 20:00,67,27,40
4/15/2013 21:00,39,17,22
4/15/2013 22:00,28,14,14
4/15/2013 23:00,14,6,8
4/16/2013 0:00,12,4,8
4/16/2013 1:00,3,1,2
4/16/2013 2:00,1,1,0
4/16/2013 3:00,0,0,0
4/16/2013 4:00,6,5,1
4/16/2013 5:00,27,21,6
4/16/2013 6:00,129,87,42
4/16/2013 7:00,298,215,83
4/16/2013 8:00,352,235,117
4/16/2013 9:00,211,124,87
4/16/2013 10:00,71,42,29
4/16/2013 11:00,81,53,28
4/16/2013 12:00,74,43,31
4/16/2013 13:00,82,47,35
4/16/2013 14:00,113,58,55
4/16/2013 15:00,150,72,78
4/16/2013 16:00,234,87,147
4/16/2013 17:00,410,130,280
4/16/2013 18:00,377,130,247
4/16/2013 19:00,196,100,96
4/16/2013 20:00,104,44,60
4/16/2013 21:00,74,34,40
4/16/2013 22:00,40,23,17
4/16/2013 23:00,31,10,21
4/17/2013 0:00,11,5,6
4/17/2013 1:00,5,2,3
4/17/2013 2:00,4,1,3
4/17/2013 3:00,2,1,1
4/17/2013 4:00,7,5,2
4/17/2013 5:00,29,22,7
4/17/2013 6:00,123,85,38
4/17/2013 7:00,274,185,89
4/17/2013 8:00,357,253,104
4/17/2013 9:00,207,124,83
4/17/2013 10:00,91,54,37
4/17/2013 11:00,93,46,47
4/17/2013 12:00,79,43,36
4/17/2013 13:00,102,47,55
4/17/2013 14:00,105,58,47
4/17/2013 15:00,132,72,60
4/17/2013 16:00,215,91,124
4/17/2013 17:00,420,135,285
4/17/2013 18:00,324,141,183
4/17/2013 19:00,199,93,106
4/17/2013 20:00,79,27,52
4/17/2013 21:00,37,16,21
4/17/2013 22:00,29,13,16
4/17/2013 23:00,15,4,11
4/18/2013 0:00,6,4,2
4/18/2013 1:00,6,2,4
4/18/2013 2:00,3,2,1
4/18/2013 3:00,3,3,0
4/18/2013 4:00,4,1,3
4/18/2013 5:00,23,13,10
4/18/2013 6:00,103,59,44
4/18/2013 7:00,188,140,48
4/18/2013 8:00,272,193,79
4/18/2013 9:00,172,101,71
4/18/2013 10:00,94,53,41
4/18/2013 11:00,59,30,29
4/18/2013 12:00,67,39,28
4/18/2013 13:00,56,34,22
4/18/2013 14:00,51,22,29
4/18/2013 15:00,71,36,35
4/18/2013 16:00,130,44,86
4/18/2013 17:00,252,89,163
4/18/2013 18:00,216,79,137
4/18/2013 19:00,89,31,58
4/18/2013 20:00,42,25,17
4/18/2013 21:00,30,9,21
4/18/2013 22:00,23,4,19
4/18/2013 23:00,12,6,6
4/19/2013 0:00,11,5,6
4/19/2013 1:00,4,1,3
4/19/2013 2:00,5,1,4
4/19/2013 3:00,0,0,0
4/19/2013 4:00,5,2,3
4/19/2013 5:00,14,10,4
4/19/2013 6:00,80,53,27
4/19/2013 7:00,138,100,38
4/19/2013 8:00,197,141,56
4/19/2013 9:00,126,72,54
4/19/2013 10:00,43,26,17
4/19/2013 11:00,22,9,13
4/19/2013 12:00,23,13,10
4/19/2013 13:00,40,24,16
4/19/2013 14:00,29,14,15
4/19/2013 15:00,48,16,32
4/19/2013 16:00,123,50,73
4/19/2013 17:00,193,53,140
4/19/2013 18:00,137,47,90
4/19/2013 19:00,65,24,41
4/19/2013 20:00,28,10,18
4/19/2013 21:00,19,7,12
4/19/2013 22:00,23,13,10
4/19/2013 23:00,12,9,3
4/20/2013 0:00,6,4,2
4/20/2013 1:00,9,4,5
4/20/2013 2:00,6,5,1
4/20/2013 3:00,3,2,1
4/20/2013 4:00,3,0,3
4/20/2013 5:00,7,5,2
4/20/2013 6:00,13,4,9
4/20/2013 7:00,27,18,9
4/20/2013 8:00,42,26,16
4/20/2013 9:00,78,41,37
4/20/2013 10:00,82,48,34
4/20/2013 11:00,90,53,37
4/20/2013 12:00,86,50,36
4/20/2013 13:00,103,59,44
4/20/2013 14:00,126,78,48
4/20/2013 15:00,100,60,40
4/20/2013 16:00,69,42,27
4/20/2013 17:00,66,24,42
4/20/2013 18:00,40,24,16
4/20/2013 19:00,18,13,5
4/20/2013 20:00,22,9,13
4/20/2013 21:00,3,1,2
4/20/2013 22:00,18,11,7
4/20/2013 23:00,15,6,9
4/21/2013 0:00,6,3,3
4/21/2013 1:00,6,1,5
4/21/2013 2:00,5,1,4
4/21/2013 3:00,3,2,1
4/21/2013 4:00,1,0,1
4/21/2013 5:00,6,4,2
4/21/2013 6:00,9,3,6
4/21/2013 7:00,15,7,8
4/21/2013 8:00,36,26,10
4/21/2013 9:00,31,17,14
4/21/2013 10:00,55,31,24
4/21/2013 11:00,75,47,28
4/21/2013 12:00,63,43,20
4/21/2013 13:00,60,34,26
4/21/2013 14:00,76,42,34
4/21/2013 15:00,86,48,38
4/21/2013 16:00,112,61,51
4/21/2013 17:00,101,54,47
4/21/2013 18:00,81,50,31
4/21/2013 19:00,61,37,24
4/21/2013 20:00,31,19,12
4/21/2013 21:00,13,7,6
4/21/2013 22:00,25,17,8
4/21/2013 23:00,11,5,6
4/22/2013 0:00,12,5,7
4/22/2013 1:00,4,2,2
4/22/2013 2:00,3,1,2
4/22/2013 3:00,1,0,1
4/22/2013 4:00,6,5,1
4/22/2013 5:00,28,21,7
4/22/2013 6:00,143,108,35
4/22/2013 7:00,334,256,78
4/22/2013 8:00,434,306,128
4/22/2013 9:00,268,184,84
4/22/2013 10:00,107,63,44
4/22/2013 11:00,89,56,33
4/22/2013 12:00,102,54,48
4/22/2013 13:00,105,57,48
4/22/2013 14:00,120,57,63
4/22/2013 15:00,177,97,80
4/22/2013 16:00,290,131,159
4/22/2013 17:00,595,200,395
4/22/2013 18:00,409,132,277
4/22/2013 19:00,210,94,116
4/22/2013 20:00,83,38,45
4/22/2013 21:00,63,25,38
4/22/2013 22:00,26,17,9
4/22/2013 23:00,24,11,13
4/23/2013 0:00,11,2,9
4/23/2013 1:00,3,1,2
4/23/2013 2:00,5,3,2
4/23/2013 3:00,0,0,0
4/23/2013 4:00,6,3,3
4/23/2013 5:00,36,26,10
4/23/2013 6:00,174,124,50
4/23/2013 7:00,368,265,103
4/23/2013 8:00,491,349,142
4/23/2013 9:00,242,148,94
4/23/2013 10:00,119,69,50
4/23/2013 11:00,90,50,40
4/23/2013 12:00,61,36,25
4/23/2013 13:00,110,66,44
4/23/2013 14:00,145,82,63
4/23/2013 15:00,184,81,103
4/23/2013 16:00,324,129,195
4/23/2013 17:00,590,193,397
4/23/2013 18:00,492,181,311
4/23/2013 19:00,249,96,153
4/23/2013 20:00,99,39,60
4/23/2013 21:00,69,31,38
4/23/2013 22:00,46,14,32
4/23/2013 23:00,28,15,13
4/24/2013 0:00,7,3,4
4/24/2013 1:00,7,4,3
4/24/2013 2:00,4,2,2
4/24/2013 3:00,0,0,0
4/24/2013 4:00,7,4,3
4/24/2013 5:00,33,24,9
4/24/2013 6:00,156,107,49
4/24/2013 7:00,395,283,112
4/24/2013 8:00,530,347,183
4/24/2013 9:00,296,198,98
4/24/2013 10:00,121,71,50
4/24/2013 11:00,109,60,49
4/24/2013 12:00,127,65,62
4/24/2013 13:00,123,61,62
4/24/2013 14:00,142,75,67
4/24/2013 15:00,214,100,114
4/24/2013 16:00,389,164,225
4/24/2013 17:00,688,253,435
4/24/2013 18:00,515,203,312
4/24/2013 19:00,280,125,155
4/24/2013 20:00,141,64,77
4/24/2013 21:00,86,40,46
4/24/2013 22:00,46,24,22
4/24/2013 23:00,34,10,24
4/25/2013 0:00,8,5,3
4/25/2013 1:00,13,8,5
4/25/2013 2:00,5,4,1
4/25/2013 3:00,1,0,1
4/25/2013 4:00,8,7,1
4/25/2013 5:00,29,19,10
4/25/2013 6:00,152,106,46
4/25/2013 7:00,357,267,90
4/25/2013 8:00,477,340,137
4/25/2013 9:00,279,168,111
4/25/2013 10:00,125,78,47
4/25/2013 11:00,123,69,54
4/25/2013 12:00,96,54,42
4/25/2013 13:00,133,74,59
4/25/2013 14:00,159,79,80
4/25/2013 15:00,214,101,113
4/25/2013 16:00,335,142,193
4/25/2013 17:00,618,202,416
4/25/2013 18:00,438,186,252
4/25/2013 19:00,270,128,142
4/25/2013 20:00,148,71,77
4/25/2013 21:00,82,34,48
4/25/2013 22:00,56,25,31
4/25/2013 23:00,40,18,22
4/26/2013 0:00,19,13,6
4/26/2013 1:00,11,5,6
4/26/2013 2:00,9,9,0
4/26/2013 3:00,2,2,0
4/26/2013 4:00,5,3,2
4/26/2013 5:00,29,16,13
4/26/2013 6:00,144,91,53
4/26/2013 7:00,268,191,77
4/26/2013 8:00,418,299,119
4/26/2013 9:00,261,174,87
4/26/2013 10:00,97,59,38
4/26/2013 11:00,104,61,43
4/26/2013 12:00,90,43,47
4/26/2013 13:00,124,56,68
4/26/2013 14:00,183,87,96
4/26/2013 15:00,186,82,104
4/26/2013 16:00,303,132,171
4/26/2013 17:00,466,154,312
4/26/2013 18:00,353,141,212
4/26/2013 19:00,164,69,95
4/26/2013 20:00,96,37,59
4/26/2013 21:00,44,24,20
4/26/2013 22:00,45,19,26
4/26/2013 23:00,36,17,19
4/27/2013 0:00,32,18,14
4/27/2013 1:00,20,13,7
4/27/2013 2:00,5,2,3
4/27/2013 3:00,4,1,3
4/27/2013 4:00,1,0,1
4/27/2013 5:00,7,5,2
4/27/2013 6:00,21,11,10
4/27/2013 7:00,37,19,18
4/27/2013 8:00,65,38,27
4/27/2013 9:00,88,43,45
4/27/2013 10:00,90,53,37
4/27/2013 11:00,74,47,27
4/27/2013 12:00,114,69,45
4/27/2013 13:00,95,66,29
4/27/2013 14:00,105,42,63
4/27/2013 15:00,90,52,38
4/27/2013 16:00,73,19,54
4/27/2013 17:00,74,33,41
4/27/2013 18:00,64,43,21
4/27/2013 19:00,47,26,21
4/27/2013 20:00,36,23,13
4/27/2013 21:00,32,16,16
4/27/2013 22:00,16,13,3
4/27/2013 23:00,24,11,13
4/28/2013 0:00,18,10,8
4/28/2013 1:00,11,6,5
4/28/2013 2:00,7,2,5
4/28/2013 3:00,5,0,5
4/28/2013 4:00,3,1,2
4/28/2013 5:00,6,2,4
4/28/2013 6:00,9,3,6
4/28/2013 7:00,17,8,9
4/28/2013 8:00,39,22,17
4/28/2013 9:00,67,41,26
4/28/2013 10:00,69,38,31
4/28/2013 11:00,90,48,42
4/28/2013 12:00,76,58,18
4/28/2013 13:00,126,77,49
4/28/2013 14:00,139,72,67
4/28/2013 15:00,130,71,59
4/28/2013 16:00,111,62,49
4/28/2013 17:00,86,55,31
4/28/2013 18:00,68,32,36
4/28/2013 19:00,38,26,12
4/28/2013 20:00,22,6,16
4/28/2013 21:00,21,12,9
4/28/2013 22:00,22,7,15
4/28/2013 23:00,10,5,5
4/29/2013 0:00,8,3,5
4/29/2013 1:00,2,0,2
4/29/2013 2:00,3,1,2
4/29/2013 3:00,1,1,0
4/29/2013 4:00,4,3,1
4/29/2013 5:00,31,25,6
4/29/2013 6:00,90,63,27
4/29/2013 7:00,252,186,66
4/29/2013 8:00,343,236,107
4/29/2013 9:00,218,146,72
4/29/2013 10:00,91,53,38
4/29/2013 11:00,81,47,34
4/29/2013 12:00,59,32,27
4/29/2013 13:00,79,42,37
4/29/2013 14:00,64,30,34
4/29/2013 15:00,103,51,52
4/29/2013 16:00,207,96,111
4/29/2013 17:00,438,148,290
4/29/2013 18:00,332,108,224
4/29/2013 19:00,131,49,82
4/29/2013 20:00,74,26,48
4/29/2013 21:00,44,17,27
4/29/2013 22:00,30,11,19
4/29/2013 23:00,8,2,6
4/30/2013 0:00,8,5,3
4/30/2013 1:00,6,1,5
4/30/2013 2:00,2,1,1
4/30/2013 3:00,1,1,0
4/30/2013 4:00,4,2,2
4/30/2013 5:00,23,17,6
4/30/2013 6:00,129,90,39
4/30/2013 7:00,367,250,117
4/30/2013 8:00,468,329,139
4/30/2013 9:00,219,136,83
4/30/2013 10:00,106,67,39
4/30/2013 11:00,67,39,28
4/30/2013 12:00,73,38,35
4/30/2013 13:00,81,42,39
4/30/2013 14:00,104,45,59
4/30/2013 15:00,138,68,70
4/30/2013 16:00,267,124,143
4/30/2013 17:00,529,172,357
4/30/2013 18:00,384,147,237
4/30/2013 19:00,218,90,128
4/30/2013 20:00,95,41,54
4/30/2013 21:00,66,31,35
4/30/2013 22:00,32,16,16
4/30/2013 23:00,15,5,10
5/1/2013 0:00,15,8,7
5/1/2013 1:00,9,6,3
5/1/2013 2:00,9,4,5
5/1/2013 3:00,6,6,0
5/1/2013 4:00,7,4,3
5/1/2013 5:00,41,28,13
5/1/2013 6:00,200,147,53
5/1/2013 7:00,471,356,115
5/1/2013 8:00,622,446,176
5/1/2013 9:00,356,244,112
5/1/2013 10:00,149,74,75
5/1/2013 11:00,119,77,42
5/1/2013 12:00,95,57,38
5/1/2013 13:00,122,65,57
5/1/2013 14:00,136,72,64
5/1/2013 15:00,216,85,131
5/1/2013 16:00,361,146,215
5/1/2013 17:00,803,261,542
5/1/2013 18:00,666,257,409
5/1/2013 19:00,271,120,151
5/1/2013 20:00,169,75,94
5/1/2013 21:00,92,46,46
5/1/2013 22:00,46,16,30
5/1/2013 23:00,36,15,21
5/2/2013 0:00,20,11,9
5/2/2013 1:00,4,3,1
5/2/2013 2:00,6,2,4
5/2/2013 3:00,2,2,0
5/2/2013 4:00,6,4,2
5/2/2013 5:00,46,31,15
5/2/2013 6:00,260,197,63
5/2/2013 7:00,508,391,117
5/2/2013 8:00,603,433,170
5/2/2013 9:00,365,196,169
5/2/2013 10:00,152,82,70
5/2/2013 11:00,180,87,93
5/2/2013 12:00,121,73,48
5/2/2013 13:00,145,81,64
5/2/2013 14:00,139,72,67
5/2/2013 15:00,181,83,98
5/2/2013 16:00,340,126,214
5/2/2013 17:00,734,233,501
5/2/2013 18:00,533,197,336
5/2/2013 19:00,243,90,153
5/2/2013 20:00,107,47,60
5/2/2013 21:00,91,55,36
5/2/2013 22:00,51,22,29
5/2/2013 23:00,40,17,23
5/3/2013 0:00,17,7,10
5/3/2013 1:00,16,11,5
5/3/2013 2:00,4,1,3
5/3/2013 3:00,1,0,1
5/3/2013 4:00,5,3,2
5/3/2013 5:00,37,26,11
5/3/2013 6:00,176,120,56
5/3/2013 7:00,418,314,104
5/3/2013 8:00,519,362,157
5/3/2013 9:00,333,216,117
5/3/2013 10:00,160,98,62
5/3/2013 11:00,97,60,37
5/3/2013 12:00,132,62,70
5/3/2013 13:00,134,64,70
5/3/2013 14:00,146,71,75
5/3/2013 15:00,252,130,122
5/3/2013 16:00,432,157,275
5/3/2013 17:00,668,201,467
5/3/2013 18:00,413,153,260
5/3/2013 19:00,243,91,152
5/3/2013 20:00,103,44,59
5/3/2013 21:00,99,53,46
5/3/2013 22:00,63,25,38
5/3/2013 23:00,52,28,24
5/4/2013 0:00,26,7,19
5/4/2013 1:00,13,6,7
5/4/2013 2:00,12,4,8
5/4/2013 3:00,7,4,3
5/4/2013 4:00,1,1,0
5/4/2013 5:00,11,7,4
5/4/2013 6:00,29,17,12
5/4/2013 7:00,81,42,39
5/4/2013 8:00,116,65,51
5/4/2013 9:00,186,96,90
5/4/2013 10:00,210,134,76
5/4/2013 11:00,247,145,102
5/4/2013 12:00,217,124,93
5/4/2013 13:00,303,169,134
5/4/2013 14:00,270,138,132
5/4/2013 15:00,249,140,109
5/4/2013 16:00,253,144,109
5/4/2013 17:00,205,120,85
5/4/2013 18:00,163,116,47
5/4/2013 19:00,99,61,38
5/4/2013 20:00,82,52,30
5/4/2013 21:00,65,36,29
5/4/2013 22:00,48,29,19
5/4/2013 23:00,19,9,10
5/5/2013 0:00,23,12,11
5/5/2013 1:00,21,10,11
5/5/2013 2:00,17,10,7
5/5/2013 3:00,2,1,1
5/5/2013 4:00,4,3,1
5/5/2013 5:00,10,4,6
5/5/2013 6:00,21,14,7
5/5/2013 7:00,32,11,21
5/5/2013 8:00,87,55,32
5/5/2013 9:00,181,107,74
5/5/2013 10:00,184,109,75
5/5/2013 11:00,226,124,102
5/5/2013 12:00,261,137,124
5/5/2013 13:00,350,172,178
5/5/2013 14:00,311,167,144
5/5/2013 15:00,315,160,155
5/5/2013 16:00,252,151,101
5/5/2013 17:00,221,113,108
5/5/2013 18:00,163,94,69
5/5/2013 19:00,119,76,43
5/5/2013 20:00,99,71,28
5/5/2013 21:00,41,27,14
5/5/2013 22:00,43,24,19
5/5/2013 23:00,20,6,14
5/6/2013 0:00,12,4,8
5/6/2013 1:00,1,0,1
5/6/2013 2:00,4,2,2
5/6/2013 3:00,2,0,2
5/6/2013 4:00,5,3,2
5/6/2013 5:00,41,28,13
5/6/2013 6:00,215,151,64
5/6/2013 7:00,517,401,116
5/6/2013 8:00,650,448,202
5/6/2013 9:00,346,239,107
5/6/2013 10:00,119,64,55
5/6/2013 11:00,119,68,51
5/6/2013 12:00,101,62,39
5/6/2013 13:00,165,85,80
5/6/2013 14:00,154,86,68
5/6/2013 15:00,203,96,107
5/6/2013 16:00,425,169,256
5/6/2013 17:00,816,223,593
5/6/2013 18:00,516,173,343
5/6/2013 19:00,319,136,183
5/6/2013 20:00,130,64,66
5/6/2013 21:00,121,48,73
5/6/2013 22:00,64,37,27
5/6/2013 23:00,21,7,14
5/7/2013 0:00,14,5,9
5/7/2013 1:00,5,2,3
5/7/2013 2:00,2,2,0
5/7/2013 3:00,1,1,0
5/7/2013 4:00,5,3,2
5/7/2013 5:00,54,38,16
5/7/2013 6:00,247,172,75
5/7/2013 7:00,524,398,126
5/7/2013 8:00,666,468,198
5/7/2013 9:00,348,213,135
5/7/2013 10:00,126,85,41
5/7/2013 11:00,59,35,24
5/7/2013 12:00,98,58,40
5/7/2013 13:00,109,57,52
5/7/2013 14:00,136,75,61
5/7/2013 15:00,204,106,98
5/7/2013 16:00,412,163,249
5/7/2013 17:00,831,247,584
5/7/2013 18:00,585,213,372
5/7/2013 19:00,314,133,181
5/7/2013 20:00,168,76,92
5/7/2013 21:00,102,52,50
5/7/2013 22:00,59,31,28
5/7/2013 23:00,34,20,14
5/8/2013 0:00,14,8,6
5/8/2013 1:00,8,3,5
5/8/2013 2:00,5,1,4
5/8/2013 3:00,4,1,3
5/8/2013 4:00,6,3,3
5/8/2013 5:00,54,40,14
5/8/2013 6:00,216,147,69
5/8/2013 7:00,503,377,126
5/8/2013 8:00,646,460,186
5/8/2013 9:00,367,246,121
5/8/2013 10:00,130,80,50
5/8/2013 11:00,93,58,35
5/8/2013 12:00,98,54,44
5/8/2013 13:00,108,54,54
5/8/2013 14:00,142,67,75
5/8/2013 15:00,193,84,109
5/8/2013 16:00,367,150,217
5/8/2013 17:00,757,230,527
5/8/2013 18:00,542,187,355
5/8/2013 19:00,341,145,196
5/8/2013 20:00,189,78,111
5/8/2013 21:00,105,44,61
5/8/2013 22:00,45,20,25
5/8/2013 23:00,39,21,18
5/9/2013 0:00,10,5,5
5/9/2013 1:00,17,6,11
5/9/2013 2:00,7,5,2
5/9/2013 3:00,4,0,4
5/9/2013 4:00,6,2,4
5/9/2013 5:00,51,33,18
5/9/2013 6:00,206,150,56
5/9/2013 7:00,496,375,121
5/9/2013 8:00,570,409,161
5/9/2013 9:00,298,199,99
5/9/2013 10:00,129,91,38
5/9/2013 11:00,87,48,39
5/9/2013 12:00,97,45,52
5/9/2013 13:00,120,53,67
5/9/2013 14:00,131,65,66
5/9/2013 15:00,195,81,114
5/9/2013 16:00,345,113,232
5/9/2013 17:00,751,240,511
5/9/2013 18:00,511,173,338
5/9/2013 19:00,282,134,148
5/9/2013 20:00,145,58,87
5/9/2013 21:00,99,39,60
5/9/2013 22:00,51,21,30
5/9/2013 23:00,55,33,22
5/10/2013 0:00,24,12,12
5/10/2013 1:00,2,2,0
5/10/2013 2:00,4,3,1
5/10/2013 3:00,0,0,0
5/10/2013 4:00,7,5,2
5/10/2013 5:00,51,38,13
5/10/2013 6:00,225,168,57
5/10/2013 7:00,481,355,126
5/10/2013 8:00,642,476,166
5/10/2013 9:00,319,201,118
5/10/2013 10:00,157,102,55
5/10/2013 11:00,131,83,48
5/10/2013 12:00,144,74,70
5/10/2013 13:00,146,75,71
5/10/2013 14:00,185,104,81
5/10/2013 15:00,236,95,141
5/10/2013 16:00,433,177,256
5/10/2013 17:00,692,212,480
5/10/2013 18:00,447,172,275
5/10/2013 19:00,225,82,143
5/10/2013 20:00,118,48,70
5/10/2013 21:00,89,38,51
5/10/2013 22:00,56,32,24
5/10/2013 23:00,52,32,20
5/11/2013 0:00,32,11,21
5/11/2013 1:00,15,6,9
5/11/2013 2:00,9,6,3
5/11/2013 3:00,5,4,1
5/11/2013 4:00,3,0,3
5/11/2013 5:00,11,9,2
5/11/2013 6:00,34,17,17
5/11/2013 7:00,56,29,27
5/11/2013 8:00,91,52,39
5/11/2013 9:00,154,82,72
5/11/2013 10:00,186,109,77
5/11/2013 11:00,195,97,98
5/11/2013 12:00,200,127,73
5/11/2013 13:00,208,129,79
5/11/2013 14:00,183,98,85
5/11/2013 15:00,244,131,113
5/11/2013 16:00,223,136,87
5/11/2013 17:00,203,107,96
5/11/2013 18:00,137,79,58
5/11/2013 19:00,101,57,44
5/11/2013 20:00,75,40,35
5/11/2013 21:00,44,24,20
5/11/2013 22:00,42,24,18
5/11/2013 23:00,30,14,16
5/12/2013 0:00,29,13,16
5/12/2013 1:00,11,5,6
5/12/2013 2:00,16,4,12
5/12/2013 3:00,5,2,3
5/12/2013 4:00,4,1,3
5/12/2013 5:00,7,4,3
5/12/2013 6:00,6,2,4
5/12/2013 7:00,14,9,5
5/12/2013 8:00,53,30,23
5/12/2013 9:00,53,27,26
5/12/2013 10:00,51,32,19
5/12/2013 11:00,99,52,47
5/12/2013 12:00,73,47,26
5/12/2013 13:00,106,56,50
5/12/2013 14:00,103,63,40
5/12/2013 15:00,142,83,59
5/12/2013 16:00,109,66,43
5/12/2013 17:00,115,67,48
5/12/2013 18:00,97,54,43
5/12/2013 19:00,59,33,26
5/12/2013 20:00,41,19,22
5/12/2013 21:00,28,12,16
5/12/2013 22:00,22,12,10
5/12/2013 23:00,20,13,7
5/13/2013 0:00,9,5,4
5/13/2013 1:00,5,3,2
5/13/2013 2:00,2,1,1
5/13/2013 3:00,3,0,3
5/13/2013 4:00,5,3,2
5/13/2013 5:00,43,27,16
5/13/2013 6:00,185,131,54
5/13/2013 7:00,372,275,97
5/13/2013 8:00,510,380,130
5/13/2013 9:00,253,158,95
5/13/2013 10:00,116,67,49
5/13/2013 11:00,69,43,26
5/13/2013 12:00,64,38,26
5/13/2013 13:00,73,41,32
5/13/2013 14:00,56,26,30
5/13/2013 15:00,88,34,54
5/13/2013 16:00,225,84,141
5/13/2013 17:00,510,129,381
5/13/2013 18:00,390,111,279
5/13/2013 19:00,175,62,113
5/13/2013 20:00,103,43,60
5/13/2013 21:00,50,29,21
5/13/2013 22:00,38,15,23
5/13/2013 23:00,23,8,15
5/14/2013 0:00,23,7,16
5/14/2013 1:00,5,1,4
5/14/2013 2:00,2,1,1
5/14/2013 3:00,0,0,0
5/14/2013 4:00,6,4,2
5/14/2013 5:00,43,31,12
5/14/2013 6:00,209,143,66
5/14/2013 7:00,468,344,124
5/14/2013 8:00,589,434,155
5/14/2013 9:00,286,177,109
5/14/2013 10:00,113,78,35
5/14/2013 11:00,71,38,33
5/14/2013 12:00,92,53,39
5/14/2013 13:00,97,57,40
5/14/2013 14:00,141,68,73
5/14/2013 15:00,188,81,107
5/14/2013 16:00,347,138,209
5/14/2013 17:00,705,201,504
5/14/2013 18:00,566,212,354
5/14/2013 19:00,299,126,173
5/14/2013 20:00,136,64,72
5/14/2013 21:00,104,53,51
5/14/2013 22:00,60,23,37
5/14/2013 23:00,25,11,14
5/15/2013 0:00,21,10,11
5/15/2013 1:00,6,2,4
5/15/2013 2:00,7,6,1
5/15/2013 3:00,5,2,3
5/15/2013 4:00,4,3,1
5/15/2013 5:00,36,25,11
5/15/2013 6:00,198,144,54
5/15/2013 7:00,417,308,109
5/15/2013 8:00,561,395,166
5/15/2013 9:00,285,197,88
5/15/2013 10:00,135,80,55
5/15/2013 11:00,111,70,41
5/15/2013 12:00,96,53,43
5/15/2013 13:00,110,58,52
5/15/2013 14:00,113,56,57
5/15/2013 15:00,149,69,80
5/15/2013 16:00,264,84,180
5/15/2013 17:00,607,165,442
5/15/2013 18:00,374,107,267
5/15/2013 19:00,166,59,107
5/15/2013 20:00,105,27,78
5/15/2013 21:00,59,28,31
5/15/2013 22:00,43,22,21
5/15/2013 23:00,24,14,10
5/16/2013 0:00,5,2,3
5/16/2013 1:00,3,2,1
5/16/2013 2:00,7,0,7
5/16/2013 3:00,2,0,2
5/16/2013 4:00,3,3,0
5/16/2013 5:00,40,27,13
5/16/2013 6:00,183,125,58
5/16/2013 7:00,375,274,101
5/16/2013 8:00,541,380,161
5/16/2013 9:00,311,183,128
5/16/2013 10:00,118,75,43
5/16/2013 11:00,91,46,45
5/16/2013 12:00,91,50,41
5/16/2013 13:00,94,55,39
5/16/2013 14:00,145,69,76
5/16/2013 15:00,177,82,95
5/16/2013 16:00,315,123,192
5/16/2013 17:00,697,214,483
5/16/2013 18:00,476,164,312
5/16/2013 19:00,270,123,147
5/16/2013 20:00,146,72,74
5/16/2013 21:00,95,39,56
5/16/2013 22:00,46,23,23
5/16/2013 23:00,43,26,17
5/17/2013 0:00,20,11,9
5/17/2013 1:00,7,1,6
5/17/2013 2:00,9,7,2
5/17/2013 3:00,4,2,2
5/17/2013 4:00,8,7,1
5/17/2013 5:00,68,53,15
5/17/2013 6:00,302,236,66
5/17/2013 7:00,741,626,115
5/17/2013 8:00,701,553,148
5/17/2013 9:00,338,251,87
5/17/2013 10:00,126,79,47
5/17/2013 11:00,94,50,44
5/17/2013 12:00,85,40,45
5/17/2013 13:00,101,66,35
5/17/2013 14:00,124,63,61
5/17/2013 15:00,197,76,121
5/17/2013 16:00,376,126,250
5/17/2013 17:00,637,176,461
5/17/2013 18:00,410,121,289
5/17/2013 19:00,168,67,101
5/17/2013 20:00,108,42,66
5/17/2013 21:00,78,40,38
5/17/2013 22:00,51,27,24
5/17/2013 23:00,30,15,15
5/18/2013 0:00,34,16,18
5/18/2013 1:00,14,7,7
5/18/2013 2:00,8,5,3
5/18/2013 3:00,6,3,3
5/18/2013 4:00,4,2,2
5/18/2013 5:00,15,10,5
5/18/2013 6:00,35,22,13
5/18/2013 7:00,53,25,28
5/18/2013 8:00,79,40,39
5/18/2013 9:00,126,63,63
5/18/2013 10:00,123,68,55
5/18/2013 11:00,127,73,54
5/18/2013 12:00,122,70,52
5/18/2013 13:00,144,93,51
5/18/2013 14:00,132,70,62
5/18/2013 15:00,126,72,54
5/18/2013 16:00,109,65,44
5/18/2013 17:00,123,57,66
5/18/2013 18:00,126,74,52
5/18/2013 19:00,91,55,36
5/18/2013 20:00,66,36,30
5/18/2013 21:00,56,32,24
5/18/2013 22:00,57,24,33
5/18/2013 23:00,38,18,20
5/19/2013 0:00,33,19,14
5/19/2013 1:00,21,14,7
5/19/2013 2:00,6,2,4
5/19/2013 3:00,7,4,3
5/19/2013 4:00,5,1,4
5/19/2013 5:00,9,6,3
5/19/2013 6:00,15,6,9
5/19/2013 7:00,45,19,26
5/19/2013 8:00,85,45,40
5/19/2013 9:00,109,57,52
5/19/2013 10:00,137,82,55
5/19/2013 11:00,164,108,56
5/19/2013 12:00,155,88,67
5/19/2013 13:00,210,119,91
5/19/2013 14:00,204,114,90
5/19/2013 15:00,203,110,93
5/19/2013 16:00,174,97,77
5/19/2013 17:00,142,80,62
5/19/2013 18:00,140,82,58
5/19/2013 19:00,113,52,61
5/19/2013 20:00,61,32,29
5/19/2013 21:00,50,24,26
5/19/2013 22:00,26,14,12
5/19/2013 23:00,22,11,11
5/20/2013 0:00,12,6,6
5/20/2013 1:00,3,1,2
5/20/2013 2:00,5,2,3
5/20/2013 3:00,5,2,3
5/20/2013 4:00,4,0,4
5/20/2013 5:00,56,41,15
5/20/2013 6:00,198,147,51
5/20/2013 7:00,501,369,132
5/20/2013 8:00,590,432,158
5/20/2013 9:00,329,216,113
5/20/2013 10:00,115,69,46
5/20/2013 11:00,85,53,32
5/20/2013 12:00,93,65,28
5/20/2013 13:00,104,54,50
5/20/2013 14:00,157,87,70
5/20/2013 15:00,212,104,108
5/20/2013 16:00,384,158,226
5/20/2013 17:00,764,213,551
5/20/2013 18:00,523,163,360
5/20/2013 19:00,245,105,140
5/20/2013 20:00,117,47,70
5/20/2013 21:00,82,39,43
5/20/2013 22:00,39,20,19
5/20/2013 23:00,26,9,17
5/21/2013 0:00,19,12,7
5/21/2013 1:00,6,2,4
5/21/2013 2:00,1,1,0
5/21/2013 3:00,1,1,0
5/21/2013 4:00,4,2,2
5/21/2013 5:00,24,19,5
5/21/2013 6:00,94,66,28
5/21/2013 7:00,264,205,59
5/21/2013 8:00,347,249,98
5/21/2013 9:00,213,134,79
5/21/2013 10:00,65,40,25
5/21/2013 11:00,34,21,13
5/21/2013 12:00,54,32,22
5/21/2013 13:00,65,38,27
5/21/2013 14:00,71,32,39
5/21/2013 15:00,87,36,51
5/21/2013 16:00,175,67,108
5/21/2013 17:00,410,129,281
5/21/2013 18:00,269,70,199
5/21/2013 19:00,109,34,75
5/21/2013 20:00,75,27,48
5/21/2013 21:00,55,27,28
5/21/2013 22:00,18,5,13
5/21/2013 23:00,21,15,6
5/22/2013 0:00,3,0,3
5/22/2013 1:00,3,0,3
5/22/2013 2:00,3,2,1
5/22/2013 3:00,1,1,0
5/22/2013 4:00,2,0,2
5/22/2013 5:00,32,27,5
5/22/2013 6:00,136,99,37
5/22/2013 7:00,320,239,81
5/22/2013 8:00,360,266,94
5/22/2013 9:00,229,151,78
5/22/2013 10:00,85,46,39
5/22/2013 11:00,43,26,17
5/22/2013 12:00,37,25,12
5/22/2013 13:00,44,16,28
5/22/2013 14:00,62,24,38
5/22/2013 15:00,91,46,45
5/22/2013 16:00,198,71,127
5/22/2013 17:00,479,159,320
5/22/2013 18:00,345,114,231
5/22/2013 19:00,155,55,100
5/22/2013 20:00,97,39,58
5/22/2013 21:00,67,32,35
5/22/2013 22:00,43,17,26
5/22/2013 23:00,25,12,13
5/23/2013 0:00,6,2,4
5/23/2013 1:00,10,5,5
5/23/2013 2:00,3,2,1
5/23/2013 3:00,1,1,0
5/23/2013 4:00,2,0,2
5/23/2013 5:00,30,19,11
5/23/2013 6:00,116,90,26
5/23/2013 7:00,274,210,64
5/23/2013 8:00,430,303,127
5/23/2013 9:00,233,145,88
5/23/2013 10:00,113,78,35
5/23/2013 11:00,82,51,31
5/23/2013 12:00,99,57,42
5/23/2013 13:00,75,30,45
5/23/2013 14:00,88,44,44
5/23/2013 15:00,100,42,58
5/23/2013 16:00,204,70,134
5/23/2013 17:00,421,125,296
5/23/2013 18:00,354,120,234
5/23/2013 19:00,175,65,110
5/23/2013 20:00,95,36,59
5/23/2013 21:00,46,22,24
5/23/2013 22:00,41,24,17
5/23/2013 23:00,25,9,16
5/24/2013 0:00,12,4,8
5/24/2013 1:00,3,1,2
5/24/2013 2:00,3,2,1
5/24/2013 3:00,5,3,2
5/24/2013 4:00,4,3,1
5/24/2013 5:00,26,15,11
5/24/2013 6:00,143,107,36
5/24/2013 7:00,288,213,75
5/24/2013 8:00,387,289,98
5/24/2013 9:00,214,130,84
5/24/2013 10:00,137,59,78
5/24/2013 11:00,84,52,32
5/24/2013 12:00,112,54,58
5/24/2013 13:00,131,73,58
5/24/2013 14:00,132,57,75
5/24/2013 15:00,214,97,117
5/24/2013 16:00,350,137,213
5/24/2013 17:00,433,166,267
5/24/2013 18:00,317,119,198
5/24/2013 19:00,146,64,82
5/24/2013 20:00,82,36,46
5/24/2013 21:00,61,19,42
5/24/2013 22:00,56,21,35
5/24/2013 23:00,33,11,22
5/25/2013 0:00,22,8,14
5/25/2013 1:00,15,5,10
5/25/2013 2:00,9,5,4
5/25/2013 3:00,6,3,3
5/25/2013 4:00,3,1,2
5/25/2013 5:00,9,4,5
5/25/2013 6:00,21,12,9
5/25/2013 7:00,50,30,20
5/25/2013 8:00,78,49,29
5/25/2013 9:00,98,68,30
5/25/2013 10:00,108,75,33
5/25/2013 11:00,126,62,64
5/25/2013 12:00,116,63,53
5/25/2013 13:00,145,79,66
5/25/2013 14:00,144,74,70
5/25/2013 15:00,202,117,85
5/25/2013 16:00,141,74,67
5/25/2013 17:00,128,63,65
5/25/2013 18:00,103,51,52
5/25/2013 19:00,79,38,41
5/25/2013 20:00,55,23,32
5/25/2013 21:00,38,14,24
5/25/2013 22:00,41,10,31
5/25/2013 23:00,29,10,19
5/26/2013 0:00,14,5,9
5/26/2013 1:00,5,4,1
5/26/2013 2:00,5,1,4
5/26/2013 3:00,5,2,3
5/26/2013 4:00,4,2,2
5/26/2013 5:00,5,5,0
5/26/2013 6:00,11,5,6
5/26/2013 7:00,17,11,6
5/26/2013 8:00,17,7,10
5/26/2013 9:00,34,25,9
5/26/2013 10:00,53,42,11
5/26/2013 11:00,58,38,20
5/26/2013 12:00,92,47,45
5/26/2013 13:00,91,51,40
5/26/2013 14:00,91,54,37
5/26/2013 15:00,121,75,46
5/26/2013 16:00,137,85,52
5/26/2013 17:00,112,64,48
5/26/2013 18:00,95,44,51
5/26/2013 19:00,82,36,46
5/26/2013 20:00,53,30,23
5/26/2013 21:00,33,9,24
5/26/2013 22:00,31,14,17
5/26/2013 23:00,25,9,16
5/27/2013 0:00,15,10,5
5/27/2013 1:00,12,7,5
5/27/2013 2:00,4,2,2
5/27/2013 3:00,2,1,1
5/27/2013 4:00,2,1,1
5/27/2013 5:00,12,6,6
5/27/2013 6:00,17,6,11
5/27/2013 7:00,42,23,19
5/27/2013 8:00,65,39,26
5/27/2013 9:00,57,35,22
5/27/2013 10:00,65,38,27
5/27/2013 11:00,50,32,18
5/27/2013 12:00,58,29,29
5/27/2013 13:00,43,20,23
5/27/2013 14:00,48,22,26
5/27/2013 15:00,52,21,31
5/27/2013 16:00,44,16,28
5/27/2013 17:00,38,19,19
5/27/2013 18:00,38,18,20
5/27/2013 19:00,24,7,17
5/27/2013 20:00,31,12,19
5/27/2013 21:00,23,10,13
5/27/2013 22:00,18,8,10
5/27/2013 23:00,9,3,6
5/28/2013 0:00,9,3,6
5/28/2013 1:00,4,3,1
5/28/2013 2:00,7,7,0
5/28/2013 3:00,2,2,0
5/28/2013 4:00,4,2,2
5/28/2013 5:00,29,23,6
5/28/2013 6:00,142,106,36
5/28/2013 7:00,347,252,95
5/28/2013 8:00,462,337,125
5/28/2013 9:00,249,163,86
5/28/2013 10:00,102,67,35
5/28/2013 11:00,79,48,31
5/28/2013 12:00,63,42,21
5/28/2013 13:00,97,45,52
5/28/2013 14:00,87,46,41
5/28/2013 15:00,114,48,66
5/28/2013 16:00,230,89,141
5/28/2013 17:00,544,152,392
5/28/2013 18:00,410,146,264
5/28/2013 19:00,169,62,107
5/28/2013 20:00,95,44,51
5/28/2013 21:00,59,33,26
5/28/2013 22:00,41,18,23
5/28/2013 23:00,14,6,8
5/29/2013 0:00,12,4,8
5/29/2013 1:00,3,1,2
5/29/2013 2:00,3,2,1
5/29/2013 3:00,0,0,0
5/29/2013 4:00,5,3,2
5/29/2013 5:00,24,22,2
5/29/2013 6:00,119,80,39
5/29/2013 7:00,277,214,63
5/29/2013 8:00,407,299,108
5/29/2013 9:00,270,194,76
5/29/2013 10:00,98,59,39
5/29/2013 11:00,85,44,41
5/29/2013 12:00,66,39,27
5/29/2013 13:00,65,28,37
5/29/2013 14:00,90,43,47
5/29/2013 15:00,138,62,76
5/29/2013 16:00,224,88,136
5/29/2013 17:00,444,150,294
5/29/2013 18:00,414,144,270
5/29/2013 19:00,186,47,139
5/29/2013 20:00,80,33,47
5/29/2013 21:00,72,39,33
5/29/2013 22:00,37,16,21
5/29/2013 23:00,18,7,11
5/30/2013 0:00,11,3,8
5/30/2013 1:00,6,4,2
5/30/2013 2:00,3,2,1
5/30/2013 3:00,3,3,0
5/30/2013 4:00,8,4,4
5/30/2013 5:00,42,29,13
5/30/2013 6:00,170,120,50
5/30/2013 7:00,375,283,92
5/30/2013 8:00,515,370,145
5/30/2013 9:00,276,184,92
5/30/2013 10:00,142,93,49
5/30/2013 11:00,87,53,34
5/30/2013 12:00,90,47,43
5/30/2013 13:00,95,43,52
5/30/2013 14:00,108,57,51
5/30/2013 15:00,132,59,73
5/30/2013 16:00,269,103,166
5/30/2013 17:00,607,182,425
5/30/2013 18:00,502,167,335
5/30/2013 19:00,220,85,135
5/30/2013 20:00,124,50,74
5/30/2013 21:00,84,34,50
5/30/2013 22:00,57,27,30
5/30/2013 23:00,37,20,17
5/31/2013 0:00,18,15,3
5/31/2013 1:00,12,5,7
5/31/2013 2:00,4,2,2
5/31/2013 3:00,3,3,0
5/31/2013 4:00,2,1,1
5/31/2013 5:00,33,24,9
5/31/2013 6:00,169,125,44
5/31/2013 7:00,389,286,103
5/31/2013 8:00,540,401,139
5/31/2013 9:00,305,197,108
5/31/2013 10:00,150,87,63
5/31/2013 11:00,122,67,55
5/31/2013 12:00,106,58,48
5/31/2013 13:00,138,67,71
5/31/2013 14:00,142,68,74
5/31/2013 15:00,216,102,114
5/31/2013 16:00,382,144,238
5/31/2013 17:00,689,203,486
5/31/2013 18:00,418,159,259
5/31/2013 19:00,239,117,122
5/31/2013 20:00,157,65,92
5/31/2013 21:00,84,43,41
5/31/2013 22:00,59,39,20
5/31/2013 23:00,38,18,20
6/1/2013 0:00,32,14,18
6/1/2013 1:00,22,11,11
6/1/2013 2:00,6,3,3
6/1/2013 3:00,7,5,2
6/1/2013 4:00,8,7,1
6/1/2013 5:00,13,8,5
6/1/2013 6:00,29,17,12
6/1/2013 7:00,53,28,25
6/1/2013 8:00,86,54,32
6/1/2013 9:00,135,71,64
6/1/2013 10:00,130,74,56
6/1/2013 11:00,151,87,64
6/1/2013 12:00,172,110,62
6/1/2013 13:00,194,114,80
6/1/2013 14:00,200,114,86
6/1/2013 15:00,244,133,111
6/1/2013 16:00,171,97,74
6/1/2013 17:00,203,110,93
6/1/2013 18:00,117,74,43
6/1/2013 19:00,103,59,44
6/1/2013 20:00,47,27,20
6/1/2013 21:00,31,18,13
6/1/2013 22:00,53,20,33
6/1/2013 23:00,33,13,20
6/2/2013 0:00,23,14,9
6/2/2013 1:00,22,13,9
6/2/2013 2:00,13,4,9
6/2/2013 3:00,2,2,0
6/2/2013 4:00,8,6,2
6/2/2013 5:00,7,6,1
6/2/2013 6:00,11,7,4
6/2/2013 7:00,27,18,9
6/2/2013 8:00,76,54,22
6/2/2013 9:00,128,85,43
6/2/2013 10:00,166,97,69
6/2/2013 11:00,213,134,79
6/2/2013 12:00,263,149,114
6/2/2013 13:00,224,131,93
6/2/2013 14:00,292,167,125
6/2/2013 15:00,247,129,118
6/2/2013 16:00,233,128,105
6/2/2013 17:00,201,118,83
6/2/2013 18:00,200,113,87
6/2/2013 19:00,98,59,39
6/2/2013 20:00,90,58,32
6/2/2013 21:00,64,46,18
6/2/2013 22:00,36,19,17
6/2/2013 23:00,32,11,21
6/3/2013 0:00,23,10,13
6/3/2013 1:00,9,4,5
6/3/2013 2:00,3,2,1
6/3/2013 3:00,3,3,0
6/3/2013 4:00,5,3,2
6/3/2013 5:00,38,25,13
6/3/2013 6:00,176,125,51
6/3/2013 7:00,409,303,106
6/3/2013 8:00,520,353,167
6/3/2013 9:00,267,176,91
6/3/2013 10:00,111,60,51
6/3/2013 11:00,81,52,29
6/3/2013 12:00,87,44,43
6/3/2013 13:00,99,56,43
6/3/2013 14:00,120,67,53
6/3/2013 15:00,187,83,104
6/3/2013 16:00,325,125,200
6/3/2013 17:00,670,213,457
6/3/2013 18:00,560,212,348
6/3/2013 19:00,249,96,153
6/3/2013 20:00,144,70,74
6/3/2013 21:00,122,74,48
6/3/2013 22:00,59,24,35
6/3/2013 23:00,25,6,19
6/4/2013 0:00,9,2,7
6/4/2013 1:00,8,3,5
6/4/2013 2:00,2,2,0
6/4/2013 3:00,2,1,1
6/4/2013 4:00,8,5,3
6/4/2013 5:00,48,36,12
6/4/2013 6:00,205,145,60
6/4/2013 7:00,498,360,138
6/4/2013 8:00,601,428,173
6/4/2013 9:00,343,244,99
6/4/2013 10:00,135,71,64
6/4/2013 11:00,106,67,39
6/4/2013 12:00,140,79,61
6/4/2013 13:00,141,79,62
6/4/2013 14:00,134,54,80
6/4/2013 15:00,185,90,95
6/4/2013 16:00,382,146,236
6/4/2013 17:00,770,238,532
6/4/2013 18:00,632,232,400
6/4/2013 19:00,323,148,175
6/4/2013 20:00,190,92,98
6/4/2013 21:00,154,83,71
6/4/2013 22:00,69,34,35
6/4/2013 23:00,36,16,20
6/5/2013 0:00,22,11,11
6/5/2013 1:00,10,5,5
6/5/2013 2:00,11,8,3
6/5/2013 3:00,4,3,1
6/5/2013 4:00,11,10,1
6/5/2013 5:00,46,31,15
6/5/2013 6:00,208,148,60
6/5/2013 7:00,445,322,123
6/5/2013 8:00,579,389,190
6/5/2013 9:00,376,245,131
6/5/2013 10:00,155,88,67
6/5/2013 11:00,119,61,58
6/5/2013 12:00,132,71,61
6/5/2013 13:00,128,60,68
6/5/2013 14:00,167,85,82
6/5/2013 15:00,213,103,110
6/5/2013 16:00,366,144,222
6/5/2013 17:00,753,255,498
6/5/2013 18:00,579,215,364
6/5/2013 19:00,301,120,181
6/5/2013 20:00,189,76,113
6/5/2013 21:00,104,53,51
6/5/2013 22:00,86,56,30
6/5/2013 23:00,34,13,21
6/6/2013 0:00,11,6,5
6/6/2013 1:00,10,6,4
6/6/2013 2:00,9,7,2
6/6/2013 3:00,2,1,1
6/6/2013 4:00,7,5,2
6/6/2013 5:00,50,38,12
6/6/2013 6:00,184,122,62
6/6/2013 7:00,424,295,129
6/6/2013 8:00,578,384,194
6/6/2013 9:00,326,213,113
6/6/2013 10:00,140,78,62
6/6/2013 11:00,103,63,40
6/6/2013 12:00,116,69,47
6/6/2013 13:00,158,74,84
6/6/2013 14:00,137,63,74
6/6/2013 15:00,155,75,80
6/6/2013 16:00,367,136,231
6/6/2013 17:00,682,214,468
6/6/2013 18:00,494,184,310
6/6/2013 19:00,297,120,177
6/6/2013 20:00,145,62,83
6/6/2013 21:00,95,51,44
6/6/2013 22:00,106,75,31
6/6/2013 23:00,43,8,35
6/7/2013 0:00,15,7,8
6/7/2013 1:00,7,2,5
6/7/2013 2:00,4,3,1
6/7/2013 3:00,3,0,3
6/7/2013 4:00,6,4,2
6/7/2013 5:00,37,26,11
6/7/2013 6:00,158,109,49
6/7/2013 7:00,325,232,93
6/7/2013 8:00,497,345,152
6/7/2013 9:00,280,194,86
6/7/2013 10:00,120,66,54
6/7/2013 11:00,98,53,45
6/7/2013 12:00,110,59,51
6/7/2013 13:00,116,56,60
6/7/2013 14:00,132,65,67
6/7/2013 15:00,123,59,64
6/7/2013 16:00,327,127,200
6/7/2013 17:00,423,128,295
6/7/2013 18:00,450,170,280
6/7/2013 19:00,156,62,94
6/7/2013 20:00,113,37,76
6/7/2013 21:00,83,37,46
6/7/2013 22:00,45,21,24
6/7/2013 23:00,48,22,26
6/8/2013 0:00,31,7,24
6/8/2013 1:00,19,8,11
6/8/2013 2:00,7,4,3
6/8/2013 3:00,5,5,0
6/8/2013 4:00,3,1,2
6/8/2013 5:00,5,3,2
6/8/2013 6:00,24,10,14
6/8/2013 7:00,42,27,15
6/8/2013 8:00,84,51,33
6/8/2013 9:00,115,71,44
6/8/2013 10:00,134,75,59
6/8/2013 11:00,140,79,61
6/8/2013 12:00,131,62,69
6/8/2013 13:00,186,88,98
6/8/2013 14:00,177,98,79
6/8/2013 15:00,179,113,66
6/8/2013 16:00,175,91,84
6/8/2013 17:00,184,89,95
6/8/2013 18:00,162,83,79
6/8/2013 19:00,122,78,44
6/8/2013 20:00,62,35,27
6/8/2013 21:00,65,39,26
6/8/2013 22:00,75,36,39
6/8/2013 23:00,52,21,31
6/9/2013 0:00,26,12,14
6/9/2013 1:00,10,3,7
6/9/2013 2:00,9,6,3
6/9/2013 3:00,6,4,2
6/9/2013 4:00,5,2,3
6/9/2013 5:00,5,4,1
6/9/2013 6:00,18,9,9
6/9/2013 7:00,25,14,11
6/9/2013 8:00,79,40,39
6/9/2013 9:00,93,50,43
6/9/2013 10:00,151,104,47
6/9/2013 11:00,139,85,54
6/9/2013 12:00,143,75,68
6/9/2013 13:00,228,118,110
6/9/2013 14:00,180,100,80
6/9/2013 15:00,233,144,89
6/9/2013 16:00,209,121,88
6/9/2013 17:00,175,98,77
6/9/2013 18:00,114,63,51
6/9/2013 19:00,95,50,45
6/9/2013 20:00,53,35,18
6/9/2013 21:00,31,18,13
6/9/2013 22:00,28,14,14
6/9/2013 23:00,26,14,12
6/10/2013 0:00,9,2,7
6/10/2013 1:00,6,5,1
6/10/2013 2:00,5,3,2
6/10/2013 3:00,3,0,3
6/10/2013 4:00,8,4,4
6/10/2013 5:00,52,31,21
6/10/2013 6:00,166,112,54
6/10/2013 7:00,411,299,112
6/10/2013 8:00,557,389,168
6/10/2013 9:00,291,196,95
6/10/2013 10:00,114,71,43
6/10/2013 11:00,83,50,33
6/10/2013 12:00,103,45,58
6/10/2013 13:00,139,78,61
6/10/2013 14:00,114,58,56
6/10/2013 15:00,190,75,115
6/10/2013 16:00,353,147,206
6/10/2013 17:00,654,189,465
6/10/2013 18:00,545,192,353
6/10/2013 19:00,235,88,147
6/10/2013 20:00,136,73,63
6/10/2013 21:00,98,60,38
6/10/2013 22:00,61,30,31
6/10/2013 23:00,36,18,18
6/11/2013 0:00,14,3,11
6/11/2013 1:00,4,2,2
6/11/2013 2:00,11,5,6
6/11/2013 3:00,4,3,1
6/11/2013 4:00,12,6,6
6/11/2013 5:00,43,32,11
6/11/2013 6:00,149,102,47
6/11/2013 7:00,384,276,108
6/11/2013 8:00,485,333,152
6/11/2013 9:00,272,186,86
6/11/2013 10:00,125,75,50
6/11/2013 11:00,57,32,25
6/11/2013 12:00,66,37,29
6/11/2013 13:00,67,32,35
6/11/2013 14:00,65,33,32
6/11/2013 15:00,135,55,80
6/11/2013 16:00,279,107,172
6/11/2013 17:00,561,185,376
6/11/2013 18:00,423,151,272
6/11/2013 19:00,216,84,132
6/11/2013 20:00,118,57,61
6/11/2013 21:00,102,58,44
6/11/2013 22:00,58,18,40
6/11/2013 23:00,28,11,17
6/12/2013 0:00,13,5,8
6/12/2013 1:00,4,3,1
6/12/2013 2:00,5,5,0
6/12/2013 3:00,4,2,2
6/12/2013 4:00,6,3,3
6/12/2013 5:00,33,23,10
6/12/2013 6:00,141,102,39
6/12/2013 7:00,350,257,93
6/12/2013 8:00,458,317,141
6/12/2013 9:00,299,187,112
6/12/2013 10:00,130,76,54
6/12/2013 11:00,123,60,63
6/12/2013 12:00,104,58,46
6/12/2013 13:00,112,61,51
6/12/2013 14:00,108,54,54
6/12/2013 15:00,169,79,90
6/12/2013 16:00,298,116,182
6/12/2013 17:00,601,205,396
6/12/2013 18:00,514,197,317
6/12/2013 19:00,219,87,132
6/12/2013 20:00,136,54,82
6/12/2013 21:00,98,49,49
6/12/2013 22:00,50,28,22
6/12/2013 23:00,30,10,20
6/13/2013 0:00,17,11,6
6/13/2013 1:00,5,4,1
6/13/2013 2:00,10,5,5
6/13/2013 3:00,2,0,2
6/13/2013 4:00,8,5,3
6/13/2013 5:00,36,26,10
6/13/2013 6:00,133,84,49
6/13/2013 7:00,343,259,84
6/13/2013 8:00,485,334,151
6/13/2013 9:00,268,168,100
6/13/2013 10:00,123,73,50
6/13/2013 11:00,93,50,43
6/13/2013 12:00,78,44,34
6/13/2013 13:00,118,56,62
6/13/2013 14:00,122,66,56
6/13/2013 15:00,136,58,78
6/13/2013 16:00,279,106,173
6/13/2013 17:00,588,193,395
6/13/2013 18:00,488,211,277
6/13/2013 19:00,230,103,127
6/13/2013 20:00,147,60,87
6/13/2013 21:00,103,51,52
6/13/2013 22:00,71,32,39
6/13/2013 23:00,32,12,20
6/14/2013 0:00,16,5,11
6/14/2013 1:00,14,7,7
6/14/2013 2:00,1,1,0
6/14/2013 3:00,6,5,1
6/14/2013 4:00,33,20,13
6/14/2013 5:00,154,103,51
6/14/2013 6:00,314,225,89
6/14/2013 7:00,417,305,112
6/14/2013 8:00,254,160,94
6/14/2013 9:00,,,
6/14/2013 10:00,,,
6/14/2013 11:00,43,28,15
6/14/2013 12:00,85,50,35
6/14/2013 13:00,108,39,69
6/14/2013 14:00,113,44,69
6/14/2013 15:00,181,73,108
6/14/2013 16:00,296,122,174
6/14/2013 17:00,516,160,356
6/14/2013 18:00,342,120,222
6/14/2013 19:00,148,64,84
6/14/2013 20:00,138,72,66
6/14/2013 21:00,68,41,27
6/14/2013 22:00,47,31,16
6/14/2013 23:00,28,15,13
6/15/2013 0:00,16,5,11
6/15/2013 1:00,14,9,5
6/15/2013 2:00,9,7,2
6/15/2013 3:00,4,2,2
6/15/2013 4:00,5,2,3
6/15/2013 5:00,14,9,5
6/15/2013 6:00,48,24,24
6/15/2013 7:00,69,41,28
6/15/2013 8:00,98,51,47
6/15/2013 9:00,183,99,84
6/15/2013 10:00,171,110,61
6/15/2013 11:00,204,129,75
6/15/2013 12:00,194,106,88
6/15/2013 13:00,219,103,116
6/15/2013 14:00,220,122,98
6/15/2013 15:00,221,118,103
6/15/2013 16:00,202,104,98
6/15/2013 17:00,188,124,64
6/15/2013 18:00,141,85,56
6/15/2013 19:00,117,66,51
6/15/2013 20:00,79,49,30
6/15/2013 21:00,57,30,27
6/15/2013 22:00,45,20,25
6/15/2013 23:00,38,21,17
6/16/2013 0:00,28,15,13
6/16/2013 1:00,21,7,14
6/16/2013 2:00,11,8,3
6/16/2013 3:00,11,4,7
6/16/2013 4:00,5,3,2
6/16/2013 5:00,5,5,0
6/16/2013 6:00,22,9,13
6/16/2013 7:00,55,35,20
6/16/2013 8:00,68,44,24
6/16/2013 9:00,119,71,48
6/16/2013 10:00,137,79,58
6/16/2013 11:00,186,103,83
6/16/2013 12:00,233,139,94
6/16/2013 13:00,198,113,85
6/16/2013 14:00,214,134,80
6/16/2013 15:00,218,108,110
6/16/2013 16:00,194,120,74
6/16/2013 17:00,174,89,85
6/16/2013 18:00,127,75,52
6/16/2013 19:00,85,59,26
6/16/2013 20:00,80,45,35
6/16/2013 21:00,44,21,23
6/16/2013 22:00,44,22,22
6/16/2013 23:00,23,8,15
6/17/2013 0:00,16,5,11
6/17/2013 1:00,5,1,4
6/17/2013 2:00,4,2,2
6/17/2013 3:00,1,0,1
6/17/2013 4:00,7,5,2
6/17/2013 5:00,37,25,12
6/17/2013 6:00,160,111,49
6/17/2013 7:00,353,257,96
6/17/2013 8:00,514,361,153
6/17/2013 9:00,290,172,118
6/17/2013 10:00,132,78,54
6/17/2013 11:00,107,73,34
6/17/2013 12:00,128,77,51
6/17/2013 13:00,108,54,54
6/17/2013 14:00,114,65,49
6/17/2013 15:00,168,79,89
6/17/2013 16:00,324,124,200
6/17/2013 17:00,635,179,456
6/17/2013 18:00,526,213,313
6/17/2013 19:00,257,97,160
6/17/2013 20:00,191,89,102
6/17/2013 21:00,101,56,45
6/17/2013 22:00,51,19,32
6/17/2013 23:00,23,11,12
6/18/2013 0:00,18,10,8
6/18/2013 1:00,9,2,7
6/18/2013 2:00,7,6,1
6/18/2013 3:00,2,2,0
6/18/2013 4:00,5,2,3
6/18/2013 5:00,44,31,13
6/18/2013 6:00,171,113,58
6/18/2013 7:00,434,311,123
6/18/2013 8:00,537,377,160
6/18/2013 9:00,311,196,115
6/18/2013 10:00,118,62,56
6/18/2013 11:00,117,61,56
6/18/2013 12:00,113,61,52
6/18/2013 13:00,109,54,55
6/18/2013 14:00,143,87,56
6/18/2013 15:00,182,82,100
6/18/2013 16:00,336,129,207
6/18/2013 17:00,688,229,459
6/18/2013 18:00,531,176,355
6/18/2013 19:00,259,110,149
6/18/2013 20:00,159,75,84
6/18/2013 21:00,112,50,62
6/18/2013 22:00,89,26,63
6/18/2013 23:00,32,14,18
6/19/2013 0:00,22,8,14
6/19/2013 1:00,3,1,2
6/19/2013 2:00,4,4,0
6/19/2013 3:00,4,1,3
6/19/2013 4:00,4,2,2
6/19/2013 5:00,41,28,13
6/19/2013 6:00,133,80,53
6/19/2013 7:00,345,262,83
6/19/2013 8:00,458,316,142
6/19/2013 9:00,262,177,85
6/19/2013 10:00,123,76,47
6/19/2013 11:00,99,56,43
6/19/2013 12:00,96,55,41
6/19/2013 13:00,102,51,51
6/19/2013 14:00,120,58,62
6/19/2013 15:00,160,59,101
6/19/2013 16:00,266,100,166
6/19/2013 17:00,529,164,365
6/19/2013 18:00,424,152,272
6/19/2013 19:00,201,93,108
6/19/2013 20:00,108,48,60
6/19/2013 21:00,81,32,49
6/19/2013 22:00,42,20,22
6/19/2013 23:00,28,10,18
6/20/2013 0:00,12,4,8
6/20/2013 1:00,2,0,2
6/20/2013 2:00,8,3,5
6/20/2013 3:00,2,2,0
6/20/2013 4:00,6,4,2
6/20/2013 5:00,33,22,11
6/20/2013 6:00,111,73,38
6/20/2013 7:00,264,190,74
6/20/2013 8:00,374,253,121
6/20/2013 9:00,209,131,78
6/20/2013 10:00,87,49,38
6/20/2013 11:00,70,39,31
6/20/2013 12:00,56,32,24
6/20/2013 13:00,44,20,24
6/20/2013 14:00,60,34,26
6/20/2013 15:00,88,44,44
6/20/2013 16:00,140,39,101
6/20/2013 17:00,357,88,269
6/20/2013 18:00,273,88,185
6/20/2013 19:00,121,49,72
6/20/2013 20:00,77,17,60
6/20/2013 21:00,39,19,20
6/20/2013 22:00,21,11,10
6/20/2013 23:00,17,10,7
6/21/2013 0:00,25,16,9
6/21/2013 1:00,1,1,0
6/21/2013 2:00,2,0,2
6/21/2013 3:00,3,0,3
6/21/2013 4:00,1,1,0
6/21/2013 5:00,19,15,4
6/21/2013 6:00,97,67,30
6/21/2013 7:00,210,148,62
6/21/2013 8:00,319,223,96
6/21/2013 9:00,214,141,73
6/21/2013 10:00,115,70,45
6/21/2013 11:00,82,43,39
6/21/2013 12:00,82,41,41
6/21/2013 13:00,130,72,58
6/21/2013 14:00,110,54,56
6/21/2013 15:00,154,56,98
6/21/2013 16:00,263,91,172
6/21/2013 17:00,424,137,287
6/21/2013 18:00,296,107,189
6/21/2013 19:00,170,77,93
6/21/2013 20:00,104,63,41
6/21/2013 21:00,94,49,45
6/21/2013 22:00,57,36,21
6/21/2013 23:00,38,20,18
6/22/2013 0:00,31,13,18
6/22/2013 1:00,19,9,10
6/22/2013 2:00,10,4,6
6/22/2013 3:00,9,5,4
6/22/2013 4:00,5,3,2
6/22/2013 5:00,13,10,3
6/22/2013 6:00,46,31,15
6/22/2013 7:00,76,38,38
6/22/2013 8:00,117,68,49
6/22/2013 9:00,175,90,85
6/22/2013 10:00,230,121,109
6/22/2013 11:00,232,118,114
6/22/2013 12:00,313,141,172
6/22/2013 13:00,317,137,180
6/22/2013 14:00,269,105,164
6/22/2013 15:00,76,39,37
6/22/2013 16:00,61,29,32
6/22/2013 17:00,180,62,118
6/22/2013 18:00,240,116,124
6/22/2013 19:00,185,94,91
6/22/2013 20:00,189,73,116
6/22/2013 21:00,159,94,65
6/22/2013 22:00,110,72,38
6/22/2013 23:00,81,54,27
6/23/2013 0:00,50,20,30
6/23/2013 1:00,35,26,9
6/23/2013 2:00,28,8,20
6/23/2013 3:00,7,3,4
6/23/2013 4:00,19,9,10
6/23/2013 5:00,10,8,2
6/23/2013 6:00,35,25,10
6/23/2013 7:00,25,15,10
6/23/2013 8:00,47,27,20
6/23/2013 9:00,111,65,46
6/23/2013 10:00,140,89,51
6/23/2013 11:00,123,67,56
6/23/2013 12:00,114,73,41
6/23/2013 13:00,154,69,85
6/23/2013 14:00,120,66,54
6/23/2013 15:00,116,71,45
6/23/2013 16:00,136,78,58
6/23/2013 17:00,114,57,57
6/23/2013 18:00,122,71,51
6/23/2013 19:00,52,30,22
6/23/2013 20:00,37,16,21
6/23/2013 21:00,22,9,13
6/23/2013 22:00,20,10,10
6/23/2013 23:00,7,0,7
6/24/2013 0:00,6,4,2
6/24/2013 1:00,0,0,0
6/24/2013 2:00,2,2,0
6/24/2013 3:00,3,2,1
6/24/2013 4:00,7,6,1
6/24/2013 5:00,33,28,5
6/24/2013 6:00,79,56,23
6/24/2013 7:00,177,132,45
6/24/2013 8:00,244,160,84
6/24/2013 9:00,180,118,62
6/24/2013 10:00,69,44,25
6/24/2013 11:00,48,23,25
6/24/2013 12:00,81,50,31
6/24/2013 13:00,63,38,25
6/24/2013 14:00,73,43,30
6/24/2013 15:00,97,36,61
6/24/2013 16:00,177,63,114
6/24/2013 17:00,366,116,250
6/24/2013 18:00,306,123,183
6/24/2013 19:00,207,87,120
6/24/2013 20:00,104,57,47
6/24/2013 21:00,57,32,25
6/24/2013 22:00,41,20,21
6/24/2013 23:00,12,7,5
6/25/2013 0:00,11,4,7
6/25/2013 1:00,8,3,5
6/25/2013 2:00,7,5,2
6/25/2013 3:00,0,0,0
6/25/2013 4:00,6,3,3
6/25/2013 5:00,26,18,8
6/25/2013 6:00,118,84,34
6/25/2013 7:00,220,168,52
6/25/2013 8:00,263,178,85
6/25/2013 9:00,209,131,78
6/25/2013 10:00,110,59,51
6/25/2013 11:00,93,56,37
6/25/2013 12:00,71,49,22
6/25/2013 13:00,100,63,37
6/25/2013 14:00,107,64,43
6/25/2013 15:00,144,73,71
6/25/2013 16:00,232,88,144
6/25/2013 17:00,424,121,303
6/25/2013 18:00,247,76,171
6/25/2013 19:00,124,54,70
6/25/2013 20:00,48,15,33
6/25/2013 21:00,47,25,22
6/25/2013 22:00,18,8,10
6/25/2013 23:00,16,8,8
6/26/2013 0:00,11,3,8
6/26/2013 1:00,4,1,3
6/26/2013 2:00,4,2,2
6/26/2013 3:00,0,0,0
6/26/2013 4:00,7,3,4
6/26/2013 5:00,21,15,6
6/26/2013 6:00,104,68,36
6/26/2013 7:00,238,183,55
6/26/2013 8:00,326,217,109
6/26/2013 9:00,224,129,95
6/26/2013 10:00,89,57,32
6/26/2013 11:00,84,37,47
6/26/2013 12:00,73,41,32
6/26/2013 13:00,64,32,32
6/26/2013 14:00,54,29,25
6/26/2013 15:00,115,54,61
6/26/2013 16:00,215,70,145
6/26/2013 17:00,422,136,286
6/26/2013 18:00,350,124,226
6/26/2013 19:00,203,78,125
6/26/2013 20:00,131,68,63
6/26/2013 21:00,85,36,49
6/26/2013 22:00,60,40,20
6/26/2013 23:00,20,7,13
6/27/2013 0:00,19,13,6
6/27/2013 1:00,8,4,4
6/27/2013 2:00,12,7,5
6/27/2013 3:00,1,1,0
6/27/2013 4:00,4,2,2
6/27/2013 5:00,31,19,12
6/27/2013 6:00,100,71,29
6/27/2013 7:00,243,183,60
6/27/2013 8:00,341,235,106
6/27/2013 9:00,209,132,77
6/27/2013 10:00,65,43,22
6/27/2013 11:00,54,34,20
6/27/2013 12:00,76,43,33
6/27/2013 13:00,71,49,22
6/27/2013 14:00,93,53,40
6/27/2013 15:00,146,64,82
6/27/2013 16:00,249,89,160
6/27/2013 17:00,455,130,325
6/27/2013 18:00,349,131,218
6/27/2013 19:00,161,78,83
6/27/2013 20:00,102,51,51
6/27/2013 21:00,69,34,35
6/27/2013 22:00,47,26,21
6/27/2013 23:00,23,7,16
6/28/2013 0:00,22,13,9
6/28/2013 1:00,6,1,5
6/28/2013 2:00,4,2,2
6/28/2013 3:00,1,1,0
6/28/2013 4:00,2,1,1
6/28/2013 5:00,30,18,12
6/28/2013 6:00,157,108,49
6/28/2013 7:00,349,247,102
6/28/2013 8:00,475,347,128
6/28/2013 9:00,268,168,100
6/28/2013 10:00,168,97,71
6/28/2013 11:00,112,69,43
6/28/2013 12:00,151,85,66
6/28/2013 13:00,132,80,52
6/28/2013 14:00,156,73,83
6/28/2013 15:00,239,110,129
6/28/2013 16:00,357,113,244
6/28/2013 17:00,588,195,393
6/28/2013 18:00,345,128,217
6/28/2013 19:00,239,93,146
6/28/2013 20:00,127,55,72
6/28/2013 21:00,87,45,42
6/28/2013 22:00,51,31,20
6/28/2013 23:00,33,15,18
6/29/2013 0:00,31,10,21
6/29/2013 1:00,14,8,6
6/29/2013 2:00,16,8,8
6/29/2013 3:00,10,9,1
6/29/2013 4:00,6,3,3
6/29/2013 5:00,18,13,5
6/29/2013 6:00,52,22,30
6/29/2013 7:00,89,46,43
6/29/2013 8:00,118,61,57
6/29/2013 9:00,157,86,71
6/29/2013 10:00,202,100,102
6/29/2013 11:00,222,135,87
6/29/2013 12:00,192,88,104
6/29/2013 13:00,208,121,87
6/29/2013 14:00,238,144,94
6/29/2013 15:00,207,96,111
6/29/2013 16:00,187,104,83
6/29/2013 17:00,181,96,85
6/29/2013 18:00,158,73,85
6/29/2013 19:00,143,78,65
6/29/2013 20:00,102,55,47
6/29/2013 21:00,88,43,45
6/29/2013 22:00,51,20,31
6/29/2013 23:00,42,21,21
6/30/2013 0:00,25,11,14
6/30/2013 1:00,12,5,7
6/30/2013 2:00,16,5,11
6/30/2013 3:00,5,1,4
6/30/2013 4:00,9,5,4
6/30/2013 5:00,13,9,4
6/30/2013 6:00,29,14,15
6/30/2013 7:00,52,25,27
6/30/2013 8:00,85,48,37
6/30/2013 9:00,151,93,58
6/30/2013 10:00,236,150,86
6/30/2013 11:00,279,179,100
6/30/2013 12:00,208,112,96
6/30/2013 13:00,256,141,115
6/30/2013 14:00,251,118,133
6/30/2013 15:00,233,112,121
6/30/2013 16:00,205,108,97
6/30/2013 17:00,148,69,79
6/30/2013 18:00,157,82,75
6/30/2013 19:00,121,69,52
6/30/2013 20:00,97,51,46
6/30/2013 21:00,89,52,37
6/30/2013 22:00,44,17,27
6/30/2013 23:00,25,12,13
7/1/2013 0:00,16,7,9
7/1/2013 1:00,9,2,7
7/1/2013 2:00,3,3,0
7/1/2013 3:00,2,0,2
7/1/2013 4:00,10,7,3
7/1/2013 5:00,41,30,11
7/1/2013 6:00,173,117,56
7/1/2013 7:00,413,294,119
7/1/2013 8:00,531,369,162
7/1/2013 9:00,282,186,96
7/1/2013 10:00,160,99,61
7/1/2013 11:00,109,59,50
7/1/2013 12:00,109,68,41
7/1/2013 13:00,107,51,56
7/1/2013 14:00,102,60,42
7/1/2013 15:00,141,67,74
7/1/2013 16:00,307,119,188
7/1/2013 17:00,610,168,442
7/1/2013 18:00,474,164,310
7/1/2013 19:00,261,113,148
7/1/2013 20:00,147,77,70
7/1/2013 21:00,109,60,49
7/1/2013 22:00,67,38,29
7/1/2013 23:00,24,8,16
7/2/2013 0:00,15,4,11
7/2/2013 1:00,11,2,9
7/2/2013 2:00,7,2,5
7/2/2013 3:00,1,0,1
7/2/2013 4:00,12,8,4
7/2/2013 5:00,45,33,12
7/2/2013 6:00,183,123,60
7/2/2013 7:00,444,348,96
7/2/2013 8:00,596,424,172
7/2/2013 9:00,295,180,115
7/2/2013 10:00,136,84,52
7/2/2013 11:00,116,70,46
7/2/2013 12:00,129,68,61
7/2/2013 13:00,139,61,78
7/2/2013 14:00,136,61,75
7/2/2013 15:00,170,71,99
7/2/2013 16:00,332,123,209
7/2/2013 17:00,672,184,488
7/2/2013 18:00,554,218,336
7/2/2013 19:00,275,111,164
7/2/2013 20:00,182,86,96
7/2/2013 21:00,135,74,61
7/2/2013 22:00,71,44,27
7/2/2013 23:00,40,22,18
7/3/2013 0:00,20,10,10
7/3/2013 1:00,8,2,6
7/3/2013 2:00,5,3,2
7/3/2013 3:00,2,0,2
7/3/2013 4:00,10,6,4
7/3/2013 5:00,33,24,9
7/3/2013 6:00,164,108,56
7/3/2013 7:00,366,267,99
7/3/2013 8:00,519,358,161
7/3/2013 9:00,331,199,132
7/3/2013 10:00,143,82,61
7/3/2013 11:00,90,51,39
7/3/2013 12:00,104,54,50
7/3/2013 13:00,112,58,54
7/3/2013 14:00,162,83,79
7/3/2013 15:00,235,95,140
7/3/2013 16:00,394,135,259
7/3/2013 17:00,580,179,401
7/3/2013 18:00,404,163,241
7/3/2013 19:00,190,77,113
7/3/2013 20:00,143,73,70
7/3/2013 21:00,107,52,55
7/3/2013 22:00,86,50,36
7/3/2013 23:00,47,20,27
7/4/2013 0:00,23,9,14
7/4/2013 1:00,14,6,8
7/4/2013 2:00,61,54,7
7/4/2013 3:00,6,1,5
7/4/2013 4:00,4,3,1
7/4/2013 5:00,17,14,3
7/4/2013 6:00,32,19,13
7/4/2013 7:00,59,42,17
7/4/2013 8:00,108,42,66
7/4/2013 9:00,137,61,76
7/4/2013 10:00,171,104,67
7/4/2013 11:00,198,96,102
7/4/2013 12:00,191,100,91
7/4/2013 13:00,236,113,123
7/4/2013 14:00,272,137,135
7/4/2013 15:00,279,124,155
7/4/2013 16:00,266,125,141
7/4/2013 17:00,286,138,148
7/4/2013 18:00,247,102,145
7/4/2013 19:00,242,133,109
7/4/2013 20:00,224,106,118
7/4/2013 21:00,186,108,78
7/4/2013 22:00,98,57,41
7/4/2013 23:00,392,144,248
7/5/2013 0:00,124,43,81
7/5/2013 1:00,35,12,23
7/5/2013 2:00,12,3,9
7/5/2013 3:00,3,1,2
7/5/2013 4:00,8,6,2
7/5/2013 5:00,17,9,8
7/5/2013 6:00,74,43,31
7/5/2013 7:00,189,127,62
7/5/2013 8:00,199,129,70
7/5/2013 9:00,196,124,72
7/5/2013 10:00,143,85,58
7/5/2013 11:00,142,72,70
7/5/2013 12:00,169,108,61
7/5/2013 13:00,154,86,68
7/5/2013 14:00,197,84,113
7/5/2013 15:00,182,79,103
7/5/2013 16:00,265,109,156
7/5/2013 17:00,301,105,196
7/5/2013 18:00,238,109,129
7/5/2013 19:00,182,75,107
7/5/2013 20:00,90,43,47
7/5/2013 21:00,68,40,28
7/5/2013 22:00,64,28,36
7/5/2013 23:00,36,18,18
7/6/2013 0:00,31,19,12
7/6/2013 1:00,9,6,3
7/6/2013 2:00,5,4,1
7/6/2013 3:00,9,4,5
7/6/2013 4:00,8,6,2
7/6/2013 5:00,15,11,4
7/6/2013 6:00,39,16,23
7/6/2013 7:00,72,40,32
7/6/2013 8:00,115,63,52
7/6/2013 9:00,161,93,68
7/6/2013 10:00,162,87,75
7/6/2013 11:00,203,123,80
7/6/2013 12:00,210,125,85
7/6/2013 13:00,236,131,105
7/6/2013 14:00,257,148,109
7/6/2013 15:00,216,111,105
7/6/2013 16:00,246,135,111
7/6/2013 17:00,245,133,112
7/6/2013 18:00,178,95,83
7/6/2013 19:00,111,57,54
7/6/2013 20:00,120,59,61
7/6/2013 21:00,84,39,45
7/6/2013 22:00,87,39,48
7/6/2013 23:00,103,32,71
7/7/2013 0:00,49,30,19
7/7/2013 1:00,19,9,10
7/7/2013 2:00,10,4,6
7/7/2013 3:00,3,2,1
7/7/2013 4:00,6,3,3
7/7/2013 5:00,11,7,4
7/7/2013 6:00,22,10,12
7/7/2013 7:00,44,26,18
7/7/2013 8:00,76,32,44
7/7/2013 9:00,110,73,37
7/7/2013 10:00,142,75,67
7/7/2013 11:00,178,108,70
7/7/2013 12:00,199,100,99
7/7/2013 13:00,238,114,124
7/7/2013 14:00,249,134,115
7/7/2013 15:00,256,155,101
7/7/2013 16:00,234,122,112
7/7/2013 17:00,218,107,111
7/7/2013 18:00,168,94,74
7/7/2013 19:00,135,72,63
7/7/2013 20:00,99,68,31
7/7/2013 21:00,66,37,29
7/7/2013 22:00,42,22,20
7/7/2013 23:00,21,10,11
7/8/2013 0:00,23,5,18
7/8/2013 1:00,11,1,10
7/8/2013 2:00,4,1,3
7/8/2013 3:00,4,1,3
7/8/2013 4:00,9,6,3
7/8/2013 5:00,39,28,11
7/8/2013 6:00,167,115,52
7/8/2013 7:00,423,320,103
7/8/2013 8:00,493,340,153
7/8/2013 9:00,324,214,110
7/8/2013 10:00,108,75,33
7/8/2013 11:00,87,45,42
7/8/2013 12:00,98,50,48
7/8/2013 13:00,137,76,61
7/8/2013 14:00,134,66,68
7/8/2013 15:00,170,70,100
7/8/2013 16:00,326,125,201
7/8/2013 17:00,662,187,475
7/8/2013 18:00,523,184,339
7/8/2013 19:00,271,105,166
7/8/2013 20:00,165,82,83
7/8/2013 21:00,87,47,40
7/8/2013 22:00,52,27,25
7/8/2013 23:00,30,10,20
7/9/2013 0:00,22,9,13
7/9/2013 1:00,9,2,7
7/9/2013 2:00,6,3,3
7/9/2013 3:00,1,1,0
7/9/2013 4:00,9,6,3
7/9/2013 5:00,41,31,10
7/9/2013 6:00,205,136,69
7/9/2013 7:00,452,342,110
7/9/2013 8:00,573,419,154
7/9/2013 9:00,319,202,117
7/9/2013 10:00,153,96,57
7/9/2013 11:00,130,70,60
7/9/2013 12:00,114,65,49
7/9/2013 13:00,150,76,74
7/9/2013 14:00,134,72,62
7/9/2013 15:00,151,75,76
7/9/2013 16:00,342,122,220
7/9/2013 17:00,713,216,497
7/9/2013 18:00,548,175,373
7/9/2013 19:00,304,107,197
7/9/2013 20:00,185,83,102
7/9/2013 21:00,132,60,72
7/9/2013 22:00,81,37,44
7/9/2013 23:00,42,20,22
7/10/2013 0:00,30,9,21
7/10/2013 1:00,9,3,6
7/10/2013 2:00,10,5,5
7/10/2013 3:00,6,3,3
7/10/2013 4:00,7,5,2
7/10/2013 5:00,50,37,13
7/10/2013 6:00,185,127,58
7/10/2013 7:00,402,300,102
7/10/2013 8:00,546,384,162
7/10/2013 9:00,350,215,135
7/10/2013 10:00,133,80,53
7/10/2013 11:00,97,48,49
7/10/2013 12:00,121,79,42
7/10/2013 13:00,139,60,79
7/10/2013 14:00,131,70,61
7/10/2013 15:00,182,90,92
7/10/2013 16:00,342,124,218
7/10/2013 17:00,692,204,488
7/10/2013 18:00,514,168,346
7/10/2013 19:00,312,126,186
7/10/2013 20:00,155,73,82
7/10/2013 21:00,105,56,49
7/10/2013 22:00,55,22,33
7/10/2013 23:00,34,16,18
7/11/2013 0:00,21,12,9
7/11/2013 1:00,11,6,5
7/11/2013 2:00,6,2,4
7/11/2013 3:00,0,0,0
7/11/2013 4:00,7,3,4
7/11/2013 5:00,36,25,11
7/11/2013 6:00,150,102,48
7/11/2013 7:00,333,240,93
7/11/2013 8:00,483,316,167
7/11/2013 9:00,292,192,100
7/11/2013 10:00,132,81,51
7/11/2013 11:00,107,57,50
7/11/2013 12:00,137,82,55
7/11/2013 13:00,115,59,56
7/11/2013 14:00,138,70,68
7/11/2013 15:00,159,93,66
7/11/2013 16:00,323,133,190
7/11/2013 17:00,587,177,410
7/11/2013 18:00,466,157,309
7/11/2013 19:00,239,94,145
7/11/2013 20:00,163,75,88
7/11/2013 21:00,89,44,45
7/11/2013 22:00,60,31,29
7/11/2013 23:00,46,14,32
7/12/2013 0:00,15,8,7
7/12/2013 1:00,13,7,6
7/12/2013 2:00,8,3,5
7/12/2013 3:00,3,1,2
7/12/2013 4:00,4,2,2
7/12/2013 5:00,30,23,7
7/12/2013 6:00,138,92,46
7/12/2013 7:00,316,208,108
7/12/2013 8:00,438,305,133
7/12/2013 9:00,283,176,107
7/12/2013 10:00,167,81,86
7/12/2013 11:00,83,50,33
7/12/2013 12:00,110,57,53
7/12/2013 13:00,99,59,40
7/12/2013 14:00,144,71,73
7/12/2013 15:00,190,76,114
7/12/2013 16:00,310,110,200
7/12/2013 17:00,520,169,351
7/12/2013 18:00,328,123,205
7/12/2013 19:00,180,79,101
7/12/2013 20:00,125,51,74
7/12/2013 21:00,88,46,42
7/12/2013 22:00,64,21,43
7/12/2013 23:00,40,20,20
7/13/2013 0:00,25,15,10
7/13/2013 1:00,13,7,6
7/13/2013 2:00,15,2,13
7/13/2013 3:00,15,8,7
7/13/2013 4:00,44,14,30
7/13/2013 5:00,53,17,36
7/13/2013 6:00,70,24,46
7/13/2013 7:00,57,34,23
7/13/2013 8:00,102,62,40
7/13/2013 9:00,161,90,71
7/13/2013 10:00,178,102,76
7/13/2013 11:00,181,98,83
7/13/2013 12:00,207,114,93
7/13/2013 13:00,221,131,90
7/13/2013 14:00,224,114,110
7/13/2013 15:00,236,120,116
7/13/2013 16:00,179,103,76
7/13/2013 17:00,162,84,78
7/13/2013 18:00,169,100,69
7/13/2013 19:00,89,42,47
7/13/2013 20:00,99,44,55
7/13/2013 21:00,76,34,42
7/13/2013 22:00,70,30,40
7/13/2013 23:00,52,21,31
7/14/2013 0:00,42,11,31
7/14/2013 1:00,18,7,11
7/14/2013 2:00,14,3,11
7/14/2013 3:00,5,3,2
7/14/2013 4:00,4,2,2
7/14/2013 5:00,11,9,2
7/14/2013 6:00,18,11,7
7/14/2013 7:00,53,31,22
7/14/2013 8:00,68,39,29
7/14/2013 9:00,131,84,47
7/14/2013 10:00,188,106,82
7/14/2013 11:00,188,101,87
7/14/2013 12:00,204,111,93
7/14/2013 13:00,242,132,110
7/14/2013 14:00,230,108,122
7/14/2013 15:00,248,137,111
7/14/2013 16:00,222,122,100
7/14/2013 17:00,219,126,93
7/14/2013 18:00,161,108,53
7/14/2013 19:00,136,80,56
7/14/2013 20:00,129,81,48
7/14/2013 21:00,59,29,30
7/14/2013 22:00,38,18,20
7/14/2013 23:00,12,5,7
7/15/2013 0:00,13,3,10
7/15/2013 1:00,3,2,1
7/15/2013 2:00,5,1,4
7/15/2013 3:00,5,3,2
7/15/2013 4:00,7,5,2
7/15/2013 5:00,40,30,10
7/15/2013 6:00,152,97,55
7/15/2013 7:00,382,276,106
7/15/2013 8:00,537,371,166
7/15/2013 9:00,328,199,129
7/15/2013 10:00,154,89,65
7/15/2013 11:00,110,64,46
7/15/2013 12:00,116,66,50
7/15/2013 13:00,127,67,60
7/15/2013 14:00,133,66,67
7/15/2013 15:00,175,92,83
7/15/2013 16:00,300,104,196
7/15/2013 17:00,649,196,453
7/15/2013 18:00,536,191,345
7/15/2013 19:00,277,113,164
7/15/2013 20:00,160,76,84
7/15/2013 21:00,106,58,48
7/15/2013 22:00,73,24,49
7/15/2013 23:00,30,14,16
7/16/2013 0:00,10,5,5
7/16/2013 1:00,5,2,3
7/16/2013 2:00,2,0,2
7/16/2013 3:00,4,3,1
7/16/2013 4:00,13,9,4
7/16/2013 5:00,54,42,12
7/16/2013 6:00,179,113,66
7/16/2013 7:00,442,332,110
7/16/2013 8:00,613,420,193
7/16/2013 9:00,321,191,130
7/16/2013 10:00,169,96,73
7/16/2013 11:00,89,43,46
7/16/2013 12:00,112,61,51
7/16/2013 13:00,143,63,80
7/16/2013 14:00,123,64,59
7/16/2013 15:00,180,87,93
7/16/2013 16:00,323,107,216
7/16/2013 17:00,703,222,481
7/16/2013 18:00,488,177,311
7/16/2013 19:00,267,110,157
7/16/2013 20:00,155,70,85
7/16/2013 21:00,106,55,51
7/16/2013 22:00,62,28,34
7/16/2013 23:00,30,14,16
7/17/2013 0:00,12,6,6
7/17/2013 1:00,2,0,2
7/17/2013 2:00,11,9,2
7/17/2013 3:00,2,2,0
7/17/2013 4:00,9,8,1
7/17/2013 5:00,31,24,7
7/17/2013 6:00,162,108,54
7/17/2013 7:00,362,260,102
7/17/2013 8:00,523,360,163
7/17/2013 9:00,319,204,115
7/17/2013 10:00,127,74,53
7/17/2013 11:00,93,55,38
7/17/2013 12:00,106,65,41
7/17/2013 13:00,121,52,69
7/17/2013 14:00,105,44,61
7/17/2013 15:00,179,88,91
7/17/2013 16:00,288,110,178
7/17/2013 17:00,592,180,412
7/17/2013 18:00,474,161,313
7/17/2013 19:00,284,120,164
7/17/2013 20:00,153,68,85
7/17/2013 21:00,104,55,49
7/17/2013 22:00,65,33,32
7/17/2013 23:00,47,16,31
7/18/2013 0:00,16,10,6
7/18/2013 1:00,8,6,2
7/18/2013 2:00,3,0,3
7/18/2013 3:00,3,1,2
7/18/2013 4:00,7,4,3
7/18/2013 5:00,33,21,12
7/18/2013 6:00,162,113,49
7/18/2013 7:00,392,284,108
7/18/2013 8:00,510,336,174
7/18/2013 9:00,333,213,120
7/18/2013 10:00,128,71,57
7/18/2013 11:00,100,64,36
7/18/2013 12:00,110,66,44
7/18/2013 13:00,139,72,67
7/18/2013 14:00,141,73,68
7/18/2013 15:00,181,84,97
7/18/2013 16:00,306,121,185
7/18/2013 17:00,623,194,429
7/18/2013 18:00,475,187,288
7/18/2013 19:00,286,140,146
7/18/2013 20:00,193,84,109
7/18/2013 21:00,113,63,50
7/18/2013 22:00,71,35,36
7/18/2013 23:00,53,21,32
7/19/2013 0:00,24,12,12
7/19/2013 1:00,14,7,7
7/19/2013 2:00,6,2,4
7/19/2013 3:00,3,3,0
7/19/2013 4:00,9,6,3
7/19/2013 5:00,28,18,10
7/19/2013 6:00,147,87,60
7/19/2013 7:00,315,223,92
7/19/2013 8:00,463,312,151
7/19/2013 9:00,250,161,89
7/19/2013 10:00,166,102,64
7/19/2013 11:00,105,54,51
7/19/2013 12:00,133,63,70
7/19/2013 13:00,127,78,49
7/19/2013 14:00,149,75,74
7/19/2013 15:00,237,97,140
7/19/2013 16:00,312,135,177
7/19/2013 17:00,520,195,325
7/19/2013 18:00,357,135,222
7/19/2013 19:00,198,70,128
7/19/2013 20:00,128,43,85
7/19/2013 21:00,115,63,52
7/19/2013 22:00,66,21,45
7/19/2013 23:00,43,20,23
7/20/2013 0:00,29,15,14
7/20/2013 1:00,16,7,9
7/20/2013 2:00,11,6,5
7/20/2013 3:00,7,2,5
7/20/2013 4:00,9,6,3
7/20/2013 5:00,15,13,2
7/20/2013 6:00,38,22,16
7/20/2013 7:00,75,35,40
7/20/2013 8:00,93,55,38
7/20/2013 9:00,156,87,69
7/20/2013 10:00,115,76,39
7/20/2013 11:00,160,95,65
7/20/2013 12:00,188,132,56
7/20/2013 13:00,200,117,83
7/20/2013 14:00,200,111,89
7/20/2013 15:00,229,110,119
7/20/2013 16:00,233,110,123
7/20/2013 17:00,199,104,95
7/20/2013 18:00,162,87,75
7/20/2013 19:00,122,57,65
7/20/2013 20:00,77,41,36
7/20/2013 21:00,74,45,29
7/20/2013 22:00,49,17,32
7/20/2013 23:00,54,28,26
7/21/2013 0:00,27,7,20
7/21/2013 1:00,24,8,16
7/21/2013 2:00,9,2,7
7/21/2013 3:00,9,7,2
7/21/2013 4:00,9,5,4
7/21/2013 5:00,13,7,6
7/21/2013 6:00,12,7,5
7/21/2013 7:00,40,23,17
7/21/2013 8:00,68,29,39
7/21/2013 9:00,91,57,34
7/21/2013 10:00,117,73,44
7/21/2013 11:00,122,72,50
7/21/2013 12:00,186,98,88
7/21/2013 13:00,194,108,86
7/21/2013 14:00,274,147,127
7/21/2013 15:00,239,124,115
7/21/2013 16:00,240,136,104
7/21/2013 17:00,228,104,124
7/21/2013 18:00,184,107,77
7/21/2013 19:00,109,57,52
7/21/2013 20:00,84,50,34
7/21/2013 21:00,75,24,51
7/21/2013 22:00,35,21,14
7/21/2013 23:00,36,20,16
7/22/2013 0:00,14,8,6
7/22/2013 1:00,3,1,2
7/22/2013 2:00,4,1,3
7/22/2013 3:00,3,1,2
7/22/2013 4:00,9,7,2
7/22/2013 5:00,38,23,15
7/22/2013 6:00,153,107,46
7/22/2013 7:00,342,253,89
7/22/2013 8:00,462,319,143
7/22/2013 9:00,329,214,115
7/22/2013 10:00,153,78,75
7/22/2013 11:00,84,48,36
7/22/2013 12:00,102,55,47
7/22/2013 13:00,122,59,63
7/22/2013 14:00,125,68,57
7/22/2013 15:00,181,90,91
7/22/2013 16:00,295,106,189
7/22/2013 17:00,633,199,434
7/22/2013 18:00,482,168,314
7/22/2013 19:00,290,116,174
7/22/2013 20:00,167,75,92
7/22/2013 21:00,96,42,54
7/22/2013 22:00,58,25,33
7/22/2013 23:00,29,10,19
7/23/2013 0:00,19,6,13
7/23/2013 1:00,8,7,1
7/23/2013 2:00,5,4,1
7/23/2013 3:00,4,4,0
7/23/2013 4:00,9,6,3
7/23/2013 5:00,42,28,14
7/23/2013 6:00,159,107,52
7/23/2013 7:00,415,312,103
7/23/2013 8:00,556,390,166
7/23/2013 9:00,357,232,125
7/23/2013 10:00,175,100,75
7/23/2013 11:00,116,71,45
7/23/2013 12:00,129,74,55
7/23/2013 13:00,126,65,61
7/23/2013 14:00,121,61,60
7/23/2013 15:00,167,79,88
7/23/2013 16:00,320,108,212
7/23/2013 17:00,624,190,434
7/23/2013 18:00,585,197,388
7/23/2013 19:00,281,109,172
7/23/2013 20:00,182,93,89
7/23/2013 21:00,105,53,52
7/23/2013 22:00,58,17,41
7/23/2013 23:00,41,13,28
7/24/2013 0:00,18,5,13
7/24/2013 1:00,7,2,5
7/24/2013 2:00,5,5,0
7/24/2013 3:00,3,3,0
7/24/2013 4:00,7,5,2
7/24/2013 5:00,40,34,6
7/24/2013 6:00,172,118,54
7/24/2013 7:00,398,290,108
7/24/2013 8:00,578,380,198
7/24/2013 9:00,348,229,119
7/24/2013 10:00,165,78,87
7/24/2013 11:00,118,72,46
7/24/2013 12:00,124,52,72
7/24/2013 13:00,135,70,65
7/24/2013 14:00,124,57,67
7/24/2013 15:00,191,90,101
7/24/2013 16:00,317,114,203
7/24/2013 17:00,697,214,483
7/24/2013 18:00,528,178,350
7/24/2013 19:00,327,145,182
7/24/2013 20:00,182,81,101
7/24/2013 21:00,113,56,57
7/24/2013 22:00,67,37,30
7/24/2013 23:00,30,16,14
7/25/2013 0:00,19,7,12
7/25/2013 1:00,30,4,26
7/25/2013 2:00,3,2,1
7/25/2013 3:00,5,5,0
7/25/2013 4:00,5,5,0
7/25/2013 5:00,34,24,10
7/25/2013 6:00,147,95,52
7/25/2013 7:00,407,301,106
7/25/2013 8:00,532,350,182
7/25/2013 9:00,331,209,122
7/25/2013 10:00,161,97,64
7/25/2013 11:00,103,54,49
7/25/2013 12:00,116,52,64
7/25/2013 13:00,137,77,60
7/25/2013 14:00,133,75,58
7/25/2013 15:00,158,57,101
7/25/2013 16:00,298,115,183
7/25/2013 17:00,616,171,445
7/25/2013 18:00,547,202,345
7/25/2013 19:00,286,147,139
7/25/2013 20:00,190,100,90
7/25/2013 21:00,114,56,58
7/25/2013 22:00,65,30,35
7/25/2013 23:00,36,11,25
7/26/2013 0:00,25,9,16
7/26/2013 1:00,17,8,9
7/26/2013 2:00,7,2,5
7/26/2013 3:00,4,3,1
7/26/2013 4:00,4,3,1
7/26/2013 5:00,38,28,10
7/26/2013 6:00,126,88,38
7/26/2013 7:00,316,220,96
7/26/2013 8:00,454,307,147
7/26/2013 9:00,295,168,127
7/26/2013 10:00,155,99,56
7/26/2013 11:00,140,68,72
7/26/2013 12:00,112,63,49
7/26/2013 13:00,149,86,63
7/26/2013 14:00,135,58,77
7/26/2013 15:00,194,92,102
7/26/2013 16:00,349,124,225
7/26/2013 17:00,534,144,390
7/26/2013 18:00,343,152,191
7/26/2013 19:00,239,127,112
7/26/2013 20:00,120,50,70
7/26/2013 21:00,89,43,46
7/26/2013 22:00,45,22,23
7/26/2013 23:00,73,35,38
7/27/2013 0:00,30,14,16
7/27/2013 1:00,12,3,9
7/27/2013 2:00,12,6,6
7/27/2013 3:00,10,3,7
7/27/2013 4:00,7,3,4
7/27/2013 5:00,15,12,3
7/27/2013 6:00,32,15,17
7/27/2013 7:00,51,24,27
7/27/2013 8:00,102,61,41
7/27/2013 9:00,129,62,67
7/27/2013 10:00,161,87,74
7/27/2013 11:00,220,137,83
7/27/2013 12:00,187,110,77
7/27/2013 13:00,189,108,81
7/27/2013 14:00,210,100,110
7/27/2013 15:00,188,90,98
7/27/2013 16:00,186,100,86
7/27/2013 17:00,228,108,120
7/27/2013 18:00,133,59,74
7/27/2013 19:00,128,74,54
7/27/2013 20:00,119,55,64
7/27/2013 21:00,78,38,40
7/27/2013 22:00,41,13,28
7/27/2013 23:00,33,7,26
7/28/2013 0:00,33,9,24
7/28/2013 1:00,13,5,8
7/28/2013 2:00,13,2,11
7/28/2013 3:00,5,2,3
7/28/2013 4:00,1,0,1
7/28/2013 5:00,16,11,5
7/28/2013 6:00,18,8,10
7/28/2013 7:00,34,15,19
7/28/2013 8:00,63,28,35
7/28/2013 9:00,92,38,54
7/28/2013 10:00,170,116,54
7/28/2013 11:00,84,46,38
7/28/2013 12:00,132,74,58
7/28/2013 13:00,125,71,54
7/28/2013 14:00,203,108,95
7/28/2013 15:00,192,118,74
7/28/2013 16:00,174,104,70
7/28/2013 17:00,161,89,72
7/28/2013 18:00,150,101,49
7/28/2013 19:00,94,43,51
7/28/2013 20:00,65,33,32
7/28/2013 21:00,52,28,24
7/28/2013 22:00,61,23,38
7/28/2013 23:00,29,6,23
7/29/2013 0:00,14,6,8
7/29/2013 1:00,10,3,7
7/29/2013 2:00,10,4,6
7/29/2013 3:00,1,0,1
7/29/2013 4:00,9,8,1
7/29/2013 5:00,34,24,10
7/29/2013 6:00,142,93,49
7/29/2013 7:00,344,252,92
7/29/2013 8:00,489,335,154
7/29/2013 9:00,328,197,131
7/29/2013 10:00,114,72,42
7/29/2013 11:00,105,62,43
7/29/2013 12:00,90,48,42
7/29/2013 13:00,115,56,59
7/29/2013 14:00,125,52,73
7/29/2013 15:00,156,78,78
7/29/2013 16:00,299,118,181
7/29/2013 17:00,636,196,440
7/29/2013 18:00,490,178,312
7/29/2013 19:00,276,129,147
7/29/2013 20:00,138,60,78
7/29/2013 21:00,91,43,48
7/29/2013 22:00,43,21,22
7/29/2013 23:00,29,13,16
7/30/2013 0:00,20,6,14
7/30/2013 1:00,3,2,1
7/30/2013 2:00,1,1,0
7/30/2013 3:00,5,2,3
7/30/2013 4:00,11,8,3
7/30/2013 5:00,40,30,10
7/30/2013 6:00,165,102,63
7/30/2013 7:00,397,284,113
7/30/2013 8:00,548,373,175
7/30/2013 9:00,318,193,125
7/30/2013 10:00,146,73,73
7/30/2013 11:00,105,65,40
7/30/2013 12:00,96,53,43
7/30/2013 13:00,132,75,57
7/30/2013 14:00,127,55,72
7/30/2013 15:00,192,101,91
7/30/2013 16:00,332,118,214
7/30/2013 17:00,704,200,504
7/30/2013 18:00,527,176,351
7/30/2013 19:00,289,133,156
7/30/2013 20:00,174,83,91
7/30/2013 21:00,98,47,51
7/30/2013 22:00,71,33,38
7/30/2013 23:00,39,13,26
7/31/2013 0:00,18,13,5
7/31/2013 1:00,6,3,3
7/31/2013 2:00,8,3,5
7/31/2013 3:00,3,1,2
7/31/2013 4:00,6,5,1
7/31/2013 5:00,41,31,10
7/31/2013 6:00,164,113,51
7/31/2013 7:00,377,294,83
7/31/2013 8:00,480,322,158
7/31/2013 9:00,319,194,125
7/31/2013 10:00,131,66,65
7/31/2013 11:00,93,53,40
7/31/2013 12:00,98,43,55
7/31/2013 13:00,101,63,38
7/31/2013 14:00,132,61,71
7/31/2013 15:00,147,68,79
7/31/2013 16:00,291,115,176
7/31/2013 17:00,643,215,428
7/31/2013 18:00,465,158,307
7/31/2013 19:00,272,115,157
7/31/2013 20:00,137,63,74
7/31/2013 21:00,106,55,51
7/31/2013 22:00,46,22,24
7/31/2013 23:00,38,14,24
8/1/2013 0:00,18,10,8
8/1/2013 1:00,9,2,7
8/1/2013 2:00,10,4,6
8/1/2013 3:00,4,4,0
8/1/2013 4:00,5,5,0
8/1/2013 5:00,38,30,8
8/1/2013 6:00,129,80,49
8/1/2013 7:00,301,225,76
8/1/2013 8:00,464,326,138
8/1/2013 9:00,300,189,111
8/1/2013 10:00,136,88,48
8/1/2013 11:00,104,57,47
8/1/2013 12:00,97,56,41
8/1/2013 13:00,111,56,55
8/1/2013 14:00,111,55,56
8/1/2013 15:00,151,68,83
8/1/2013 16:00,245,89,156
8/1/2013 17:00,563,174,389
8/1/2013 18:00,403,163,240
8/1/2013 19:00,207,83,124
8/1/2013 20:00,135,58,77
8/1/2013 21:00,96,43,53
8/1/2013 22:00,52,21,31
8/1/2013 23:00,30,11,19
8/2/2013 0:00,11,1,10
8/2/2013 1:00,10,5,5
8/2/2013 2:00,13,5,8
8/2/2013 3:00,2,0,2
8/2/2013 4:00,10,6,4
8/2/2013 5:00,24,15,9
8/2/2013 6:00,109,78,31
8/2/2013 7:00,250,177,73
8/2/2013 8:00,352,239,113
8/2/2013 9:00,258,150,108
8/2/2013 10:00,127,75,52
8/2/2013 11:00,76,43,33
8/2/2013 12:00,57,28,29
8/2/2013 13:00,67,38,29
8/2/2013 14:00,64,22,42
8/2/2013 15:00,91,40,51
8/2/2013 16:00,187,66,121
8/2/2013 17:00,379,134,245
8/2/2013 18:00,249,102,147
8/2/2013 19:00,101,30,71
8/2/2013 20:00,54,20,34
8/2/2013 21:00,43,19,24
8/2/2013 22:00,22,8,14
8/2/2013 23:00,23,9,14
8/3/2013 0:00,20,3,17
8/3/2013 1:00,18,5,13
8/3/2013 2:00,12,2,10
8/3/2013 3:00,10,0,10
8/3/2013 4:00,2,1,1
8/3/2013 5:00,14,8,6
8/3/2013 6:00,24,13,11
8/3/2013 7:00,46,27,19
8/3/2013 8:00,76,46,30
8/3/2013 9:00,108,50,58
8/3/2013 10:00,114,62,52
8/3/2013 11:00,140,87,53
8/3/2013 12:00,176,120,56
8/3/2013 13:00,168,96,72
8/3/2013 14:00,183,102,81
8/3/2013 15:00,218,109,109
8/3/2013 16:00,196,105,91
8/3/2013 17:00,193,116,77
8/3/2013 18:00,161,94,67
8/3/2013 19:00,120,63,57
8/3/2013 20:00,85,48,37
8/3/2013 21:00,77,42,35
8/3/2013 22:00,53,19,34
8/3/2013 23:00,43,20,23
8/4/2013 0:00,25,12,13
8/4/2013 1:00,19,8,11
8/4/2013 2:00,11,2,9
8/4/2013 3:00,3,2,1
8/4/2013 4:00,11,9,2
8/4/2013 5:00,5,5,0
8/4/2013 6:00,18,10,8
8/4/2013 7:00,50,25,25
8/4/2013 8:00,73,52,21
8/4/2013 9:00,105,62,43
8/4/2013 10:00,151,64,87
8/4/2013 11:00,186,96,90
8/4/2013 12:00,177,99,78
8/4/2013 13:00,244,134,110
8/4/2013 14:00,228,117,111
8/4/2013 15:00,216,118,98
8/4/2013 16:00,198,112,86
8/4/2013 17:00,207,112,95
8/4/2013 18:00,147,88,59
8/4/2013 19:00,130,74,56
8/4/2013 20:00,118,73,45
8/4/2013 21:00,68,32,36
8/4/2013 22:00,45,24,21
8/4/2013 23:00,31,8,23
8/5/2013 0:00,22,14,8
8/5/2013 1:00,6,2,4
8/5/2013 2:00,4,0,4
8/5/2013 3:00,3,0,3
8/5/2013 4:00,7,4,3
8/5/2013 5:00,41,30,11
8/5/2013 6:00,156,108,48
8/5/2013 7:00,335,237,98
8/5/2013 8:00,522,367,155
8/5/2013 9:00,322,198,124
8/5/2013 10:00,155,98,57
8/5/2013 11:00,92,53,39
8/5/2013 12:00,102,43,59
8/5/2013 13:00,132,73,59
8/5/2013 14:00,142,62,80
8/5/2013 15:00,182,77,105
8/5/2013 16:00,340,154,186
8/5/2013 17:00,633,206,427
8/5/2013 18:00,519,167,352
8/5/2013 19:00,263,126,137
8/5/2013 20:00,165,82,83
8/5/2013 21:00,93,56,37
8/5/2013 22:00,54,19,35
8/5/2013 23:00,22,8,14
8/6/2013 0:00,16,7,9
8/6/2013 1:00,8,3,5
8/6/2013 2:00,5,3,2
8/6/2013 3:00,3,0,3
8/6/2013 4:00,9,7,2
8/6/2013 5:00,39,29,10
8/6/2013 6:00,175,120,55
8/6/2013 7:00,390,302,88
8/6/2013 8:00,602,417,185
8/6/2013 9:00,329,217,112
8/6/2013 10:00,142,89,53
8/6/2013 11:00,104,60,44
8/6/2013 12:00,109,53,56
8/6/2013 13:00,148,80,68
8/6/2013 14:00,128,54,74
8/6/2013 15:00,164,76,88
8/6/2013 16:00,343,127,216
8/6/2013 17:00,738,221,517
8/6/2013 18:00,525,199,326
8/6/2013 19:00,293,112,181
8/6/2013 20:00,148,84,64
8/6/2013 21:00,104,52,52
8/6/2013 22:00,51,21,30
8/6/2013 23:00,29,12,17
8/7/2013 0:00,22,9,13
8/7/2013 1:00,4,3,1
8/7/2013 2:00,35,33,2
8/7/2013 3:00,2,2,0
8/7/2013 4:00,14,11,3
8/7/2013 5:00,29,21,8
8/7/2013 6:00,171,112,59
8/7/2013 7:00,365,274,91
8/7/2013 8:00,539,377,162
8/7/2013 9:00,344,213,131
8/7/2013 10:00,139,74,65
8/7/2013 11:00,108,59,49
8/7/2013 12:00,118,63,55
8/7/2013 13:00,129,61,68
8/7/2013 14:00,116,65,51
8/7/2013 15:00,177,96,81
8/7/2013 16:00,324,118,206
8/7/2013 17:00,671,198,473
8/7/2013 18:00,512,177,335
8/7/2013 19:00,312,117,195
8/7/2013 20:00,199,91,108
8/7/2013 21:00,122,68,54
8/7/2013 22:00,60,28,32
8/7/2013 23:00,44,20,24
8/8/2013 0:00,17,7,10
8/8/2013 1:00,11,7,4
8/8/2013 2:00,6,3,3
8/8/2013 3:00,6,2,4
8/8/2013 4:00,4,4,0
8/8/2013 5:00,42,34,8
8/8/2013 6:00,166,119,47
8/8/2013 7:00,353,248,105
8/8/2013 8:00,488,343,145
8/8/2013 9:00,295,195,100
8/8/2013 10:00,144,80,64
8/8/2013 11:00,92,45,47
8/8/2013 12:00,122,70,52
8/8/2013 13:00,114,59,55
8/8/2013 14:00,138,75,63
8/8/2013 15:00,147,70,77
8/8/2013 16:00,329,129,200
8/8/2013 17:00,592,179,413
8/8/2013 18:00,500,166,334
8/8/2013 19:00,291,124,167
8/8/2013 20:00,183,84,99
8/8/2013 21:00,95,59,36
8/8/2013 22:00,82,38,44
8/8/2013 23:00,58,35,23
8/9/2013 0:00,16,10,6
8/9/2013 1:00,18,11,7
8/9/2013 2:00,13,10,3
8/9/2013 3:00,3,2,1
8/9/2013 4:00,5,5,0
8/9/2013 5:00,28,23,5
8/9/2013 6:00,135,96,39
8/9/2013 7:00,266,191,75
8/9/2013 8:00,441,307,134
8/9/2013 9:00,284,171,113
8/9/2013 10:00,141,77,64
8/9/2013 11:00,113,59,54
8/9/2013 12:00,141,67,74
8/9/2013 13:00,126,63,63
8/9/2013 14:00,154,67,87
8/9/2013 15:00,204,85,119
8/9/2013 16:00,316,113,203
8/9/2013 17:00,544,177,367
8/9/2013 18:00,356,149,207
8/9/2013 19:00,199,91,108
8/9/2013 20:00,136,56,80
8/9/2013 21:00,80,35,45
8/9/2013 22:00,67,31,36
8/9/2013 23:00,47,13,34
8/10/2013 0:00,36,16,20
8/10/2013 1:00,27,17,10
8/10/2013 2:00,8,4,4
8/10/2013 3:00,3,2,1
8/10/2013 4:00,4,2,2
8/10/2013 5:00,10,7,3
8/10/2013 6:00,35,16,19
8/10/2013 7:00,41,22,19
8/10/2013 8:00,75,40,35
8/10/2013 9:00,93,48,45
8/10/2013 10:00,132,77,55
8/10/2013 11:00,112,69,43
8/10/2013 12:00,127,72,55
8/10/2013 13:00,140,70,70
8/10/2013 14:00,156,84,72
8/10/2013 15:00,194,91,103
8/10/2013 16:00,169,89,80
8/10/2013 17:00,151,90,61
8/10/2013 18:00,120,57,63
8/10/2013 19:00,86,39,47
8/10/2013 20:00,65,28,37
8/10/2013 21:00,37,17,20
8/10/2013 22:00,43,13,30
8/10/2013 23:00,33,15,18
8/11/2013 0:00,27,12,15
8/11/2013 1:00,13,5,8
8/11/2013 2:00,9,3,6
8/11/2013 3:00,0,0,0
8/11/2013 4:00,4,3,1
8/11/2013 5:00,6,6,0
8/11/2013 6:00,17,9,8
8/11/2013 7:00,42,30,12
8/11/2013 8:00,71,42,29
8/11/2013 9:00,137,83,54
8/11/2013 10:00,161,71,90
8/11/2013 11:00,195,120,75
8/11/2013 12:00,213,116,97
8/11/2013 13:00,178,110,68
8/11/2013 14:00,191,98,93
8/11/2013 15:00,215,116,99
8/11/2013 16:00,216,129,87
8/11/2013 17:00,184,101,83
8/11/2013 18:00,144,87,57
8/11/2013 19:00,117,44,73
8/11/2013 20:00,74,41,33
8/11/2013 21:00,53,23,30
8/11/2013 22:00,35,18,17
8/11/2013 23:00,13,2,11
8/12/2013 0:00,12,7,5
8/12/2013 1:00,9,5,4
8/12/2013 2:00,4,2,2
8/12/2013 3:00,0,0,0
8/12/2013 4:00,13,11,2
8/12/2013 5:00,30,24,6
8/12/2013 6:00,149,102,47
8/12/2013 7:00,345,255,90
8/12/2013 8:00,488,348,140
8/12/2013 9:00,315,208,107
8/12/2013 10:00,114,64,50
8/12/2013 11:00,93,48,45
8/12/2013 12:00,114,44,70
8/12/2013 13:00,96,52,44
8/12/2013 14:00,126,65,61
8/12/2013 15:00,166,92,74
8/12/2013 16:00,322,124,198
8/12/2013 17:00,603,184,419
8/12/2013 18:00,480,174,306
8/12/2013 19:00,250,86,164
8/12/2013 20:00,134,68,66
8/12/2013 21:00,85,38,47
8/12/2013 22:00,48,23,25
8/12/2013 23:00,32,15,17
8/13/2013 0:00,16,6,10
8/13/2013 1:00,8,2,6
8/13/2013 2:00,5,2,3
8/13/2013 3:00,0,0,0
8/13/2013 4:00,8,5,3
8/13/2013 5:00,30,20,10
8/13/2013 6:00,167,125,42
8/13/2013 7:00,407,303,104
8/13/2013 8:00,514,354,160
8/13/2013 9:00,325,191,134
8/13/2013 10:00,154,86,68
8/13/2013 11:00,110,66,44
8/13/2013 12:00,112,66,46
8/13/2013 13:00,110,53,57
8/13/2013 14:00,126,61,65
8/13/2013 15:00,184,94,90
8/13/2013 16:00,337,121,216
8/13/2013 17:00,679,196,483
8/13/2013 18:00,500,161,339
8/13/2013 19:00,296,126,170
8/13/2013 20:00,191,101,90
8/13/2013 21:00,97,50,47
8/13/2013 22:00,60,25,35
8/13/2013 23:00,33,15,18
8/14/2013 0:00,13,7,6
8/14/2013 1:00,7,3,4
8/14/2013 2:00,2,2,0
8/14/2013 3:00,0,0,0
8/14/2013 4:00,4,3,1
8/14/2013 5:00,38,29,9
8/14/2013 6:00,147,100,47
8/14/2013 7:00,368,272,96
8/14/2013 8:00,545,390,155
8/14/2013 9:00,350,220,130
8/14/2013 10:00,147,74,73
8/14/2013 11:00,124,75,49
8/14/2013 12:00,116,56,60
8/14/2013 13:00,116,51,65
8/14/2013 14:00,135,72,63
8/14/2013 15:00,180,83,97
8/14/2013 16:00,282,121,161
8/14/2013 17:00,634,198,436
8/14/2013 18:00,471,157,314
8/14/2013 19:00,250,119,131
8/14/2013 20:00,133,55,78
8/14/2013 21:00,52,26,26
8/14/2013 22:00,37,16,21
8/14/2013 23:00,20,5,15
8/15/2013 0:00,19,13,6
8/15/2013 1:00,9,5,4
8/15/2013 2:00,8,3,5
8/15/2013 3:00,4,2,2
8/15/2013 4:00,4,4,0
8/15/2013 5:00,34,26,8
8/15/2013 6:00,133,88,45
8/15/2013 7:00,287,207,80
8/15/2013 8:00,452,316,136
8/15/2013 9:00,269,181,88
8/15/2013 10:00,129,75,54
8/15/2013 11:00,90,56,34
8/15/2013 12:00,73,40,33
8/15/2013 13:00,71,35,36
8/15/2013 14:00,88,40,48
8/15/2013 15:00,97,50,47
8/15/2013 16:00,215,78,137
8/15/2013 17:00,485,122,363
8/15/2013 18:00,393,143,250
8/15/2013 19:00,199,64,135
8/15/2013 20:00,134,61,73
8/15/2013 21:00,65,37,28
8/15/2013 22:00,41,23,18
8/15/2013 23:00,35,20,15
8/16/2013 0:00,21,8,13
8/16/2013 1:00,10,4,6
8/16/2013 2:00,8,1,7
8/16/2013 3:00,5,2,3
8/16/2013 4:00,5,5,0
8/16/2013 5:00,23,10,13
8/16/2013 6:00,137,85,52
8/16/2013 7:00,269,194,75
8/16/2013 8:00,421,289,132
8/16/2013 9:00,282,180,102
8/16/2013 10:00,142,70,72
8/16/2013 11:00,102,59,43
8/16/2013 12:00,120,61,59
8/16/2013 13:00,136,60,76
8/16/2013 14:00,142,82,60
8/16/2013 15:00,198,87,111
8/16/2013 16:00,310,119,191
8/16/2013 17:00,550,182,368
8/16/2013 18:00,410,168,242
8/16/2013 19:00,209,91,118
8/16/2013 20:00,143,59,84
8/16/2013 21:00,80,32,48
8/16/2013 22:00,46,18,28
8/16/2013 23:00,50,20,30
8/17/2013 0:00,28,12,16
8/17/2013 1:00,31,12,19
8/17/2013 2:00,16,9,7
8/17/2013 3:00,5,1,4
8/17/2013 4:00,8,3,5
8/17/2013 5:00,18,7,11
8/17/2013 6:00,50,21,29
8/17/2013 7:00,45,29,16
8/17/2013 8:00,89,41,48
8/17/2013 9:00,134,53,81
8/17/2013 10:00,144,92,52
8/17/2013 11:00,152,90,62
8/17/2013 12:00,165,89,76
8/17/2013 13:00,159,78,81
8/17/2013 14:00,169,87,82
8/17/2013 15:00,187,109,78
8/17/2013 16:00,197,106,91
8/17/2013 17:00,152,80,72
8/17/2013 18:00,131,64,67
8/17/2013 19:00,104,52,52
8/17/2013 20:00,103,53,50
8/17/2013 21:00,48,15,33
8/17/2013 22:00,59,26,33
8/17/2013 23:00,25,13,12
8/18/2013 0:00,21,10,11
8/18/2013 1:00,16,10,6
8/18/2013 2:00,6,1,5
8/18/2013 3:00,4,3,1
8/18/2013 4:00,6,2,4
8/18/2013 5:00,13,12,1
8/18/2013 6:00,24,13,11
8/18/2013 7:00,45,24,21
8/18/2013 8:00,65,45,20
8/18/2013 9:00,99,53,46
8/18/2013 10:00,184,103,81
8/18/2013 11:00,147,80,67
8/18/2013 12:00,217,125,92
8/18/2013 13:00,182,106,76
8/18/2013 14:00,242,131,111
8/18/2013 15:00,204,123,81
8/18/2013 16:00,211,112,99
8/18/2013 17:00,191,91,100
8/18/2013 18:00,158,98,60
8/18/2013 19:00,115,53,62
8/18/2013 20:00,58,28,30
8/18/2013 21:00,40,20,20
8/18/2013 22:00,32,15,17
8/18/2013 23:00,21,6,15
8/19/2013 0:00,23,7,16
8/19/2013 1:00,6,3,3
8/19/2013 2:00,5,2,3
8/19/2013 3:00,0,0,0
8/19/2013 4:00,6,3,3
8/19/2013 5:00,33,24,9
8/19/2013 6:00,143,101,42
8/19/2013 7:00,366,274,92
8/19/2013 8:00,494,342,152
8/19/2013 9:00,289,189,100
8/19/2013 10:00,143,89,54
8/19/2013 11:00,77,39,38
8/19/2013 12:00,98,46,52
8/19/2013 13:00,133,69,64
8/19/2013 14:00,149,72,77
8/19/2013 15:00,157,71,86
8/19/2013 16:00,290,116,174
8/19/2013 17:00,643,172,471
8/19/2013 18:00,551,171,380
8/19/2013 19:00,228,99,129
8/19/2013 20:00,121,54,67
8/19/2013 21:00,79,33,46
8/19/2013 22:00,53,24,29
8/19/2013 23:00,30,12,18
8/20/2013 0:00,13,7,6
8/20/2013 1:00,10,1,9
8/20/2013 2:00,11,4,7
8/20/2013 3:00,2,1,1
8/20/2013 4:00,9,7,2
8/20/2013 5:00,28,23,5
8/20/2013 6:00,151,105,46
8/20/2013 7:00,382,262,120
8/20/2013 8:00,565,398,167
8/20/2013 9:00,290,175,115
8/20/2013 10:00,154,75,79
8/20/2013 11:00,95,57,38
8/20/2013 12:00,113,61,52
8/20/2013 13:00,131,68,63
8/20/2013 14:00,108,50,58
8/20/2013 15:00,154,72,82
8/20/2013 16:00,303,113,190
8/20/2013 17:00,642,180,462
8/20/2013 18:00,613,226,387
8/20/2013 19:00,301,132,169
8/20/2013 20:00,192,94,98
8/20/2013 21:00,143,41,102
8/20/2013 22:00,70,29,41
8/20/2013 23:00,44,14,30
8/21/2013 0:00,23,12,11
8/21/2013 1:00,5,4,1
8/21/2013 2:00,14,9,5
8/21/2013 3:00,4,3,1
8/21/2013 4:00,5,3,2
8/21/2013 5:00,37,32,5
8/21/2013 6:00,152,105,47
8/21/2013 7:00,368,259,109
8/21/2013 8:00,531,380,151
8/21/2013 9:00,311,209,102
8/21/2013 10:00,152,79,73
8/21/2013 11:00,106,60,46
8/21/2013 12:00,123,73,50
8/21/2013 13:00,143,64,79
8/21/2013 14:00,134,57,77
8/21/2013 15:00,171,67,104
8/21/2013 16:00,326,128,198
8/21/2013 17:00,605,175,430
8/21/2013 18:00,557,190,367
8/21/2013 19:00,268,107,161
8/21/2013 20:00,156,72,84
8/21/2013 21:00,114,42,72
8/21/2013 22:00,48,20,28
8/21/2013 23:00,39,19,20
8/22/2013 0:00,24,8,16
8/22/2013 1:00,10,8,2
8/22/2013 2:00,7,3,4
8/22/2013 3:00,3,2,1
8/22/2013 4:00,10,6,4
8/22/2013 5:00,33,20,13
8/22/2013 6:00,134,99,35
8/22/2013 7:00,354,254,100
8/22/2013 8:00,471,328,143
8/22/2013 9:00,309,207,102
8/22/2013 10:00,155,103,52
8/22/2013 11:00,128,79,49
8/22/2013 12:00,110,70,40
8/22/2013 13:00,133,71,62
8/22/2013 14:00,126,67,59
8/22/2013 15:00,149,57,92
8/22/2013 16:00,316,111,205
8/22/2013 17:00,611,182,429
8/22/2013 18:00,482,173,309
8/22/2013 19:00,257,99,158
8/22/2013 20:00,154,72,82
8/22/2013 21:00,94,54,40
8/22/2013 22:00,50,34,16
8/22/2013 23:00,50,21,29
8/23/2013 0:00,21,14,7
8/23/2013 1:00,13,4,9
8/23/2013 2:00,5,0,5
8/23/2013 3:00,5,4,1
8/23/2013 4:00,7,7,0
8/23/2013 5:00,24,13,11
8/23/2013 6:00,124,78,46
8/23/2013 7:00,257,192,65
8/23/2013 8:00,399,279,120
8/23/2013 9:00,259,169,90
8/23/2013 10:00,153,79,74
8/23/2013 11:00,124,72,52
8/23/2013 12:00,98,50,48
8/23/2013 13:00,122,66,56
8/23/2013 14:00,130,62,68
8/23/2013 15:00,182,77,105
8/23/2013 16:00,270,94,176
8/23/2013 17:00,484,153,331
8/23/2013 18:00,331,124,207
8/23/2013 19:00,180,85,95
8/23/2013 20:00,99,39,60
8/23/2013 21:00,68,26,42
8/23/2013 22:00,46,18,28
8/23/2013 23:00,45,20,25
8/24/2013 0:00,34,16,18
8/24/2013 1:00,22,6,16
8/24/2013 2:00,16,8,8
8/24/2013 3:00,7,5,2
8/24/2013 4:00,8,7,1
8/24/2013 5:00,8,7,1
8/24/2013 6:00,31,10,21
8/24/2013 7:00,60,32,28
8/24/2013 8:00,79,47,32
8/24/2013 9:00,125,67,58
8/24/2013 10:00,121,69,52
8/24/2013 11:00,125,70,55
8/24/2013 12:00,115,63,52
8/24/2013 13:00,190,98,92
8/24/2013 14:00,176,91,85
8/24/2013 15:00,176,93,83
8/24/2013 16:00,192,97,95
8/24/2013 17:00,149,69,80
8/24/2013 18:00,130,80,50
8/24/2013 19:00,81,43,38
8/24/2013 20:00,75,46,29
8/24/2013 21:00,36,17,19
8/24/2013 22:00,41,9,32
8/24/2013 23:00,33,11,22
8/25/2013 0:00,26,10,16
8/25/2013 1:00,13,4,9
8/25/2013 2:00,8,4,4
8/25/2013 3:00,8,4,4
8/25/2013 4:00,7,4,3
8/25/2013 5:00,11,8,3
8/25/2013 6:00,14,6,8
8/25/2013 7:00,20,9,11
8/25/2013 8:00,52,28,24
8/25/2013 9:00,98,59,39
8/25/2013 10:00,173,92,81
8/25/2013 11:00,164,78,86
8/25/2013 12:00,219,101,118
8/25/2013 13:00,222,132,90
8/25/2013 14:00,225,135,90
8/25/2013 15:00,195,119,76
8/25/2013 16:00,195,106,89
8/25/2013 17:00,119,75,44
8/25/2013 18:00,99,49,50
8/25/2013 19:00,47,24,23
8/25/2013 20:00,52,27,25
8/25/2013 21:00,31,8,23
8/25/2013 22:00,45,7,38
8/25/2013 23:00,16,2,14
8/26/2013 0:00,19,10,9
8/26/2013 1:00,7,3,4
8/26/2013 2:00,5,2,3
8/26/2013 3:00,3,0,3
8/26/2013 4:00,8,6,2
8/26/2013 5:00,34,24,10
8/26/2013 6:00,145,101,44
8/26/2013 7:00,293,212,81
8/26/2013 8:00,408,283,125
8/26/2013 9:00,267,165,102
8/26/2013 10:00,122,81,41
8/26/2013 11:00,82,40,42
8/26/2013 12:00,72,31,41
8/26/2013 13:00,96,54,42
8/26/2013 14:00,120,59,61
8/26/2013 15:00,152,73,79
8/26/2013 16:00,256,108,148
8/26/2013 17:00,482,150,332
8/26/2013 18:00,336,93,243
8/26/2013 19:00,144,60,84
8/26/2013 20:00,80,28,52
8/26/2013 21:00,56,27,29
8/26/2013 22:00,33,16,17
8/26/2013 23:00,20,7,13
8/27/2013 0:00,15,8,7
8/27/2013 1:00,9,8,1
8/27/2013 2:00,4,3,1
8/27/2013 3:00,3,0,3
8/27/2013 4:00,7,6,1
8/27/2013 5:00,29,23,6
8/27/2013 6:00,134,87,47
8/27/2013 7:00,335,237,98
8/27/2013 8:00,506,350,156
8/27/2013 9:00,304,195,109
8/27/2013 10:00,117,68,49
8/27/2013 11:00,97,45,52
8/27/2013 12:00,111,62,49
8/27/2013 13:00,121,71,50
8/27/2013 14:00,113,65,48
8/27/2013 15:00,155,82,73
8/27/2013 16:00,292,125,167
8/27/2013 17:00,565,158,407
8/27/2013 18:00,505,168,337
8/27/2013 19:00,220,78,142
8/27/2013 20:00,115,52,63
8/27/2013 21:00,67,34,33
8/27/2013 22:00,43,25,18
8/27/2013 23:00,25,13,12
8/28/2013 0:00,15,7,8
8/28/2013 1:00,6,4,2
8/28/2013 2:00,8,3,5
8/28/2013 3:00,4,3,1
8/28/2013 4:00,5,4,1
8/28/2013 5:00,24,15,9
8/28/2013 6:00,93,62,31
8/28/2013 7:00,271,201,70
8/28/2013 8:00,396,265,131
8/28/2013 9:00,261,173,88
8/28/2013 10:00,122,65,57
8/28/2013 11:00,98,49,49
8/28/2013 12:00,134,78,56
8/28/2013 13:00,103,54,49
8/28/2013 14:00,114,54,60
8/28/2013 15:00,138,66,72
8/28/2013 16:00,232,94,138
8/28/2013 17:00,494,169,325
8/28/2013 18:00,427,144,283
8/28/2013 19:00,241,98,143
8/28/2013 20:00,133,55,78
8/28/2013 21:00,87,53,34
8/28/2013 22:00,42,20,22
8/28/2013 23:00,36,15,21
8/29/2013 0:00,20,12,8
8/29/2013 1:00,16,8,8
8/29/2013 2:00,10,7,3
8/29/2013 3:00,3,1,2
8/29/2013 4:00,6,3,3
8/29/2013 5:00,23,16,7
8/29/2013 6:00,88,61,27
8/29/2013 7:00,241,183,58
8/29/2013 8:00,358,250,108
8/29/2013 9:00,190,119,71
8/29/2013 10:00,87,55,32
8/29/2013 11:00,47,21,26
8/29/2013 12:00,43,28,15
8/29/2013 13:00,53,26,27
8/29/2013 14:00,59,34,25
8/29/2013 15:00,93,48,45
8/29/2013 16:00,164,63,101
8/29/2013 17:00,347,101,246
8/29/2013 18:00,251,91,160
8/29/2013 19:00,117,39,78
8/29/2013 20:00,70,27,43
8/29/2013 21:00,40,14,26
8/29/2013 22:00,20,8,12
8/29/2013 23:00,29,15,14
8/30/2013 0:00,6,1,5
8/30/2013 1:00,7,2,5
8/30/2013 2:00,2,1,1
8/30/2013 3:00,3,0,3
8/30/2013 4:00,4,4,0
8/30/2013 5:00,22,13,9
8/30/2013 6:00,106,73,33
8/30/2013 7:00,265,196,69
8/30/2013 8:00,362,253,109
8/30/2013 9:00,242,144,98
8/30/2013 10:00,134,79,55
8/30/2013 11:00,116,72,44
8/30/2013 12:00,121,65,56
8/30/2013 13:00,132,71,61
8/30/2013 14:00,129,61,68
8/30/2013 15:00,202,80,122
8/30/2013 16:00,342,134,208
8/30/2013 17:00,436,153,283
8/30/2013 18:00,321,130,191
8/30/2013 19:00,185,73,112
8/30/2013 20:00,102,51,51
8/30/2013 21:00,70,29,41
8/30/2013 22:00,43,20,23
8/30/2013 23:00,24,9,15
8/31/2013 0:00,24,9,15
8/31/2013 1:00,11,6,5
8/31/2013 2:00,16,5,11
8/31/2013 3:00,10,5,5
8/31/2013 4:00,4,3,1
8/31/2013 5:00,8,7,1
8/31/2013 6:00,32,19,13
8/31/2013 7:00,56,31,25
8/31/2013 8:00,83,53,30
8/31/2013 9:00,128,71,57
8/31/2013 10:00,178,101,77
8/31/2013 11:00,173,103,70
8/31/2013 12:00,179,100,79
8/31/2013 13:00,195,97,98
8/31/2013 14:00,188,105,83
8/31/2013 15:00,182,96,86
8/31/2013 16:00,189,87,102
8/31/2013 17:00,157,82,75
8/31/2013 18:00,133,70,63
8/31/2013 19:00,101,56,45
8/31/2013 20:00,70,37,33
8/31/2013 21:00,67,22,45
8/31/2013 22:00,59,28,31
8/31/2013 23:00,49,11,38
9/1/2013 0:00,41,16,25
9/1/2013 1:00,14,10,4
9/1/2013 2:00,18,12,6
9/1/2013 3:00,9,4,5
9/1/2013 4:00,3,3,0
9/1/2013 5:00,9,6,3
9/1/2013 6:00,19,11,8
9/1/2013 7:00,37,24,13
9/1/2013 8:00,74,44,30
9/1/2013 9:00,62,34,28
9/1/2013 10:00,128,65,63
9/1/2013 11:00,174,103,71
9/1/2013 12:00,188,100,88
9/1/2013 13:00,218,134,84
9/1/2013 14:00,230,132,98
9/1/2013 15:00,229,144,85
9/1/2013 16:00,187,106,81
9/1/2013 17:00,152,75,77
9/1/2013 18:00,130,74,56
9/1/2013 19:00,137,67,70
9/1/2013 20:00,58,29,29
9/1/2013 21:00,55,25,30
9/1/2013 22:00,49,9,40
9/1/2013 23:00,67,36,31
9/2/2013 0:00,38,15,23
9/2/2013 1:00,18,5,13
9/2/2013 2:00,7,5,2
9/2/2013 3:00,4,2,2
9/2/2013 4:00,7,4,3
9/2/2013 5:00,5,4,1
9/2/2013 6:00,15,9,6
9/2/2013 7:00,55,35,20
9/2/2013 8:00,69,48,21
9/2/2013 9:00,116,63,53
9/2/2013 10:00,152,95,57
9/2/2013 11:00,157,81,76
9/2/2013 12:00,198,101,97
9/2/2013 13:00,198,124,74
9/2/2013 14:00,226,134,92
9/2/2013 15:00,193,107,86
9/2/2013 16:00,203,113,90
9/2/2013 17:00,177,89,88
9/2/2013 18:00,145,74,71
9/2/2013 19:00,127,71,56
9/2/2013 20:00,76,42,34
9/2/2013 21:00,44,20,24
9/2/2013 22:00,47,15,32
9/2/2013 23:00,48,22,26
9/3/2013 0:00,19,11,8
9/3/2013 1:00,7,3,4
9/3/2013 2:00,6,2,4
9/3/2013 3:00,1,1,0
9/3/2013 4:00,8,4,4
9/3/2013 5:00,25,21,4
9/3/2013 6:00,86,56,30
9/3/2013 7:00,212,164,48
9/3/2013 8:00,390,263,127
9/3/2013 9:00,220,142,78
9/3/2013 10:00,85,45,40
9/3/2013 11:00,74,35,39
9/3/2013 12:00,80,42,38
9/3/2013 13:00,68,31,37
9/3/2013 14:00,58,31,27
9/3/2013 15:00,92,41,51
9/3/2013 16:00,183,81,102
9/3/2013 17:00,451,139,312
9/3/2013 18:00,385,143,242
9/3/2013 19:00,223,90,133
9/3/2013 20:00,121,60,61
9/3/2013 21:00,56,29,27
9/3/2013 22:00,56,30,26
9/3/2013 23:00,25,11,14
9/4/2013 0:00,20,7,13
9/4/2013 1:00,11,5,6
9/4/2013 2:00,5,3,2
9/4/2013 3:00,3,3,0
9/4/2013 4:00,8,7,1
9/4/2013 5:00,29,22,7
9/4/2013 6:00,134,91,43
9/4/2013 7:00,331,254,77
9/4/2013 8:00,493,341,152
9/4/2013 9:00,316,200,116
9/4/2013 10:00,150,87,63
9/4/2013 11:00,86,45,41
9/4/2013 12:00,91,43,48
9/4/2013 13:00,91,45,46
9/4/2013 14:00,118,64,54
9/4/2013 15:00,125,63,62
9/4/2013 16:00,256,92,164
9/4/2013 17:00,577,175,402
9/4/2013 18:00,476,154,322
9/4/2013 19:00,237,94,143
9/4/2013 20:00,109,41,68
9/4/2013 21:00,83,28,55
9/4/2013 22:00,46,18,28
9/4/2013 23:00,35,11,24
9/5/2013 0:00,13,9,4
9/5/2013 1:00,12,4,8
9/5/2013 2:00,9,6,3
9/5/2013 3:00,6,5,1
9/5/2013 4:00,7,6,1
9/5/2013 5:00,23,14,9
9/5/2013 6:00,120,87,33
9/5/2013 7:00,192,140,52
9/5/2013 8:00,231,162,69
9/5/2013 9:00,130,79,51
9/5/2013 10:00,73,41,32
9/5/2013 11:00,45,23,22
9/5/2013 12:00,55,22,33
9/5/2013 13:00,62,32,30
9/5/2013 14:00,84,50,34
9/5/2013 15:00,105,61,44
9/5/2013 16:00,160,66,94
9/5/2013 17:00,353,113,240
9/5/2013 18:00,229,99,130
9/5/2013 19:00,171,79,92
9/5/2013 20:00,62,31,31
9/5/2013 21:00,48,24,24
9/5/2013 22:00,34,10,24
9/5/2013 23:00,24,15,9
9/6/2013 0:00,12,5,7
9/6/2013 1:00,4,3,1
9/6/2013 2:00,6,5,1
9/6/2013 3:00,2,2,0
9/6/2013 4:00,8,5,3
9/6/2013 5:00,26,20,6
9/6/2013 6:00,86,59,27
9/6/2013 7:00,175,128,47
9/6/2013 8:00,263,193,70
9/6/2013 9:00,167,109,58
9/6/2013 10:00,72,43,29
9/6/2013 11:00,37,22,15
9/6/2013 12:00,50,24,26
9/6/2013 13:00,65,34,31
9/6/2013 14:00,50,22,28
9/6/2013 15:00,105,50,55
9/6/2013 16:00,181,76,105
9/6/2013 17:00,338,123,215
9/6/2013 18:00,272,105,167
9/6/2013 19:00,131,54,77
9/6/2013 20:00,73,32,41
9/6/2013 21:00,45,15,30
9/6/2013 22:00,29,5,24
9/6/2013 23:00,26,11,15
9/7/2013 0:00,23,12,11
9/7/2013 1:00,20,10,10
9/7/2013 2:00,6,2,4
9/7/2013 3:00,5,3,2
9/7/2013 4:00,7,4,3
9/7/2013 5:00,13,10,3
9/7/2013 6:00,25,15,10
9/7/2013 7:00,38,24,14
9/7/2013 8:00,62,34,28
9/7/2013 9:00,111,63,48
9/7/2013 10:00,99,60,39
9/7/2013 11:00,117,71,46
9/7/2013 12:00,100,57,43
9/7/2013 13:00,139,68,71
9/7/2013 14:00,162,94,68
9/7/2013 15:00,161,88,73
9/7/2013 16:00,165,85,80
9/7/2013 17:00,173,98,75
9/7/2013 18:00,161,96,65
9/7/2013 19:00,86,48,38
9/7/2013 20:00,69,33,36
9/7/2013 21:00,53,19,34
9/7/2013 22:00,50,8,42
9/7/2013 23:00,35,11,24
9/8/2013 0:00,32,12,20
9/8/2013 1:00,18,5,13
9/8/2013 2:00,8,4,4
9/8/2013 3:00,7,6,1
9/8/2013 4:00,6,5,1
9/8/2013 5:00,12,7,5
9/8/2013 6:00,19,14,5
9/8/2013 7:00,41,27,14
9/8/2013 8:00,61,27,34
9/8/2013 9:00,117,47,70
9/8/2013 10:00,153,89,64
9/8/2013 11:00,155,81,74
9/8/2013 12:00,154,85,69
9/8/2013 13:00,236,149,87
9/8/2013 14:00,216,114,102
9/8/2013 15:00,275,186,89
9/8/2013 16:00,208,90,118
9/8/2013 17:00,207,107,100
9/8/2013 18:00,156,94,62
9/8/2013 19:00,110,68,42
9/8/2013 20:00,64,40,24
9/8/2013 21:00,32,15,17
9/8/2013 22:00,25,8,17
9/8/2013 23:00,19,8,11
9/9/2013 0:00,14,7,7
9/9/2013 1:00,8,1,7
9/9/2013 2:00,3,2,1
9/9/2013 3:00,2,1,1
9/9/2013 4:00,5,4,1
9/9/2013 5:00,35,26,9
9/9/2013 6:00,139,95,44
9/9/2013 7:00,344,257,87
9/9/2013 8:00,483,343,140
9/9/2013 9:00,311,184,127
9/9/2013 10:00,114,65,49
9/9/2013 11:00,78,45,33
9/9/2013 12:00,84,42,42
9/9/2013 13:00,112,56,56
9/9/2013 14:00,121,55,66
9/9/2013 15:00,157,76,81
9/9/2013 16:00,299,125,174
9/9/2013 17:00,606,169,437
9/9/2013 18:00,489,151,338
9/9/2013 19:00,239,89,150
9/9/2013 20:00,122,52,70
9/9/2013 21:00,56,27,29
9/9/2013 22:00,51,25,26
9/9/2013 23:00,21,10,11
9/10/2013 0:00,35,14,21
9/10/2013 1:00,4,3,1
9/10/2013 2:00,8,4,4
9/10/2013 3:00,5,5,0
9/10/2013 4:00,8,6,2
9/10/2013 5:00,30,25,5
9/10/2013 6:00,129,93,36
9/10/2013 7:00,398,299,99
9/10/2013 8:00,551,380,171
9/10/2013 9:00,294,193,101
9/10/2013 10:00,140,69,71
9/10/2013 11:00,93,58,35
9/10/2013 12:00,110,59,51
9/10/2013 13:00,102,49,53
9/10/2013 14:00,127,59,68
9/10/2013 15:00,164,79,85
9/10/2013 16:00,287,104,183
9/10/2013 17:00,685,206,479
9/10/2013 18:00,548,188,360
9/10/2013 19:00,264,103,161
9/10/2013 20:00,111,48,63
9/10/2013 21:00,65,29,36
9/10/2013 22:00,44,19,25
9/10/2013 23:00,43,20,23
9/11/2013 0:00,20,10,10
9/11/2013 1:00,3,0,3
9/11/2013 2:00,8,5,3
9/11/2013 3:00,5,4,1
9/11/2013 4:00,8,5,3
9/11/2013 5:00,42,33,9
9/11/2013 6:00,136,96,40
9/11/2013 7:00,397,279,118
9/11/2013 8:00,562,405,157
9/11/2013 9:00,358,206,152
9/11/2013 10:00,128,76,52
9/11/2013 11:00,110,64,46
9/11/2013 12:00,117,56,61
9/11/2013 13:00,138,72,66
9/11/2013 14:00,147,73,74
9/11/2013 15:00,160,80,80
9/11/2013 16:00,304,121,183
9/11/2013 17:00,645,185,460
9/11/2013 18:00,511,199,312
9/11/2013 19:00,286,122,164
9/11/2013 20:00,138,67,71
9/11/2013 21:00,85,39,46
9/11/2013 22:00,75,38,37
9/11/2013 23:00,28,15,13
9/12/2013 0:00,16,5,11
9/12/2013 1:00,10,8,2
9/12/2013 2:00,6,4,2
9/12/2013 3:00,1,0,1
9/12/2013 4:00,3,2,1
9/12/2013 5:00,33,23,10
9/12/2013 6:00,144,99,45
9/12/2013 7:00,367,272,95
9/12/2013 8:00,502,346,156
9/12/2013 9:00,327,217,110
9/12/2013 10:00,118,61,57
9/12/2013 11:00,96,62,34
9/12/2013 12:00,100,56,44
9/12/2013 13:00,112,60,52
9/12/2013 14:00,109,61,48
9/12/2013 15:00,152,74,78
9/12/2013 16:00,287,123,164
9/12/2013 17:00,618,189,429
9/12/2013 18:00,499,174,325
9/12/2013 19:00,260,101,159
9/12/2013 20:00,118,56,62
9/12/2013 21:00,87,47,40
9/12/2013 22:00,43,15,28
9/12/2013 23:00,37,15,22
9/13/2013 0:00,18,11,7
9/13/2013 1:00,5,4,1
9/13/2013 2:00,10,6,4
9/13/2013 3:00,2,1,1
9/13/2013 4:00,4,1,3
9/13/2013 5:00,36,30,6
9/13/2013 6:00,106,70,36
9/13/2013 7:00,288,202,86
9/13/2013 8:00,388,268,120
9/13/2013 9:00,272,174,98
9/13/2013 10:00,128,74,54
9/13/2013 11:00,85,48,37
9/13/2013 12:00,82,37,45
9/13/2013 13:00,106,54,52
9/13/2013 14:00,106,55,51
9/13/2013 15:00,160,58,102
9/13/2013 16:00,279,95,184
9/13/2013 17:00,469,166,303
9/13/2013 18:00,341,120,221
9/13/2013 19:00,147,56,91
9/13/2013 20:00,76,23,53
9/13/2013 21:00,41,19,22
9/13/2013 22:00,52,16,36
9/13/2013 23:00,31,15,16
9/14/2013 0:00,18,7,11
9/14/2013 1:00,8,2,6
9/14/2013 2:00,9,2,7
9/14/2013 3:00,8,4,4
9/14/2013 4:00,8,5,3
9/14/2013 5:00,10,7,3
9/14/2013 6:00,18,12,6
9/14/2013 7:00,33,10,23
9/14/2013 8:00,88,50,38
9/14/2013 9:00,132,72,60
9/14/2013 10:00,81,46,35
9/14/2013 11:00,132,86,46
9/14/2013 12:00,136,72,64
9/14/2013 13:00,143,73,70
9/14/2013 14:00,170,88,82
9/14/2013 15:00,125,61,64
9/14/2013 16:00,135,75,60
9/14/2013 17:00,158,88,70
9/14/2013 18:00,148,81,67
9/14/2013 19:00,96,56,40
9/14/2013 20:00,69,35,34
9/14/2013 21:00,53,30,23
9/14/2013 22:00,30,15,15
9/14/2013 23:00,24,5,19
9/15/2013 0:00,20,12,8
9/15/2013 1:00,11,7,4
9/15/2013 2:00,11,6,5
9/15/2013 3:00,5,4,1
9/15/2013 4:00,5,4,1
9/15/2013 5:00,9,7,2
9/15/2013 6:00,18,11,7
9/15/2013 7:00,42,17,25
9/15/2013 8:00,59,32,27
9/15/2013 9:00,70,33,37
9/15/2013 10:00,72,46,26
9/15/2013 11:00,77,40,37
9/15/2013 12:00,74,48,26
9/15/2013 13:00,96,60,36
9/15/2013 14:00,100,54,46
9/15/2013 15:00,101,61,40
9/15/2013 16:00,75,39,36
9/15/2013 17:00,51,25,26
9/15/2013 18:00,34,16,18
9/15/2013 19:00,27,14,13
9/15/2013 20:00,20,7,13
9/15/2013 21:00,11,5,6
9/15/2013 22:00,21,2,19
9/15/2013 23:00,15,11,4
9/16/2013 0:00,10,6,4
9/16/2013 1:00,4,0,4
9/16/2013 2:00,4,3,1
9/16/2013 3:00,2,0,2
9/16/2013 4:00,5,3,2
9/16/2013 5:00,30,26,4
9/16/2013 6:00,100,66,34
9/16/2013 7:00,275,192,83
9/16/2013 8:00,424,291,133
9/16/2013 9:00,270,189,81
9/16/2013 10:00,102,62,40
9/16/2013 11:00,74,43,31
9/16/2013 12:00,73,32,41
9/16/2013 13:00,75,45,30
9/16/2013 14:00,70,31,39
9/16/2013 15:00,124,53,71
9/16/2013 16:00,213,91,122
9/16/2013 17:00,492,121,371
9/16/2013 18:00,400,122,278
9/16/2013 19:00,168,66,102
9/16/2013 20:00,60,28,32
9/16/2013 21:00,46,24,22
9/16/2013 22:00,28,14,14
9/16/2013 23:00,16,3,13
9/17/2013 0:00,10,5,5
9/17/2013 1:00,4,2,2
9/17/2013 2:00,4,4,0
9/17/2013 3:00,2,2,0
9/17/2013 4:00,7,5,2
9/17/2013 5:00,37,29,8
9/17/2013 6:00,111,79,32
9/17/2013 7:00,326,230,96
9/17/2013 8:00,465,321,144
9/17/2013 9:00,275,157,118
9/17/2013 10:00,115,65,50
9/17/2013 11:00,85,52,33
9/17/2013 12:00,80,45,35
9/17/2013 13:00,101,48,53
9/17/2013 14:00,91,42,49
9/17/2013 15:00,120,54,66
9/17/2013 16:00,214,77,137
9/17/2013 17:00,471,146,325
9/17/2013 18:00,381,134,247
9/17/2013 19:00,180,69,111
9/17/2013 20:00,93,47,46
9/17/2013 21:00,48,19,29
9/17/2013 22:00,29,15,14
9/17/2013 23:00,35,12,23
9/18/2013 0:00,10,4,6
9/18/2013 1:00,4,2,2
9/18/2013 2:00,8,5,3
9/18/2013 3:00,1,1,0
9/18/2013 4:00,6,3,3
9/18/2013 5:00,40,32,8
9/18/2013 6:00,111,81,30
9/18/2013 7:00,308,221,87
9/18/2013 8:00,513,362,151
9/18/2013 9:00,290,188,102
9/18/2013 10:00,132,80,52
9/18/2013 11:00,101,58,43
9/18/2013 12:00,138,76,62
9/18/2013 13:00,121,63,58
9/18/2013 14:00,122,58,64
9/18/2013 15:00,147,63,84
9/18/2013 16:00,290,112,178
9/18/2013 17:00,582,198,384
9/18/2013 18:00,493,178,315
9/18/2013 19:00,239,108,131
9/18/2013 20:00,102,42,60
9/18/2013 21:00,67,40,27
9/18/2013 22:00,50,22,28
9/18/2013 23:00,34,12,22
9/19/2013 0:00,13,7,6
9/19/2013 1:00,3,1,2
9/19/2013 2:00,16,11,5
9/19/2013 3:00,0,0,0
9/19/2013 4:00,5,4,1
9/19/2013 5:00,43,32,11
9/19/2013 6:00,109,77,32
9/19/2013 7:00,345,253,92
9/19/2013 8:00,528,371,157
9/19/2013 9:00,301,215,86
9/19/2013 10:00,116,112,4
9/19/2013 11:00,112,111,1
9/19/2013 12:00,116,63,53
9/19/2013 13:00,116,62,54
9/19/2013 14:00,136,63,73
9/19/2013 15:00,195,95,100
9/19/2013 16:00,281,120,161
9/19/2013 17:00,621,199,422
9/19/2013 18:00,480,185,295
9/19/2013 19:00,247,118,129
9/19/2013 20:00,152,55,97
9/19/2013 21:00,86,52,34
9/19/2013 22:00,55,28,27
9/19/2013 23:00,42,14,28
9/20/2013 0:00,22,12,10
9/20/2013 1:00,9,5,4
9/20/2013 2:00,8,5,3
9/20/2013 3:00,5,2,3
9/20/2013 4:00,8,5,3
9/20/2013 5:00,29,20,9
9/20/2013 6:00,107,75,32
9/20/2013 7:00,270,183,87
9/20/2013 8:00,460,313,147
9/20/2013 9:00,273,174,99
9/20/2013 10:00,157,92,65
9/20/2013 11:00,91,52,39
9/20/2013 12:00,97,47,50
9/20/2013 13:00,110,57,53
9/20/2013 14:00,128,63,65
9/20/2013 15:00,172,86,86
9/20/2013 16:00,309,125,184
9/20/2013 17:00,487,132,355
9/20/2013 18:00,337,118,219
9/20/2013 19:00,113,48,65
9/20/2013 20:00,51,25,26
9/20/2013 21:00,40,17,23
9/20/2013 22:00,28,18,10
9/20/2013 23:00,23,10,13
9/21/2013 0:00,14,8,6
9/21/2013 1:00,15,8,7
9/21/2013 2:00,14,11,3
9/21/2013 3:00,3,2,1
9/21/2013 4:00,6,1,5
9/21/2013 5:00,10,7,3
9/21/2013 6:00,30,19,11
9/21/2013 7:00,26,18,8
9/21/2013 8:00,74,36,38
9/21/2013 9:00,93,49,44
9/21/2013 10:00,100,61,39
9/21/2013 11:00,134,66,68
9/21/2013 12:00,129,63,66
9/21/2013 13:00,133,69,64
9/21/2013 14:00,184,100,84
9/21/2013 15:00,219,127,92
9/21/2013 16:00,202,127,75
9/21/2013 17:00,185,116,69
9/21/2013 18:00,128,58,70
9/21/2013 19:00,92,50,42
9/21/2013 20:00,49,24,25
9/21/2013 21:00,37,17,20
9/21/2013 22:00,31,20,11
9/21/2013 23:00,24,17,7
9/22/2013 0:00,21,11,10
9/22/2013 1:00,10,5,5
9/22/2013 2:00,8,4,4
9/22/2013 3:00,5,3,2
9/22/2013 4:00,6,5,1
9/22/2013 5:00,7,3,4
9/22/2013 6:00,17,10,7
9/22/2013 7:00,19,11,8
9/22/2013 8:00,41,21,20
9/22/2013 9:00,64,34,30
9/22/2013 10:00,86,41,45
9/22/2013 11:00,71,43,28
9/22/2013 12:00,54,35,19
9/22/2013 13:00,29,15,14
9/22/2013 14:00,34,16,18
9/22/2013 15:00,25,13,12
9/22/2013 16:00,70,29,41
9/22/2013 17:00,54,28,26
9/22/2013 18:00,60,30,30
9/22/2013 19:00,34,17,17
9/22/2013 20:00,44,22,22
9/22/2013 21:00,14,8,6
9/22/2013 22:00,16,8,8
9/22/2013 23:00,7,3,4
9/23/2013 0:00,10,6,4
9/23/2013 1:00,1,0,1
9/23/2013 2:00,3,1,2
9/23/2013 3:00,0,0,0
9/23/2013 4:00,4,1,3
9/23/2013 5:00,25,19,6
9/23/2013 6:00,87,60,27
9/23/2013 7:00,207,149,58
9/23/2013 8:00,286,194,92
9/23/2013 9:00,164,106,58
9/23/2013 10:00,64,45,19
9/23/2013 11:00,37,22,15
9/23/2013 12:00,53,26,27
9/23/2013 13:00,72,38,34
9/23/2013 14:00,79,37,42
9/23/2013 15:00,78,41,37
9/23/2013 16:00,151,60,91
9/23/2013 17:00,394,131,263
9/23/2013 18:00,272,110,162
9/23/2013 19:00,113,48,65
9/23/2013 20:00,60,26,34
9/23/2013 21:00,47,26,21
9/23/2013 22:00,31,14,17
9/23/2013 23:00,19,7,12
9/24/2013 0:00,13,9,4
9/24/2013 1:00,3,3,0
9/24/2013 2:00,0,0,0
9/24/2013 3:00,2,2,0
9/24/2013 4:00,6,3,3
9/24/2013 5:00,34,27,7
9/24/2013 6:00,108,75,33
9/24/2013 7:00,273,209,64
9/24/2013 8:00,429,285,144
9/24/2013 9:00,271,172,99
9/24/2013 10:00,105,62,43
9/24/2013 11:00,77,45,32
9/24/2013 12:00,109,48,61
9/24/2013 13:00,101,60,41
9/24/2013 14:00,105,52,53
9/24/2013 15:00,142,62,80
9/24/2013 16:00,222,102,120
9/24/2013 17:00,506,173,333
9/24/2013 18:00,349,115,234
9/24/2013 19:00,177,73,104
9/24/2013 20:00,64,28,36
9/24/2013 21:00,51,19,32
9/24/2013 22:00,34,14,20
9/24/2013 23:00,25,12,13
9/25/2013 0:00,5,4,1
9/25/2013 1:00,3,1,2
9/25/2013 2:00,2,2,0
9/25/2013 3:00,1,1,0
9/25/2013 4:00,7,6,1
9/25/2013 5:00,26,22,4
9/25/2013 6:00,83,62,21
9/25/2013 7:00,249,181,68
9/25/2013 8:00,431,275,156
9/25/2013 9:00,270,175,95
9/25/2013 10:00,100,57,43
9/25/2013 11:00,54,25,29
9/25/2013 12:00,75,38,37
9/25/2013 13:00,86,41,45
9/25/2013 14:00,77,44,33
9/25/2013 15:00,103,44,59
9/25/2013 16:00,223,104,119
9/25/2013 17:00,524,166,358
9/25/2013 18:00,431,173,258
9/25/2013 19:00,170,76,94
9/25/2013 20:00,75,23,52
9/25/2013 21:00,51,25,26
9/25/2013 22:00,40,14,26
9/25/2013 23:00,16,8,8
9/26/2013 0:00,6,1,5
9/26/2013 1:00,5,2,3
9/26/2013 2:00,7,4,3
9/26/2013 3:00,1,1,0
9/26/2013 4:00,4,3,1
9/26/2013 5:00,28,23,5
9/26/2013 6:00,118,85,33
9/26/2013 7:00,299,226,73
9/26/2013 8:00,477,340,137
9/26/2013 9:00,319,198,121
9/26/2013 10:00,101,60,41
9/26/2013 11:00,88,57,31
9/26/2013 12:00,80,43,37
9/26/2013 13:00,98,51,47
9/26/2013 14:00,105,55,50
9/26/2013 15:00,176,91,85
9/26/2013 16:00,282,109,173
9/26/2013 17:00,566,182,384
9/26/2013 18:00,431,159,272
9/26/2013 19:00,191,76,115
9/26/2013 20:00,93,52,41
9/26/2013 21:00,71,36,35
9/26/2013 22:00,40,13,27
9/26/2013 23:00,27,7,20
9/27/2013 0:00,11,2,9
9/27/2013 1:00,10,1,9
9/27/2013 2:00,8,4,4
9/27/2013 3:00,5,1,4
9/27/2013 4:00,6,4,2
9/27/2013 5:00,21,14,7
9/27/2013 6:00,96,58,38
9/27/2013 7:00,184,132,52
9/27/2013 8:00,286,214,72
9/27/2013 9:00,169,102,67
9/27/2013 10:00,87,50,37
9/27/2013 11:00,62,34,28
9/27/2013 12:00,51,29,22
9/27/2013 13:00,62,39,23
9/27/2013 14:00,76,49,27
9/27/2013 15:00,92,38,54
9/27/2013 16:00,186,64,122
9/27/2013 17:00,315,109,206
9/27/2013 18:00,208,72,136
9/27/2013 19:00,86,36,50
9/27/2013 20:00,42,15,27
9/27/2013 21:00,30,14,16
9/27/2013 22:00,34,14,20
9/27/2013 23:00,22,12,10
9/28/2013 0:00,14,6,8
9/28/2013 1:00,6,1,5
9/28/2013 2:00,12,9,3
9/28/2013 3:00,4,1,3
9/28/2013 4:00,5,3,2
9/28/2013 5:00,3,2,1
9/28/2013 6:00,13,5,8
9/28/2013 7:00,14,9,5
9/28/2013 8:00,40,29,11
9/28/2013 9:00,39,23,16
9/28/2013 10:00,39,29,10
9/28/2013 11:00,37,19,18
9/28/2013 12:00,25,15,10
9/28/2013 13:00,24,13,11
9/28/2013 14:00,35,19,16
9/28/2013 15:00,34,21,13
9/28/2013 16:00,28,15,13
9/28/2013 17:00,24,13,11
9/28/2013 18:00,13,6,7
9/28/2013 19:00,23,12,11
9/28/2013 20:00,18,9,9
9/28/2013 21:00,11,7,4
9/28/2013 22:00,7,3,4
9/28/2013 23:00,9,4,5
9/29/2013 0:00,7,4,3
9/29/2013 1:00,8,5,3
9/29/2013 2:00,2,1,1
9/29/2013 3:00,4,2,2
9/29/2013 4:00,4,3,1
9/29/2013 5:00,5,2,3
9/29/2013 6:00,7,4,3
9/29/2013 7:00,11,4,7
9/29/2013 8:00,19,10,9
9/29/2013 9:00,32,12,20
9/29/2013 10:00,48,26,22
9/29/2013 11:00,37,22,15
9/29/2013 12:00,38,24,14
9/29/2013 13:00,36,17,19
9/29/2013 14:00,38,20,18
9/29/2013 15:00,37,18,19
9/29/2013 16:00,40,27,13
9/29/2013 17:00,31,19,12
9/29/2013 18:00,26,11,15
9/29/2013 19:00,18,5,13
9/29/2013 20:00,17,7,10
9/29/2013 21:00,10,5,5
9/29/2013 22:00,6,0,6
9/29/2013 23:00,9,5,4
9/30/2013 0:00,4,2,2
9/30/2013 1:00,4,4,0
9/30/2013 2:00,1,1,0
9/30/2013 3:00,1,0,1
9/30/2013 4:00,6,4,2
9/30/2013 5:00,23,19,4
9/30/2013 6:00,91,65,26
9/30/2013 7:00,172,127,45
9/30/2013 8:00,317,222,95
9/30/2013 9:00,225,139,86
9/30/2013 10:00,64,41,23
9/30/2013 11:00,50,29,21
9/30/2013 12:00,30,16,14
9/30/2013 13:00,55,33,22
9/30/2013 14:00,65,32,33
9/30/2013 15:00,88,43,45
9/30/2013 16:00,165,79,86
9/30/2013 17:00,372,128,244
9/30/2013 18:00,269,76,193
9/30/2013 19:00,120,46,74
9/30/2013 20:00,46,21,25
9/30/2013 21:00,36,14,22
9/30/2013 22:00,33,12,21
9/30/2013 23:00,22,12,10
10/1/2013 0:00,9,5,4
10/1/2013 1:00,3,0,3
10/1/2013 2:00,6,4,2
10/1/2013 3:00,0,0,0
10/1/2013 4:00,5,3,2
10/1/2013 5:00,24,18,6
10/1/2013 6:00,87,61,26
10/1/2013 7:00,264,189,75
10/1/2013 8:00,387,271,116
10/1/2013 9:00,205,131,74
10/1/2013 10:00,80,53,27
10/1/2013 11:00,74,40,34
10/1/2013 12:00,79,47,32
10/1/2013 13:00,67,35,32
10/1/2013 14:00,86,41,45
10/1/2013 15:00,119,61,58
10/1/2013 16:00,187,91,96
10/1/2013 17:00,411,143,268
10/1/2013 18:00,331,111,220
10/1/2013 19:00,132,46,86
10/1/2013 20:00,66,22,44
10/1/2013 21:00,50,22,28
10/1/2013 22:00,29,10,19
10/1/2013 23:00,29,9,20
10/2/2013 0:00,12,8,4
10/2/2013 1:00,8,2,6
10/2/2013 2:00,2,1,1
10/2/2013 3:00,0,0,0
10/2/2013 4:00,8,6,2
10/2/2013 5:00,22,15,7
10/2/2013 6:00,77,50,27
10/2/2013 7:00,206,142,64
10/2/2013 8:00,334,230,104
10/2/2013 9:00,239,163,76
10/2/2013 10:00,77,43,34
10/2/2013 11:00,43,21,22
10/2/2013 12:00,44,27,17
10/2/2013 13:00,39,25,14
10/2/2013 14:00,48,26,22
10/2/2013 15:00,98,51,47
10/2/2013 16:00,158,59,99
10/2/2013 17:00,395,141,254
10/2/2013 18:00,331,129,202
10/2/2013 19:00,128,48,80
10/2/2013 20:00,58,24,34
10/2/2013 21:00,36,15,21
10/2/2013 22:00,31,9,22
10/2/2013 23:00,18,8,10
10/3/2013 0:00,5,3,2
10/3/2013 1:00,3,2,1
10/3/2013 2:00,8,4,4
10/3/2013 3:00,4,1,3
10/3/2013 4:00,6,5,1
10/3/2013 5:00,26,18,8
10/3/2013 6:00,110,74,36
10/3/2013 7:00,283,204,79
10/3/2013 8:00,391,278,113
10/3/2013 9:00,283,175,108
10/3/2013 10:00,119,68,51
10/3/2013 11:00,73,42,31
10/3/2013 12:00,77,42,35
10/3/2013 13:00,91,46,45
10/3/2013 14:00,82,38,44
10/3/2013 15:00,148,73,75
10/3/2013 16:00,230,101,129
10/3/2013 17:00,524,172,352
10/3/2013 18:00,398,143,255
10/3/2013 19:00,190,87,103
10/3/2013 20:00,86,42,44
10/3/2013 21:00,62,30,32
10/3/2013 22:00,29,14,15
10/3/2013 23:00,23,8,15
10/4/2013 0:00,11,6,5
10/4/2013 1:00,16,4,12
10/4/2013 2:00,5,2,3
10/4/2013 3:00,2,2,0
10/4/2013 4:00,3,2,1
10/4/2013 5:00,19,17,2
10/4/2013 6:00,111,78,33
10/4/2013 7:00,227,154,73
10/4/2013 8:00,402,290,112
10/4/2013 9:00,270,167,103
10/4/2013 10:00,116,72,44
10/4/2013 11:00,71,45,26
10/4/2013 12:00,94,56,38
10/4/2013 13:00,117,51,66
10/4/2013 14:00,124,64,60
10/4/2013 15:00,164,77,87
10/4/2013 16:00,262,117,145
10/4/2013 17:00,525,182,343
10/4/2013 18:00,345,148,197
10/4/2013 19:00,157,67,90
10/4/2013 20:00,66,27,39
10/4/2013 21:00,50,25,25
10/4/2013 22:00,35,18,17
10/4/2013 23:00,22,8,14
10/5/2013 0:00,32,12,20
10/5/2013 1:00,6,2,4
10/5/2013 2:00,9,2,7
10/5/2013 3:00,6,2,4
10/5/2013 4:00,6,4,2
10/5/2013 5:00,13,9,4
10/5/2013 6:00,28,19,9
10/5/2013 7:00,36,24,12
10/5/2013 8:00,88,57,31
10/5/2013 9:00,110,58,52
10/5/2013 10:00,108,60,48
10/5/2013 11:00,155,95,60
10/5/2013 12:00,183,104,79
10/5/2013 13:00,229,136,93
10/5/2013 14:00,221,125,96
10/5/2013 15:00,230,121,109
10/5/2013 16:00,175,108,67
10/5/2013 17:00,196,116,80
10/5/2013 18:00,118,72,46
10/5/2013 19:00,74,31,43
10/5/2013 20:00,42,17,25
10/5/2013 21:00,28,12,16
10/5/2013 22:00,31,13,18
10/5/2013 23:00,29,12,17
10/6/2013 0:00,18,6,12
10/6/2013 1:00,10,8,2
10/6/2013 2:00,12,6,6
10/6/2013 3:00,9,6,3
10/6/2013 4:00,1,1,0
10/6/2013 5:00,9,5,4
10/6/2013 6:00,15,9,6
10/6/2013 7:00,26,15,11
10/6/2013 8:00,51,31,20
10/6/2013 9:00,100,69,31
10/6/2013 10:00,132,64,68
10/6/2013 11:00,139,68,71
10/6/2013 12:00,140,77,63
10/6/2013 13:00,193,117,76
10/6/2013 14:00,240,120,120
10/6/2013 15:00,298,166,132
10/6/2013 16:00,255,161,94
10/6/2013 17:00,213,131,82
10/6/2013 18:00,131,74,57
10/6/2013 19:00,61,31,30
10/6/2013 20:00,52,26,26
10/6/2013 21:00,20,9,11
10/6/2013 22:00,21,9,12
10/6/2013 23:00,24,7,17
10/7/2013 0:00,9,3,6
10/7/2013 1:00,2,2,0
10/7/2013 2:00,4,2,2
10/7/2013 3:00,1,0,1
10/7/2013 4:00,6,4,2
10/7/2013 5:00,23,17,6
10/7/2013 6:00,110,73,37
10/7/2013 7:00,252,191,61
10/7/2013 8:00,389,252,137
10/7/2013 9:00,274,163,111
10/7/2013 10:00,111,65,46
10/7/2013 11:00,58,29,29
10/7/2013 12:00,54,22,32
10/7/2013 13:00,63,33,30
10/7/2013 14:00,81,40,41
10/7/2013 15:00,111,49,62
10/7/2013 16:00,209,82,127
10/7/2013 17:00,501,167,334
10/7/2013 18:00,369,130,239
10/7/2013 19:00,137,50,87
10/7/2013 20:00,71,29,42
10/7/2013 21:00,57,27,30
10/7/2013 22:00,29,16,13
10/7/2013 23:00,19,7,12
10/8/2013 0:00,15,8,7
10/8/2013 1:00,3,1,2
10/8/2013 2:00,5,4,1
10/8/2013 3:00,1,1,0
10/8/2013 4:00,9,5,4
10/8/2013 5:00,28,24,4
10/8/2013 6:00,117,80,37
10/8/2013 7:00,289,209,80
10/8/2013 8:00,417,281,136
10/8/2013 9:00,238,146,92
10/8/2013 10:00,104,61,43
10/8/2013 11:00,47,29,18
10/8/2013 12:00,63,38,25
10/8/2013 13:00,55,26,29
10/8/2013 14:00,64,33,31
10/8/2013 15:00,94,45,49
10/8/2013 16:00,200,91,109
10/8/2013 17:00,446,139,307
10/8/2013 18:00,365,120,245
10/8/2013 19:00,168,62,106
10/8/2013 20:00,68,36,32
10/8/2013 21:00,52,24,28
10/8/2013 22:00,26,13,13
10/8/2013 23:00,16,8,8
10/9/2013 0:00,10,5,5
10/9/2013 1:00,5,5,0
10/9/2013 2:00,3,2,1
10/9/2013 3:00,1,0,1
10/9/2013 4:00,5,3,2
10/9/2013 5:00,29,20,9
10/9/2013 6:00,116,83,33
10/9/2013 7:00,288,205,83
10/9/2013 8:00,477,336,141
10/9/2013 9:00,339,203,136
10/9/2013 10:00,126,75,51
10/9/2013 11:00,89,47,42
10/9/2013 12:00,114,65,49
10/9/2013 13:00,90,45,45
10/9/2013 14:00,104,53,51
10/9/2013 15:00,138,67,71
10/9/2013 16:00,279,123,156
10/9/2013 17:00,573,200,373
10/9/2013 18:00,427,154,273
10/9/2013 19:00,155,69,86
10/9/2013 20:00,78,29,49
10/9/2013 21:00,80,29,51
10/9/2013 22:00,42,12,30
10/9/2013 23:00,19,9,10
10/10/2013 0:00,11,3,8
10/10/2013 1:00,6,1,5
10/10/2013 2:00,5,3,2
10/10/2013 3:00,1,0,1
10/10/2013 4:00,4,4,0
10/10/2013 5:00,25,19,6
10/10/2013 6:00,116,77,39
10/10/2013 7:00,275,199,76
10/10/2013 8:00,402,292,110
10/10/2013 9:00,283,179,104
10/10/2013 10:00,123,77,46
10/10/2013 11:00,82,49,33
10/10/2013 12:00,81,50,31
10/10/2013 13:00,108,51,57
10/10/2013 14:00,105,59,46
10/10/2013 15:00,155,91,64
10/10/2013 16:00,196,80,116
10/10/2013 17:00,477,153,324
10/10/2013 18:00,371,127,244
10/10/2013 19:00,158,68,90
10/10/2013 20:00,76,30,46
10/10/2013 21:00,49,21,28
10/10/2013 22:00,40,16,24
10/10/2013 23:00,23,10,13
10/11/2013 0:00,21,10,11
10/11/2013 1:00,6,5,1
10/11/2013 2:00,7,4,3
10/11/2013 3:00,2,2,0
10/11/2013 4:00,6,5,1
10/11/2013 5:00,17,14,3
10/11/2013 6:00,94,68,26
10/11/2013 7:00,184,135,49
10/11/2013 8:00,304,207,97
10/11/2013 9:00,209,139,70
10/11/2013 10:00,84,41,43
10/11/2013 11:00,40,28,12
10/11/2013 12:00,65,33,32
10/11/2013 13:00,54,30,24
10/11/2013 14:00,84,44,40
10/11/2013 15:00,87,47,40
10/11/2013 16:00,226,88,138
10/11/2013 17:00,330,118,212
10/11/2013 18:00,245,86,159
10/11/2013 19:00,115,43,72
10/11/2013 20:00,54,25,29
10/11/2013 21:00,22,12,10
10/11/2013 22:00,48,23,25
10/11/2013 23:00,30,9,21
10/12/2013 0:00,15,8,7
10/12/2013 1:00,8,5,3
10/12/2013 2:00,14,5,9
10/12/2013 3:00,3,1,2
10/12/2013 4:00,3,2,1
10/12/2013 5:00,5,3,2
10/12/2013 6:00,21,14,7
10/12/2013 7:00,23,12,11
10/12/2013 8:00,44,28,16
10/12/2013 9:00,69,34,35
10/12/2013 10:00,62,28,34
10/12/2013 11:00,91,53,38
10/12/2013 12:00,113,63,50
10/12/2013 13:00,77,43,34
10/12/2013 14:00,77,37,40
10/12/2013 15:00,116,55,61
10/12/2013 16:00,130,62,68
10/12/2013 17:00,119,69,50
10/12/2013 18:00,96,48,48
10/12/2013 19:00,57,28,29
10/12/2013 20:00,29,18,11
10/12/2013 21:00,34,19,15
10/12/2013 22:00,40,17,23
10/12/2013 23:00,28,20,8
10/13/2013 0:00,17,7,10
10/13/2013 1:00,8,3,5
10/13/2013 2:00,7,2,5
10/13/2013 3:00,3,1,2
10/13/2013 4:00,5,3,2
10/13/2013 5:00,5,2,3
10/13/2013 6:00,8,5,3
10/13/2013 7:00,19,11,8
10/13/2013 8:00,70,42,28
10/13/2013 9:00,60,31,29
10/13/2013 10:00,85,42,43
10/13/2013 11:00,123,68,55
10/13/2013 12:00,110,67,43
10/13/2013 13:00,111,64,47
10/13/2013 14:00,171,89,82
10/13/2013 15:00,192,123,69
10/13/2013 16:00,163,86,77
10/13/2013 17:00,124,65,59
10/13/2013 18:00,93,47,46
10/13/2013 19:00,49,29,20
10/13/2013 20:00,29,10,19
10/13/2013 21:00,23,9,14
10/13/2013 22:00,25,10,15
10/13/2013 23:00,15,3,12
10/14/2013 0:00,13,6,7
10/14/2013 1:00,2,1,1
10/14/2013 2:00,7,7,0
10/14/2013 3:00,2,2,0
10/14/2013 4:00,6,4,2
10/14/2013 5:00,29,22,7
10/14/2013 6:00,109,82,27
10/14/2013 7:00,269,189,80
10/14/2013 8:00,429,304,125
10/14/2013 9:00,318,210,108
10/14/2013 10:00,105,60,45
10/14/2013 11:00,71,41,30
10/14/2013 12:00,92,49,43
10/14/2013 13:00,99,40,59
10/14/2013 14:00,132,70,62
10/14/2013 15:00,152,84,68
10/14/2013 16:00,241,111,130
10/14/2013 17:00,562,208,354
10/14/2013 18:00,400,150,250
10/14/2013 19:00,159,57,102
10/14/2013 20:00,91,43,48
10/14/2013 21:00,51,25,26
10/14/2013 22:00,44,13,31
10/14/2013 23:00,22,9,13
10/15/2013 0:00,15,6,9
10/15/2013 1:00,5,2,3
10/15/2013 2:00,8,5,3
10/15/2013 3:00,4,1,3
10/15/2013 4:00,8,4,4
10/15/2013 5:00,31,24,7
10/15/2013 6:00,122,78,44
10/15/2013 7:00,306,224,82
10/15/2013 8:00,447,301,146
10/15/2013 9:00,287,185,102
10/15/2013 10:00,121,70,51
10/15/2013 11:00,86,50,36
10/15/2013 12:00,90,49,41
10/15/2013 13:00,93,43,50
10/15/2013 14:00,122,66,56
10/15/2013 15:00,142,64,78
10/15/2013 16:00,225,100,125
10/15/2013 17:00,531,182,349
10/15/2013 18:00,430,162,268
10/15/2013 19:00,184,70,114
10/15/2013 20:00,86,36,50
10/15/2013 21:00,68,28,40
10/15/2013 22:00,32,16,16
10/15/2013 23:00,21,11,10
10/16/2013 0:00,6,3,3
10/16/2013 1:00,7,6,1
10/16/2013 2:00,6,3,3
10/16/2013 3:00,2,1,1
10/16/2013 4:00,12,7,5
10/16/2013 5:00,22,16,6
10/16/2013 6:00,113,83,30
10/16/2013 7:00,301,224,77
10/16/2013 8:00,434,297,137
10/16/2013 9:00,283,191,92
10/16/2013 10:00,124,79,45
10/16/2013 11:00,92,59,33
10/16/2013 12:00,81,50,31
10/16/2013 13:00,78,36,42
10/16/2013 14:00,98,48,50
10/16/2013 15:00,136,64,72
10/16/2013 16:00,232,96,136
10/16/2013 17:00,520,180,340
10/16/2013 18:00,440,176,264
10/16/2013 19:00,170,60,110
10/16/2013 20:00,77,22,55
10/16/2013 21:00,47,17,30
10/16/2013 22:00,38,19,19
10/16/2013 23:00,21,6,15
10/17/2013 0:00,18,5,13
10/17/2013 1:00,2,0,2
10/17/2013 2:00,4,2,2
10/17/2013 3:00,2,2,0
10/17/2013 4:00,4,4,0
10/17/2013 5:00,20,17,3
10/17/2013 6:00,121,88,33
10/17/2013 7:00,272,202,70
10/17/2013 8:00,415,297,118
10/17/2013 9:00,280,184,96
10/17/2013 10:00,123,69,54
10/17/2013 11:00,70,44,26
10/17/2013 12:00,91,50,41
10/17/2013 13:00,80,45,35
10/17/2013 14:00,69,38,31
10/17/2013 15:00,136,62,74
10/17/2013 16:00,253,100,153
10/17/2013 17:00,529,185,344
10/17/2013 18:00,360,122,238
10/17/2013 19:00,145,63,82
10/17/2013 20:00,118,80,38
10/17/2013 21:00,63,30,33
10/17/2013 22:00,48,20,28
10/17/2013 23:00,28,13,15
10/18/2013 0:00,22,6,16
10/18/2013 1:00,10,4,6
10/18/2013 2:00,6,4,2
10/18/2013 3:00,2,2,0
10/18/2013 4:00,6,5,1
10/18/2013 5:00,26,19,7
10/18/2013 6:00,101,68,33
10/18/2013 7:00,228,170,58
10/18/2013 8:00,361,259,102
10/18/2013 9:00,264,174,90
10/18/2013 10:00,126,65,61
10/18/2013 11:00,64,41,23
10/18/2013 12:00,81,42,39
10/18/2013 13:00,86,49,37
10/18/2013 14:00,103,56,47
10/18/2013 15:00,127,64,63
10/18/2013 16:00,283,109,174
10/18/2013 17:00,462,164,298
10/18/2013 18:00,331,110,221
10/18/2013 19:00,121,58,63
10/18/2013 20:00,61,27,34
10/18/2013 21:00,26,12,14
10/18/2013 22:00,20,14,6
10/18/2013 23:00,33,16,17
10/19/2013 0:00,19,8,11
10/19/2013 1:00,9,6,3
10/19/2013 2:00,6,4,2
10/19/2013 3:00,3,3,0
10/19/2013 4:00,5,2,3
10/19/2013 5:00,7,6,1
10/19/2013 6:00,23,11,12
10/19/2013 7:00,26,18,8
10/19/2013 8:00,51,36,15
10/19/2013 9:00,83,52,31
10/19/2013 10:00,89,47,42
10/19/2013 11:00,70,43,27
10/19/2013 12:00,71,39,32
10/19/2013 13:00,85,47,38
10/19/2013 14:00,88,33,55
10/19/2013 15:00,116,65,51
10/19/2013 16:00,85,49,36
10/19/2013 17:00,89,53,36
10/19/2013 18:00,65,29,36
10/19/2013 19:00,46,25,21
10/19/2013 20:00,34,20,14
10/19/2013 21:00,18,12,6
10/19/2013 22:00,25,11,14
10/19/2013 23:00,21,5,16
10/20/2013 0:00,21,9,12
10/20/2013 1:00,13,5,8
10/20/2013 2:00,13,6,7
10/20/2013 3:00,10,1,9
10/20/2013 4:00,6,2,4
10/20/2013 5:00,8,4,4
10/20/2013 6:00,11,7,4
10/20/2013 7:00,24,11,13
10/20/2013 8:00,39,14,25
10/20/2013 9:00,41,20,21
10/20/2013 10:00,79,46,33
10/20/2013 11:00,63,38,25
10/20/2013 12:00,86,53,33
10/20/2013 13:00,84,48,36
10/20/2013 14:00,126,64,62
10/20/2013 15:00,133,71,62
10/20/2013 16:00,87,46,41
10/20/2013 17:00,102,48,54
10/20/2013 18:00,39,22,17
10/20/2013 19:00,33,16,17
10/20/2013 20:00,28,11,17
10/20/2013 21:00,21,13,8
10/20/2013 22:00,25,11,14
10/20/2013 23:00,20,10,10
10/21/2013 0:00,15,7,8
10/21/2013 1:00,5,3,2
10/21/2013 2:00,6,6,0
10/21/2013 3:00,1,1,0
10/21/2013 4:00,6,4,2
10/21/2013 5:00,22,17,5
10/21/2013 6:00,110,79,31
10/21/2013 7:00,275,208,67
10/21/2013 8:00,403,282,121
10/21/2013 9:00,265,163,102
10/21/2013 10:00,110,63,47
10/21/2013 11:00,70,48,22
10/21/2013 12:00,76,40,36
10/21/2013 13:00,65,35,30
10/21/2013 14:00,75,36,39
10/21/2013 15:00,135,56,79
10/21/2013 16:00,207,87,120
10/21/2013 17:00,474,151,323
10/21/2013 18:00,374,121,253
10/21/2013 19:00,137,54,83
10/21/2013 20:00,76,32,44
10/21/2013 21:00,49,23,26
10/21/2013 22:00,26,8,18
10/21/2013 23:00,24,8,16
10/22/2013 0:00,7,5,2
10/22/2013 1:00,10,3,7
10/22/2013 2:00,4,4,0
10/22/2013 3:00,4,3,1
10/22/2013 4:00,3,1,2
10/22/2013 5:00,22,19,3
10/22/2013 6:00,104,76,28
10/22/2013 7:00,300,227,73
10/22/2013 8:00,436,307,129
10/22/2013 9:00,270,154,116
10/22/2013 10:00,81,1,80
10/22/2013 11:00,73,0,73
10/22/2013 12:00,75,2,73
10/22/2013 13:00,67,3,64
10/22/2013 14:00,90,37,53
10/22/2013 15:00,136,69,67
10/22/2013 16:00,213,83,130
10/22/2013 17:00,530,164,366
10/22/2013 18:00,376,130,246
10/22/2013 19:00,147,65,82
10/22/2013 20:00,96,37,59
10/22/2013 21:00,57,24,33
10/22/2013 22:00,34,18,16
10/22/2013 23:00,27,10,17
10/23/2013 0:00,9,5,4
10/23/2013 1:00,4,3,1
10/23/2013 2:00,2,1,1
10/23/2013 3:00,1,0,1
10/23/2013 4:00,3,2,1
10/23/2013 5:00,23,15,8
10/23/2013 6:00,98,77,21
10/23/2013 7:00,248,185,63
10/23/2013 8:00,422,287,135
10/23/2013 9:00,289,177,112
10/23/2013 10:00,103,56,47
10/23/2013 11:00,58,5,53
10/23/2013 12:00,60,0,60
10/23/2013 13:00,61,2,59
10/23/2013 14:00,79,29,50
10/23/2013 15:00,123,57,66
10/23/2013 16:00,239,109,130
10/23/2013 17:00,512,175,337
10/23/2013 18:00,391,147,244
10/23/2013 19:00,142,48,94
10/23/2013 20:00,71,26,45
10/23/2013 21:00,64,23,41
10/23/2013 22:00,52,25,27
10/23/2013 23:00,30,8,22
10/24/2013 0:00,11,8,3
10/24/2013 1:00,3,1,2
10/24/2013 2:00,2,0,2
10/24/2013 3:00,4,2,2
10/24/2013 4:00,4,3,1
10/24/2013 5:00,22,18,4
10/24/2013 6:00,102,77,25
10/24/2013 7:00,257,183,74
10/24/2013 8:00,407,277,130
10/24/2013 9:00,262,204,58
10/24/2013 10:00,80,79,1
10/24/2013 11:00,69,68,1
10/24/2013 12:00,81,66,15
10/24/2013 13:00,81,39,42
10/24/2013 14:00,65,33,32
10/24/2013 15:00,120,57,63
10/24/2013 16:00,217,104,113
10/24/2013 17:00,479,151,328
10/24/2013 18:00,359,127,232
10/24/2013 19:00,134,48,86
10/24/2013 20:00,88,30,58
10/24/2013 21:00,63,23,40
10/24/2013 22:00,79,12,67
10/24/2013 23:00,26,14,12
10/25/2013 0:00,16,5,11
10/25/2013 1:00,8,3,5
10/25/2013 2:00,5,3,2
10/25/2013 3:00,1,1,0
10/25/2013 4:00,2,1,1
10/25/2013 5:00,20,13,7
10/25/2013 6:00,81,62,19
10/25/2013 7:00,228,155,73
10/25/2013 8:00,309,209,100
10/25/2013 9:00,223,151,72
10/25/2013 10:00,87,51,36
10/25/2013 11:00,60,41,19
10/25/2013 12:00,68,37,31
10/25/2013 13:00,64,38,26
10/25/2013 14:00,56,34,22
10/25/2013 15:00,123,66,57
10/25/2013 16:00,178,61,117
10/25/2013 17:00,391,130,261
10/25/2013 18:00,249,78,171
10/25/2013 19:00,123,48,75
10/25/2013 20:00,57,25,32
10/25/2013 21:00,36,22,14
10/25/2013 22:00,24,8,16
10/25/2013 23:00,26,10,16
10/26/2013 0:00,15,8,7
10/26/2013 1:00,12,5,7
10/26/2013 2:00,13,10,3
10/26/2013 3:00,2,0,2
10/26/2013 4:00,8,4,4
10/26/2013 5:00,5,5,0
10/26/2013 6:00,18,11,7
10/26/2013 7:00,17,11,6
10/26/2013 8:00,58,30,28
10/26/2013 9:00,58,33,25
10/26/2013 10:00,96,59,37
10/26/2013 11:00,93,49,44
10/26/2013 12:00,103,56,47
10/26/2013 13:00,139,80,59
10/26/2013 14:00,111,61,50
10/26/2013 15:00,109,54,55
10/26/2013 16:00,81,30,51
10/26/2013 17:00,97,51,46
10/26/2013 18:00,164,91,73
10/26/2013 19:00,42,18,24
10/26/2013 20:00,40,26,14
10/26/2013 21:00,37,17,20
10/26/2013 22:00,19,6,13
10/26/2013 23:00,30,12,18
10/27/2013 0:00,19,7,12
10/27/2013 1:00,16,8,8
10/27/2013 2:00,6,3,3
10/27/2013 3:00,7,4,3
10/27/2013 4:00,5,4,1
10/27/2013 5:00,7,6,1
10/27/2013 6:00,9,6,3
10/27/2013 7:00,11,8,3
10/27/2013 8:00,14,11,3
10/27/2013 9:00,45,25,20
10/27/2013 10:00,39,22,17
10/27/2013 11:00,25,13,12
10/27/2013 12:00,34,19,15
10/27/2013 13:00,61,27,34
10/27/2013 14:00,53,26,27
10/27/2013 15:00,92,48,44
10/27/2013 16:00,83,53,30
10/27/2013 17:00,101,59,42
10/27/2013 18:00,40,22,18
10/27/2013 19:00,33,16,17
10/27/2013 20:00,26,8,18
10/27/2013 21:00,24,10,14
10/27/2013 22:00,13,5,8
10/27/2013 23:00,15,6,9
10/28/2013 0:00,4,3,1
10/28/2013 1:00,3,2,1
10/28/2013 2:00,1,1,0
10/28/2013 3:00,2,1,1
10/28/2013 4:00,4,1,3
10/28/2013 5:00,25,19,6
10/28/2013 6:00,109,78,31
10/28/2013 7:00,285,200,85
10/28/2013 8:00,423,310,113
10/28/2013 9:00,302,178,124
10/28/2013 10:00,122,90,32
10/28/2013 11:00,63,37,26
10/28/2013 12:00,81,50,31
10/28/2013 13:00,86,43,43
10/28/2013 14:00,96,51,45
10/28/2013 15:00,160,68,92
10/28/2013 16:00,268,109,159
10/28/2013 17:00,587,180,407
10/28/2013 18:00,378,125,253
10/28/2013 19:00,137,52,85
10/28/2013 20:00,72,30,42
10/28/2013 21:00,67,33,34
10/28/2013 22:00,23,8,15
10/28/2013 23:00,30,10,20
10/29/2013 0:00,12,8,4
10/29/2013 1:00,9,5,4
10/29/2013 2:00,5,4,1
10/29/2013 3:00,1,1,0
10/29/2013 4:00,5,3,2
10/29/2013 5:00,26,20,6
10/29/2013 6:00,110,73,37
10/29/2013 7:00,284,212,72
10/29/2013 8:00,444,314,130
10/29/2013 9:00,268,246,22
10/29/2013 10:00,133,103,30
10/29/2013 11:00,85,80,5
10/29/2013 12:00,93,75,18
10/29/2013 13:00,116,98,18
10/29/2013 14:00,123,71,52
10/29/2013 15:00,134,64,70
10/29/2013 16:00,262,103,159
10/29/2013 17:00,517,150,367
10/29/2013 18:00,344,120,224
10/29/2013 19:00,152,67,85
10/29/2013 20:00,95,31,64
10/29/2013 21:00,64,24,40
10/29/2013 22:00,28,13,15
10/29/2013 23:00,42,21,21
10/30/2013 0:00,4,2,2
10/30/2013 1:00,9,4,5
10/30/2013 2:00,4,1,3
10/30/2013 3:00,2,0,2
10/30/2013 4:00,5,2,3
10/30/2013 5:00,28,23,5
10/30/2013 6:00,103,71,32
10/30/2013 7:00,252,192,60
10/30/2013 8:00,407,279,128
10/30/2013 9:00,261,166,95
10/30/2013 10:00,107,60,47
10/30/2013 11:00,73,38,35
10/30/2013 12:00,72,44,28
10/30/2013 13:00,79,35,44
10/30/2013 14:00,56,35,21
10/30/2013 15:00,122,56,66
10/30/2013 16:00,205,73,132
10/30/2013 17:00,454,142,312
10/30/2013 18:00,354,140,214
10/30/2013 19:00,157,60,97
10/30/2013 20:00,83,39,44
10/30/2013 21:00,54,16,38
10/30/2013 22:00,44,15,29
10/30/2013 23:00,19,7,12
10/31/2013 0:00,13,8,5
10/31/2013 1:00,9,2,7
10/31/2013 2:00,3,2,1
10/31/2013 3:00,2,2,0
10/31/2013 4:00,8,5,3
10/31/2013 5:00,21,15,6
10/31/2013 6:00,96,65,31
10/31/2013 7:00,218,164,54
10/31/2013 8:00,325,222,103
10/31/2013 9:00,242,157,85
10/31/2013 10:00,97,55,42
10/31/2013 11:00,71,39,32
10/31/2013 12:00,64,32,32
10/31/2013 13:00,70,36,34
10/31/2013 14:00,80,39,41
10/31/2013 15:00,115,59,56
10/31/2013 16:00,222,79,143
10/31/2013 17:00,398,116,282
10/31/2013 18:00,246,88,158
10/31/2013 19:00,118,48,70
10/31/2013 20:00,57,27,30
10/31/2013 21:00,36,14,22
10/31/2013 22:00,37,20,17
10/31/2013 23:00,25,13,12
11/1/2013 0:00,26,17,9
11/1/2013 1:00,28,21,7
11/1/2013 2:00,9,5,4
11/1/2013 3:00,4,0,4
11/1/2013 4:00,11,7,4
11/1/2013 5:00,21,16,5
11/1/2013 6:00,99,72,27
11/1/2013 7:00,211,158,53
11/1/2013 8:00,342,242,100
11/1/2013 9:00,247,169,78
11/1/2013 10:00,110,62,48
11/1/2013 11:00,62,35,27
11/1/2013 12:00,90,44,46
11/1/2013 13:00,112,58,54
11/1/2013 14:00,111,45,66
11/1/2013 15:00,110,61,49
11/1/2013 16:00,235,88,147
11/1/2013 17:00,453,146,307
11/1/2013 18:00,271,87,184
11/1/2013 19:00,113,48,65
11/1/2013 20:00,50,23,27
11/1/2013 21:00,31,13,18
11/1/2013 22:00,45,27,18
11/1/2013 23:00,21,13,8
11/2/2013 0:00,17,5,12
11/2/2013 1:00,9,5,4
11/2/2013 2:00,8,5,3
11/2/2013 3:00,3,3,0
11/2/2013 4:00,8,4,4
11/2/2013 5:00,9,6,3
11/2/2013 6:00,11,4,7
11/2/2013 7:00,14,8,6
11/2/2013 8:00,28,11,17
11/2/2013 9:00,35,18,17
11/2/2013 10:00,33,21,12
11/2/2013 11:00,29,20,9
11/2/2013 12:00,53,35,18
11/2/2013 13:00,42,22,20
11/2/2013 14:00,38,12,26
11/2/2013 15:00,41,24,17
11/2/2013 16:00,63,34,29
11/2/2013 17:00,55,31,24
11/2/2013 18:00,48,28,20
11/2/2013 19:00,29,13,16
11/2/2013 20:00,25,9,16
11/2/2013 21:00,18,10,8
11/2/2013 22:00,34,10,24
11/2/2013 23:00,20,6,14
11/3/2013 0:00,15,4,11
11/3/2013 1:00,3,1,2
11/3/2013 2:00,1,1,0
11/3/2013 3:00,2,1,1
11/3/2013 4:00,1,0,1
11/3/2013 5:00,5,2,3
11/3/2013 6:00,10,5,5
11/3/2013 7:00,28,20,8
11/3/2013 8:00,50,27,23
11/3/2013 9:00,86,48,38
11/3/2013 10:00,97,62,35
11/3/2013 11:00,125,50,75
11/3/2013 12:00,132,72,60
11/3/2013 13:00,137,77,60
11/3/2013 14:00,168,115,53
11/3/2013 15:00,113,58,55
11/3/2013 16:00,113,68,45
11/3/2013 17:00,95,41,54
11/3/2013 18:00,42,19,23
11/3/2013 19:00,26,9,17
11/3/2013 20:00,22,11,11
11/3/2013 21:00,20,11,9
11/3/2013 22:00,17,3,14
11/3/2013 23:00,13,3,10
11/4/2013 0:00,10,3,7
11/4/2013 1:00,4,4,0
11/4/2013 2:00,2,2,0
11/4/2013 3:00,3,2,1
11/4/2013 4:00,6,4,2
11/4/2013 5:00,23,18,5
11/4/2013 6:00,115,77,38
11/4/2013 7:00,317,236,81
11/4/2013 8:00,424,286,138
11/4/2013 9:00,233,142,91
11/4/2013 10:00,96,62,34
11/4/2013 11:00,84,48,36
11/4/2013 12:00,84,45,39
11/4/2013 13:00,77,48,29
11/4/2013 14:00,97,52,45
11/4/2013 15:00,123,52,71
11/4/2013 16:00,237,91,146
11/4/2013 17:00,499,137,362
11/4/2013 18:00,313,107,206
11/4/2013 19:00,136,56,80
11/4/2013 20:00,62,23,39
11/4/2013 21:00,65,33,32
11/4/2013 22:00,29,11,18
11/4/2013 23:00,19,5,14
11/5/2013 0:00,8,6,2
11/5/2013 1:00,3,1,2
11/5/2013 2:00,4,4,0
11/5/2013 3:00,1,1,0
11/5/2013 4:00,4,2,2
11/5/2013 5:00,22,17,5
11/5/2013 6:00,97,66,31
11/5/2013 7:00,283,205,78
11/5/2013 8:00,376,250,126
11/5/2013 9:00,229,141,88
11/5/2013 10:00,111,66,45
11/5/2013 11:00,67,41,26
11/5/2013 12:00,69,43,26
11/5/2013 13:00,59,34,25
11/5/2013 14:00,89,47,42
11/5/2013 15:00,115,54,61
11/5/2013 16:00,208,76,132
11/5/2013 17:00,419,116,303
11/5/2013 18:00,317,107,210
11/5/2013 19:00,151,55,96
11/5/2013 20:00,71,32,39
11/5/2013 21:00,44,27,17
11/5/2013 22:00,23,11,12
11/5/2013 23:00,19,10,9
11/6/2013 0:00,14,4,10
11/6/2013 1:00,2,1,1
11/6/2013 2:00,4,3,1
11/6/2013 3:00,2,1,1
11/6/2013 4:00,8,3,5
11/6/2013 5:00,24,18,6
11/6/2013 6:00,97,70,27
11/6/2013 7:00,266,204,62
11/6/2013 8:00,409,278,131
11/6/2013 9:00,267,166,101
11/6/2013 10:00,110,59,51
11/6/2013 11:00,53,26,27
11/6/2013 12:00,91,54,37
11/6/2013 13:00,87,49,38
11/6/2013 14:00,88,44,44
11/6/2013 15:00,105,49,56
11/6/2013 16:00,193,82,111
11/6/2013 17:00,464,142,322
11/6/2013 18:00,335,108,227
11/6/2013 19:00,115,46,69
11/6/2013 20:00,66,22,44
11/6/2013 21:00,53,20,33
11/6/2013 22:00,40,17,23
11/6/2013 23:00,25,7,18
11/7/2013 0:00,5,4,1
11/7/2013 1:00,6,1,5
11/7/2013 2:00,0,0,0
11/7/2013 3:00,3,3,0
11/7/2013 4:00,5,1,4
11/7/2013 5:00,18,13,5
11/7/2013 6:00,55,39,16
11/7/2013 7:00,160,112,48
11/7/2013 8:00,251,155,96
11/7/2013 9:00,154,104,50
11/7/2013 10:00,46,24,22
11/7/2013 11:00,47,24,23
11/7/2013 12:00,52,30,22
11/7/2013 13:00,35,21,14
11/7/2013 14:00,47,24,23
11/7/2013 15:00,57,28,29
11/7/2013 16:00,119,51,68
11/7/2013 17:00,244,81,163
11/7/2013 18:00,185,50,135
11/7/2013 19:00,98,36,62
11/7/2013 20:00,51,17,34
11/7/2013 21:00,23,12,11
11/7/2013 22:00,29,18,11
11/7/2013 23:00,19,5,14
11/8/2013 0:00,10,7,3
11/8/2013 1:00,3,1,2
11/8/2013 2:00,4,0,4
11/8/2013 3:00,1,0,1
11/8/2013 4:00,8,3,5
11/8/2013 5:00,13,10,3
11/8/2013 6:00,90,54,36
11/8/2013 7:00,204,148,56
11/8/2013 8:00,340,242,98
11/8/2013 9:00,249,160,89
11/8/2013 10:00,112,65,47
11/8/2013 11:00,69,43,26
11/8/2013 12:00,80,48,32
11/8/2013 13:00,101,55,46
11/8/2013 14:00,111,69,42
11/8/2013 15:00,117,62,55
11/8/2013 16:00,238,94,144
11/8/2013 17:00,414,113,301
11/8/2013 18:00,223,82,141
11/8/2013 19:00,105,38,67
11/8/2013 20:00,55,18,37
11/8/2013 21:00,29,15,14
11/8/2013 22:00,31,20,11
11/8/2013 23:00,25,14,11
11/9/2013 0:00,12,6,6
11/9/2013 1:00,9,7,2
11/9/2013 2:00,14,8,6
11/9/2013 3:00,3,2,1
11/9/2013 4:00,0,0,0
11/9/2013 5:00,7,5,2
11/9/2013 6:00,15,8,7
11/9/2013 7:00,19,11,8
11/9/2013 8:00,54,28,26
11/9/2013 9:00,82,43,39
11/9/2013 10:00,105,64,41
11/9/2013 11:00,117,63,54
11/9/2013 12:00,106,73,33
11/9/2013 13:00,137,72,65
11/9/2013 14:00,104,57,47
11/9/2013 15:00,105,57,48
11/9/2013 16:00,99,58,41
11/9/2013 17:00,56,28,28
11/9/2013 18:00,34,12,22
11/9/2013 19:00,24,12,12
11/9/2013 20:00,28,13,15
11/9/2013 21:00,34,7,27
11/9/2013 22:00,15,5,10
11/9/2013 23:00,14,5,9
11/10/2013 0:00,19,10,9
11/10/2013 1:00,9,2,7
11/10/2013 2:00,7,4,3
11/10/2013 3:00,4,4,0
11/10/2013 4:00,1,0,1
11/10/2013 5:00,4,2,2
11/10/2013 6:00,11,4,7
11/10/2013 7:00,19,14,5
11/10/2013 8:00,32,18,14
11/10/2013 9:00,64,24,40
11/10/2013 10:00,73,34,39
11/10/2013 11:00,64,31,33
11/10/2013 12:00,85,46,39
11/10/2013 13:00,87,46,41
11/10/2013 14:00,98,57,41
11/10/2013 15:00,108,50,58
11/10/2013 16:00,89,46,43
11/10/2013 17:00,75,42,33
11/10/2013 18:00,33,22,11
11/10/2013 19:00,25,11,14
11/10/2013 20:00,28,15,13
11/10/2013 21:00,23,13,10
11/10/2013 22:00,16,6,10
11/10/2013 23:00,16,4,12
11/11/2013 0:00,6,4,2
11/11/2013 1:00,4,1,3
11/11/2013 2:00,3,2,1
11/11/2013 3:00,1,1,0
11/11/2013 4:00,6,3,3
11/11/2013 5:00,17,13,4
11/11/2013 6:00,82,53,29
11/11/2013 7:00,203,149,54
11/11/2013 8:00,300,217,83
11/11/2013 9:00,227,141,86
11/11/2013 10:00,99,57,42
11/11/2013 11:00,86,48,38
11/11/2013 12:00,94,49,45
11/11/2013 13:00,103,50,53
11/11/2013 14:00,126,66,60
11/11/2013 15:00,133,73,60
11/11/2013 16:00,223,92,131
11/11/2013 17:00,376,104,272
11/11/2013 18:00,285,80,205
11/11/2013 19:00,117,36,81
11/11/2013 20:00,63,19,44
11/11/2013 21:00,55,14,41
11/11/2013 22:00,32,18,14
11/11/2013 23:00,20,8,12
11/12/2013 0:00,13,5,8
11/12/2013 1:00,6,6,0
11/12/2013 2:00,2,2,0
11/12/2013 3:00,2,2,0
11/12/2013 4:00,6,2,4
11/12/2013 5:00,19,16,3
11/12/2013 6:00,91,63,28
11/12/2013 7:00,187,134,53
11/12/2013 8:00,305,212,93
11/12/2013 9:00,251,151,100
11/12/2013 10:00,85,46,39
11/12/2013 11:00,56,32,24
11/12/2013 12:00,60,29,31
11/12/2013 13:00,55,32,23
11/12/2013 14:00,66,34,32
11/12/2013 15:00,106,55,51
11/12/2013 16:00,176,68,108
11/12/2013 17:00,353,125,228
11/12/2013 18:00,267,89,178
11/12/2013 19:00,126,47,79
11/12/2013 20:00,77,31,46
11/12/2013 21:00,48,17,31
11/12/2013 22:00,41,18,23
11/12/2013 23:00,18,12,6
11/13/2013 0:00,7,2,5
11/13/2013 1:00,7,3,4
11/13/2013 2:00,5,3,2
11/13/2013 3:00,2,2,0
11/13/2013 4:00,10,5,5
11/13/2013 5:00,32,25,7
11/13/2013 6:00,101,66,35
11/13/2013 7:00,263,192,71
11/13/2013 8:00,416,283,133
11/13/2013 9:00,281,193,88
11/13/2013 10:00,132,69,63
11/13/2013 11:00,72,32,40
11/13/2013 12:00,80,52,28
11/13/2013 13:00,77,42,35
11/13/2013 14:00,79,37,42
11/13/2013 15:00,122,64,58
11/13/2013 16:00,229,95,134
11/13/2013 17:00,445,140,305
11/13/2013 18:00,342,113,229
11/13/2013 19:00,144,47,97
11/13/2013 20:00,88,44,44
11/13/2013 21:00,66,34,32
11/13/2013 22:00,46,25,21
11/13/2013 23:00,21,10,11
11/14/2013 0:00,9,4,5
11/14/2013 1:00,6,4,2
11/14/2013 2:00,6,4,2
11/14/2013 3:00,1,1,0
11/14/2013 4:00,5,2,3
11/14/2013 5:00,21,15,6
11/14/2013 6:00,100,69,31
11/14/2013 7:00,247,175,72
11/14/2013 8:00,368,264,104
11/14/2013 9:00,235,158,77
11/14/2013 10:00,102,50,52
11/14/2013 11:00,64,28,36
11/14/2013 12:00,62,43,19
11/14/2013 13:00,67,34,33
11/14/2013 14:00,53,26,27
11/14/2013 15:00,94,44,50
11/14/2013 16:00,189,73,116
11/14/2013 17:00,371,127,244
11/14/2013 18:00,278,79,199
11/14/2013 19:00,131,48,83
11/14/2013 20:00,74,27,47
11/14/2013 21:00,45,17,28
11/14/2013 22:00,41,14,27
11/14/2013 23:00,22,12,10
11/15/2013 0:00,7,2,5
11/15/2013 1:00,7,3,4
11/15/2013 2:00,5,3,2
11/15/2013 3:00,1,1,0
11/15/2013 4:00,5,3,2
11/15/2013 5:00,17,14,3
11/15/2013 6:00,81,48,33
11/15/2013 7:00,195,143,52
11/15/2013 8:00,283,190,93
11/15/2013 9:00,219,140,79
11/15/2013 10:00,92,60,32
11/15/2013 11:00,56,33,23
11/15/2013 12:00,39,20,19
11/15/2013 13:00,45,25,20
11/15/2013 14:00,42,27,15
11/15/2013 15:00,98,41,57
11/15/2013 16:00,166,56,110
11/15/2013 17:00,309,89,220
11/15/2013 18:00,189,51,138
11/15/2013 19:00,92,30,62
11/15/2013 20:00,52,22,30
11/15/2013 21:00,26,14,12
11/15/2013 22:00,22,8,14
11/15/2013 23:00,15,6,9
11/16/2013 0:00,13,5,8
11/16/2013 1:00,6,3,3
11/16/2013 2:00,7,2,5
11/16/2013 3:00,0,0,0
11/16/2013 4:00,3,2,1
11/16/2013 5:00,5,1,4
11/16/2013 6:00,14,10,4
11/16/2013 7:00,16,10,6
11/16/2013 8:00,42,26,16
11/16/2013 9:00,72,34,38
11/16/2013 10:00,74,50,24
11/16/2013 11:00,114,55,59
11/16/2013 12:00,142,96,46
11/16/2013 13:00,106,56,50
11/16/2013 14:00,91,57,34
11/16/2013 15:00,90,42,48
11/16/2013 16:00,93,46,47
11/16/2013 17:00,73,40,33
11/16/2013 18:00,41,19,22
11/16/2013 19:00,36,24,12
11/16/2013 20:00,28,8,20
11/16/2013 21:00,24,9,15
11/16/2013 22:00,16,6,10
11/16/2013 23:00,15,4,11
11/17/2013 0:00,14,7,7
11/17/2013 1:00,6,4,2
11/17/2013 2:00,2,1,1
11/17/2013 3:00,6,5,1
11/17/2013 4:00,5,1,4
11/17/2013 5:00,4,1,3
11/17/2013 6:00,8,2,6
11/17/2013 7:00,16,11,5
11/17/2013 8:00,36,16,20
11/17/2013 9:00,65,38,27
11/17/2013 10:00,68,43,25
11/17/2013 11:00,92,49,43
11/17/2013 12:00,88,52,36
11/17/2013 13:00,82,37,45
11/17/2013 14:00,88,60,28
11/17/2013 15:00,88,52,36
11/17/2013 16:00,56,30,26
11/17/2013 17:00,68,36,32
11/17/2013 18:00,49,26,23
11/17/2013 19:00,51,31,20
11/17/2013 20:00,26,13,13
11/17/2013 21:00,22,14,8
11/17/2013 22:00,14,4,10
11/17/2013 23:00,12,6,6
11/18/2013 0:00,8,4,4
11/18/2013 1:00,3,2,1
11/18/2013 2:00,1,1,0
11/18/2013 3:00,2,2,0
11/18/2013 4:00,2,1,1
11/18/2013 5:00,25,16,9
11/18/2013 6:00,80,55,25
11/18/2013 7:00,228,167,61
11/18/2013 8:00,339,236,103
11/18/2013 9:00,228,147,81
11/18/2013 10:00,69,43,26
11/18/2013 11:00,48,31,17
11/18/2013 12:00,27,15,12
11/18/2013 13:00,39,16,23
11/18/2013 14:00,41,17,24
11/18/2013 15:00,64,29,35
11/18/2013 16:00,137,47,90
11/18/2013 17:00,321,87,234
11/18/2013 18:00,241,72,169
11/18/2013 19:00,103,31,72
11/18/2013 20:00,49,21,28
11/18/2013 21:00,27,11,16
11/18/2013 22:00,19,8,11
11/18/2013 23:00,11,7,4
11/19/2013 0:00,9,3,6
11/19/2013 1:00,5,2,3
11/19/2013 2:00,5,4,1
11/19/2013 3:00,1,1,0
11/19/2013 4:00,4,2,2
11/19/2013 5:00,20,17,3
11/19/2013 6:00,78,51,27
11/19/2013 7:00,220,161,59
11/19/2013 8:00,319,228,91
11/19/2013 9:00,194,124,70
11/19/2013 10:00,92,55,37
11/19/2013 11:00,46,32,14
11/19/2013 12:00,50,30,20
11/19/2013 13:00,45,22,23
11/19/2013 14:00,66,36,30
11/19/2013 15:00,96,47,49
11/19/2013 16:00,148,62,86
11/19/2013 17:00,357,105,252
11/19/2013 18:00,275,75,200
11/19/2013 19:00,104,26,78
11/19/2013 20:00,85,43,42
11/19/2013 21:00,44,23,21
11/19/2013 22:00,28,10,18
11/19/2013 23:00,18,7,11
11/20/2013 0:00,6,4,2
11/20/2013 1:00,4,2,2
11/20/2013 2:00,4,2,2
11/20/2013 3:00,4,4,0
11/20/2013 4:00,4,2,2
11/20/2013 5:00,24,19,5
11/20/2013 6:00,78,56,22
11/20/2013 7:00,231,161,70
11/20/2013 8:00,374,262,112
11/20/2013 9:00,292,178,114
11/20/2013 10:00,81,44,37
11/20/2013 11:00,87,53,34
11/20/2013 12:00,72,41,31
11/20/2013 13:00,91,50,41
11/20/2013 14:00,93,45,48
11/20/2013 15:00,129,68,61
11/20/2013 16:00,220,93,127
11/20/2013 17:00,406,121,285
11/20/2013 18:00,323,117,206
11/20/2013 19:00,130,42,88
11/20/2013 20:00,58,17,41
11/20/2013 21:00,56,24,32
11/20/2013 22:00,32,14,18
11/20/2013 23:00,35,26,9
11/21/2013 0:00,13,6,7
11/21/2013 1:00,3,1,2
11/21/2013 2:00,3,3,0
11/21/2013 3:00,4,3,1
11/21/2013 4:00,12,1,11
11/21/2013 5:00,23,20,3
11/21/2013 6:00,66,49,17
11/21/2013 7:00,211,151,60
11/21/2013 8:00,342,245,97
11/21/2013 9:00,226,145,81
11/21/2013 10:00,103,63,40
11/21/2013 11:00,76,39,37
11/21/2013 12:00,78,35,43
11/21/2013 13:00,79,47,32
11/21/2013 14:00,87,49,38
11/21/2013 15:00,120,54,66
11/21/2013 16:00,180,74,106
11/21/2013 17:00,303,93,210
11/21/2013 18:00,283,84,199
11/21/2013 19:00,132,41,91
11/21/2013 20:00,69,23,46
11/21/2013 21:00,35,19,16
11/21/2013 22:00,29,9,20
11/21/2013 23:00,28,21,7
11/22/2013 0:00,16,6,10
11/22/2013 1:00,6,2,4
11/22/2013 2:00,5,4,1
11/22/2013 3:00,3,3,0
11/22/2013 4:00,4,2,2
11/22/2013 5:00,15,13,2
11/22/2013 6:00,63,44,19
11/22/2013 7:00,193,139,54
11/22/2013 8:00,288,208,80
11/22/2013 9:00,220,152,68
11/22/2013 10:00,90,55,35
11/22/2013 11:00,57,31,26
11/22/2013 12:00,86,48,38
11/22/2013 13:00,76,46,30
11/22/2013 14:00,87,54,33
11/22/2013 15:00,145,65,80
11/22/2013 16:00,201,87,114
11/22/2013 17:00,311,90,221
11/22/2013 18:00,219,66,153
11/22/2013 19:00,120,64,56
11/22/2013 20:00,39,13,26
11/22/2013 21:00,30,15,15
11/22/2013 22:00,28,15,13
11/22/2013 23:00,28,14,14
11/23/2013 0:00,21,6,15
11/23/2013 1:00,3,2,1
11/23/2013 2:00,11,6,5
11/23/2013 3:00,4,3,1
11/23/2013 4:00,3,1,2
11/23/2013 5:00,9,4,5
11/23/2013 6:00,16,10,6
11/23/2013 7:00,21,12,9
11/23/2013 8:00,41,20,21
11/23/2013 9:00,56,30,26
11/23/2013 10:00,91,43,48
11/23/2013 11:00,151,119,32
11/23/2013 12:00,101,62,39
11/23/2013 13:00,134,87,47
11/23/2013 14:00,135,71,64
11/23/2013 15:00,106,59,47
11/23/2013 16:00,85,48,37
11/23/2013 17:00,60,28,32
11/23/2013 18:00,39,19,20
11/23/2013 19:00,33,17,16
11/23/2013 20:00,31,18,13
11/23/2013 21:00,24,12,12
11/23/2013 22:00,16,5,11
11/23/2013 23:00,19,4,15
11/24/2013 0:00,10,8,2
11/24/2013 1:00,6,1,5
11/24/2013 2:00,5,4,1
11/24/2013 3:00,4,2,2
11/24/2013 4:00,4,2,2
11/24/2013 5:00,4,4,0
11/24/2013 6:00,3,1,2
11/24/2013 7:00,15,6,9
11/24/2013 8:00,35,23,12
11/24/2013 9:00,50,30,20
11/24/2013 10:00,80,44,36
11/24/2013 11:00,92,61,31
11/24/2013 12:00,104,62,42
11/24/2013 13:00,128,73,55
11/24/2013 14:00,135,80,55
11/24/2013 15:00,149,94,55
11/24/2013 16:00,117,63,54
11/24/2013 17:00,68,27,41
11/24/2013 18:00,40,26,14
11/24/2013 19:00,21,6,15
11/24/2013 20:00,36,16,20
11/24/2013 21:00,9,4,5
11/24/2013 22:00,17,5,12
11/24/2013 23:00,9,2,7
11/25/2013 0:00,8,5,3
11/25/2013 1:00,5,4,1
11/25/2013 2:00,4,3,1
11/25/2013 3:00,2,1,1
11/25/2013 4:00,8,4,4
11/25/2013 5:00,36,28,8
11/25/2013 6:00,85,57,28
11/25/2013 7:00,236,182,54
11/25/2013 8:00,342,239,103
11/25/2013 9:00,219,143,76
11/25/2013 10:00,95,62,33
11/25/2013 11:00,61,34,27
11/25/2013 12:00,68,42,26
11/25/2013 13:00,78,33,45
11/25/2013 14:00,79,39,40
11/25/2013 15:00,117,66,51
11/25/2013 16:00,193,70,123
11/25/2013 17:00,398,120,278
11/25/2013 18:00,314,108,206
11/25/2013 19:00,109,38,71
11/25/2013 20:00,67,24,43
11/25/2013 21:00,34,17,17
11/25/2013 22:00,33,12,21
11/25/2013 23:00,18,4,14
11/26/2013 0:00,10,6,4
11/26/2013 1:00,5,2,3
11/26/2013 2:00,2,2,0
11/26/2013 3:00,0,0,0
11/26/2013 4:00,6,2,4
11/26/2013 5:00,23,17,6
11/26/2013 6:00,87,59,28
11/26/2013 7:00,225,167,58
11/26/2013 8:00,346,253,93
11/26/2013 9:00,210,125,85
11/26/2013 10:00,87,55,32
11/26/2013 11:00,65,27,38
11/26/2013 12:00,83,59,24
11/26/2013 13:00,77,37,40
11/26/2013 14:00,98,59,39
11/26/2013 15:00,126,56,70
11/26/2013 16:00,198,80,118
11/26/2013 17:00,344,100,244
11/26/2013 18:00,270,102,168
11/26/2013 19:00,126,44,82
11/26/2013 20:00,68,27,41
11/26/2013 21:00,30,12,18
11/26/2013 22:00,39,18,21
11/26/2013 23:00,16,8,8
11/27/2013 0:00,6,4,2
11/27/2013 1:00,6,3,3
11/27/2013 2:00,4,2,2
11/27/2013 3:00,4,1,3
11/27/2013 4:00,6,4,2
11/27/2013 5:00,16,12,4
11/27/2013 6:00,79,61,18
11/27/2013 7:00,183,130,53
11/27/2013 8:00,274,188,86
11/27/2013 9:00,188,135,53
11/27/2013 10:00,101,55,46
11/27/2013 11:00,69,38,31
11/27/2013 12:00,75,49,26
11/27/2013 13:00,89,44,45
11/27/2013 14:00,146,62,84
11/27/2013 15:00,192,78,114
11/27/2013 16:00,238,81,157
11/27/2013 17:00,225,64,161
11/27/2013 18:00,158,70,88
11/27/2013 19:00,87,43,44
11/27/2013 20:00,42,13,29
11/27/2013 21:00,28,15,13
11/27/2013 22:00,23,9,14
11/27/2013 23:00,12,8,4
11/28/2013 0:00,12,6,6
11/28/2013 1:00,6,3,3
11/28/2013 2:00,4,2,2
11/28/2013 3:00,2,0,2
11/28/2013 4:00,4,3,1
11/28/2013 5:00,3,2,1
11/28/2013 6:00,5,3,2
11/28/2013 7:00,22,10,12
11/28/2013 8:00,20,11,9
11/28/2013 9:00,45,17,28
11/28/2013 10:00,57,25,32
11/28/2013 11:00,59,33,26
11/28/2013 12:00,68,29,39
11/28/2013 13:00,74,43,31
11/28/2013 14:00,58,37,21
11/28/2013 15:00,45,29,16
11/28/2013 16:00,26,17,9
11/28/2013 17:00,15,10,5
11/28/2013 18:00,11,7,4
11/28/2013 19:00,10,3,7
11/28/2013 20:00,11,7,4
11/28/2013 21:00,8,4,4
11/28/2013 22:00,8,4,4
11/28/2013 23:00,9,6,3
11/29/2013 0:00,11,2,9
11/29/2013 1:00,9,9,0
11/29/2013 2:00,5,2,3
11/29/2013 3:00,2,2,0
11/29/2013 4:00,5,3,2
11/29/2013 5:00,7,6,1
11/29/2013 6:00,28,18,10
11/29/2013 7:00,36,22,14
11/29/2013 8:00,31,18,13
11/29/2013 9:00,54,37,17
11/29/2013 10:00,67,35,32
11/29/2013 11:00,76,46,30
11/29/2013 12:00,86,44,42
11/29/2013 13:00,73,34,39
11/29/2013 14:00,81,49,32
11/29/2013 15:00,72,28,44
11/29/2013 16:00,103,62,41
11/29/2013 17:00,81,31,50
11/29/2013 18:00,64,24,40
11/29/2013 19:00,45,17,28
11/29/2013 20:00,20,10,10
11/29/2013 21:00,18,12,6
11/29/2013 22:00,12,5,7
11/29/2013 23:00,18,7,11
11/30/2013 0:00,6,2,4
11/30/2013 1:00,3,1,2
11/30/2013 2:00,2,1,1
11/30/2013 3:00,3,3,0
11/30/2013 4:00,3,1,2
11/30/2013 5:00,5,4,1
11/30/2013 6:00,13,6,7
11/30/2013 7:00,12,9,3
11/30/2013 8:00,53,29,24
11/30/2013 9:00,60,35,25
11/30/2013 10:00,57,37,20
11/30/2013 11:00,79,39,40
11/30/2013 12:00,69,41,28
11/30/2013 13:00,108,52,56
11/30/2013 14:00,81,46,35
11/30/2013 15:00,72,36,36
11/30/2013 16:00,61,27,34
11/30/2013 17:00,51,21,30
11/30/2013 18:00,29,16,13
11/30/2013 19:00,25,9,16
11/30/2013 20:00,27,10,17
11/30/2013 21:00,17,6,11
11/30/2013 22:00,11,3,8
11/30/2013 23:00,18,8,10
12/1/2013 0:00,12,4,8
12/1/2013 1:00,7,3,4
12/1/2013 2:00,5,1,4
12/1/2013 3:00,1,1,0
12/1/2013 4:00,3,1,2
12/1/2013 5:00,2,2,0
12/1/2013 6:00,8,6,2
12/1/2013 7:00,20,14,6
12/1/2013 8:00,28,12,16
12/1/2013 9:00,33,18,15
12/1/2013 10:00,53,29,24
12/1/2013 11:00,57,28,29
12/1/2013 12:00,69,34,35
12/1/2013 13:00,61,43,18
12/1/2013 14:00,68,41,27
12/1/2013 15:00,60,30,30
12/1/2013 16:00,56,43,13
12/1/2013 17:00,40,26,14
12/1/2013 18:00,19,10,9
12/1/2013 19:00,20,11,9
12/1/2013 20:00,16,10,6
12/1/2013 21:00,10,8,2
12/1/2013 22:00,20,5,15
12/1/2013 23:00,13,3,10
12/2/2013 0:00,9,7,2
12/2/2013 1:00,2,2,0
12/2/2013 2:00,2,1,1
12/2/2013 3:00,4,4,0
12/2/2013 4:00,4,2,2
12/2/2013 5:00,28,22,6
12/2/2013 6:00,73,50,23
12/2/2013 7:00,218,163,55
12/2/2013 8:00,308,211,97
12/2/2013 9:00,209,142,67
12/2/2013 10:00,65,41,24
12/2/2013 11:00,70,32,38
12/2/2013 12:00,73,41,32
12/2/2013 13:00,62,35,27
12/2/2013 14:00,82,42,40
12/2/2013 15:00,104,57,47
12/2/2013 16:00,181,74,107
12/2/2013 17:00,338,98,240
12/2/2013 18:00,246,92,154
12/2/2013 19:00,87,33,54
12/2/2013 20:00,49,19,30
12/2/2013 21:00,38,17,21
12/2/2013 22:00,21,10,11
12/2/2013 23:00,10,4,6
12/3/2013 0:00,11,6,5
12/3/2013 1:00,3,1,2
12/3/2013 2:00,3,2,1
12/3/2013 3:00,3,3,0
12/3/2013 4:00,5,3,2
12/3/2013 5:00,19,16,3
12/3/2013 6:00,70,45,25
12/3/2013 7:00,190,130,60
12/3/2013 8:00,309,217,92
12/3/2013 9:00,219,134,85
12/3/2013 10:00,84,52,32
12/3/2013 11:00,63,27,36
12/3/2013 12:00,54,36,18
12/3/2013 13:00,57,33,24
12/3/2013 14:00,71,37,34
12/3/2013 15:00,83,42,41
12/3/2013 16:00,155,63,92
12/3/2013 17:00,296,91,205
12/3/2013 18:00,249,82,167
12/3/2013 19:00,114,44,70
12/3/2013 20:00,47,19,28
12/3/2013 21:00,48,15,33
12/3/2013 22:00,38,17,21
12/3/2013 23:00,20,10,10
12/4/2013 0:00,14,4,10
12/4/2013 1:00,1,0,1
12/4/2013 2:00,4,3,1
12/4/2013 3:00,1,1,0
12/4/2013 4:00,5,3,2
12/4/2013 5:00,22,14,8
12/4/2013 6:00,60,50,10
12/4/2013 7:00,156,120,36
12/4/2013 8:00,290,201,89
12/4/2013 9:00,206,146,60
12/4/2013 10:00,85,44,41
12/4/2013 11:00,61,37,24
12/4/2013 12:00,56,33,23
12/4/2013 13:00,53,31,22
12/4/2013 14:00,59,39,20
12/4/2013 15:00,85,50,35
12/4/2013 16:00,138,54,84
12/4/2013 17:00,301,93,208
12/4/2013 18:00,261,87,174
12/4/2013 19:00,82,30,52
12/4/2013 20:00,47,20,27
12/4/2013 21:00,42,17,25
12/4/2013 22:00,23,9,14
12/4/2013 23:00,26,13,13
12/5/2013 0:00,10,4,6
12/5/2013 1:00,2,1,1
12/5/2013 2:00,2,1,1
12/5/2013 3:00,3,2,1
12/5/2013 4:00,4,2,2
12/5/2013 5:00,18,16,2
12/5/2013 6:00,59,43,16
12/5/2013 7:00,171,113,58
12/5/2013 8:00,267,177,90
12/5/2013 9:00,188,123,65
12/5/2013 10:00,84,45,39
12/5/2013 11:00,38,25,13
12/5/2013 12:00,46,22,24
12/5/2013 13:00,55,28,27
12/5/2013 14:00,49,29,20
12/5/2013 15:00,86,42,44
12/5/2013 16:00,130,56,74
12/5/2013 17:00,268,90,178
12/5/2013 18:00,222,86,136
12/5/2013 19:00,103,37,66
12/5/2013 20:00,55,17,38
12/5/2013 21:00,33,13,20
12/5/2013 22:00,24,6,18
12/5/2013 23:00,21,10,11
12/6/2013 0:00,9,3,6
12/6/2013 1:00,14,5,9
12/6/2013 2:00,4,0,4
12/6/2013 3:00,4,2,2
12/6/2013 4:00,5,3,2
12/6/2013 5:00,11,10,1
12/6/2013 6:00,48,30,18
12/6/2013 7:00,124,88,36
12/6/2013 8:00,220,161,59
12/6/2013 9:00,158,105,53
12/6/2013 10:00,90,45,45
12/6/2013 11:00,69,44,25
12/6/2013 12:00,47,28,19
12/6/2013 13:00,46,21,25
12/6/2013 14:00,79,38,41
12/6/2013 15:00,74,34,40
12/6/2013 16:00,134,49,85
12/6/2013 17:00,225,82,143
12/6/2013 18:00,162,50,112
12/6/2013 19:00,57,19,38
12/6/2013 20:00,44,14,30
12/6/2013 21:00,20,8,12
12/6/2013 22:00,29,11,18
12/6/2013 23:00,21,11,10
12/7/2013 0:00,8,3,5
12/7/2013 1:00,11,7,4
12/7/2013 2:00,5,2,3
12/7/2013 3:00,4,1,3
12/7/2013 4:00,1,0,1
12/7/2013 5:00,4,3,1
12/7/2013 6:00,10,5,5
12/7/2013 7:00,20,13,7
12/7/2013 8:00,18,13,5
12/7/2013 9:00,42,21,21
12/7/2013 10:00,32,15,17
12/7/2013 11:00,38,24,14
12/7/2013 12:00,67,34,33
12/7/2013 13:00,63,42,21
12/7/2013 14:00,59,34,25
12/7/2013 15:00,55,29,26
12/7/2013 16:00,43,18,25
12/7/2013 17:00,25,14,11
12/7/2013 18:00,18,8,10
12/7/2013 19:00,14,7,7
12/7/2013 20:00,18,9,9
12/7/2013 21:00,15,9,6
12/7/2013 22:00,13,7,6
12/7/2013 23:00,8,3,5
12/8/2013 0:00,6,3,3
12/8/2013 1:00,4,0,4
12/8/2013 2:00,1,0,1
12/8/2013 3:00,2,1,1
12/8/2013 4:00,1,0,1
12/8/2013 5:00,5,2,3
12/8/2013 6:00,3,1,2
12/8/2013 7:00,9,5,4
12/8/2013 8:00,13,8,5
12/8/2013 9:00,16,7,9
12/8/2013 10:00,35,21,14
12/8/2013 11:00,29,15,14
12/8/2013 12:00,37,22,15
12/8/2013 13:00,56,40,16
12/8/2013 14:00,52,25,27
12/8/2013 15:00,48,24,24
12/8/2013 16:00,32,18,14
12/8/2013 17:00,31,10,21
12/8/2013 18:00,22,12,10
12/8/2013 19:00,22,8,14
12/8/2013 20:00,14,8,6
12/8/2013 21:00,14,6,8
12/8/2013 22:00,12,4,8
12/8/2013 23:00,9,3,6
12/9/2013 0:00,7,2,5
12/9/2013 1:00,4,2,2
12/9/2013 2:00,1,1,0
12/9/2013 3:00,1,0,1
12/9/2013 4:00,5,2,3
12/9/2013 5:00,11,10,1
12/9/2013 6:00,67,47,20
12/9/2013 7:00,154,108,46
12/9/2013 8:00,256,198,58
12/9/2013 9:00,187,113,74
12/9/2013 10:00,62,43,19
12/9/2013 11:00,46,29,17
12/9/2013 12:00,54,22,32
12/9/2013 13:00,32,16,16
12/9/2013 14:00,56,20,36
12/9/2013 15:00,56,28,28
12/9/2013 16:00,122,44,78
12/9/2013 17:00,271,83,188
12/9/2013 18:00,203,74,129
12/9/2013 19:00,98,26,72
12/9/2013 20:00,47,16,31
12/9/2013 21:00,24,10,14
12/9/2013 22:00,19,7,12
12/9/2013 23:00,10,5,5
12/10/2013 0:00,9,3,6
12/10/2013 1:00,2,2,0
12/10/2013 2:00,6,4,2
12/10/2013 3:00,3,1,2
12/10/2013 4:00,2,0,2
12/10/2013 5:00,16,12,4
12/10/2013 6:00,51,31,20
12/10/2013 7:00,163,122,41
12/10/2013 8:00,272,196,76
12/10/2013 9:00,176,120,56
12/10/2013 10:00,77,46,31
12/10/2013 11:00,49,26,23
12/10/2013 12:00,54,34,20
12/10/2013 13:00,53,29,24
12/10/2013 14:00,57,35,22
12/10/2013 15:00,72,31,41
12/10/2013 16:00,126,52,74
12/10/2013 17:00,234,68,166
12/10/2013 18:00,234,81,153
12/10/2013 19:00,93,29,64
12/10/2013 20:00,51,15,36
12/10/2013 21:00,32,15,17
12/10/2013 22:00,17,9,8
12/10/2013 23:00,21,6,15
12/11/2013 0:00,8,4,4
12/11/2013 1:00,10,6,4
12/11/2013 2:00,7,5,2
12/11/2013 3:00,2,0,2
12/11/2013 4:00,7,4,3
12/11/2013 5:00,17,10,7
12/11/2013 6:00,75,57,18
12/11/2013 7:00,176,121,55
12/11/2013 8:00,310,234,76
12/11/2013 9:00,219,129,90
12/11/2013 10:00,71,42,29
12/11/2013 11:00,47,24,23
12/11/2013 12:00,47,28,19
12/11/2013 13:00,49,23,26
12/11/2013 14:00,69,41,28
12/11/2013 15:00,84,52,32
12/11/2013 16:00,157,60,97
12/11/2013 17:00,280,85,195
12/11/2013 18:00,261,85,176
12/11/2013 19:00,112,38,74
12/11/2013 20:00,48,13,35
12/11/2013 21:00,39,16,23
12/11/2013 22:00,24,9,15
12/11/2013 23:00,17,8,9
12/12/2013 0:00,10,5,5
12/12/2013 1:00,4,1,3
12/12/2013 2:00,3,2,1
12/12/2013 3:00,2,0,2
12/12/2013 4:00,3,2,1
12/12/2013 5:00,24,21,3
12/12/2013 6:00,74,53,21
12/12/2013 7:00,164,109,55
12/12/2013 8:00,273,201,72
12/12/2013 9:00,205,125,80
12/12/2013 10:00,92,58,34
12/12/2013 11:00,51,29,22
12/12/2013 12:00,52,30,22
12/12/2013 13:00,59,24,35
12/12/2013 14:00,25,15,10
12/12/2013 15:00,63,32,31
12/12/2013 16:00,110,51,59
12/12/2013 17:00,254,66,188
12/12/2013 18:00,201,67,134
12/12/2013 19:00,136,46,90
12/12/2013 20:00,50,15,35
12/12/2013 21:00,35,15,20
12/12/2013 22:00,26,12,14
12/12/2013 23:00,18,9,9
12/13/2013 0:00,17,4,13
12/13/2013 1:00,6,0,6
12/13/2013 2:00,4,2,2
12/13/2013 3:00,3,1,2
12/13/2013 4:00,6,4,2
12/13/2013 5:00,21,15,6
12/13/2013 6:00,56,37,19
12/13/2013 7:00,150,97,53
12/13/2013 8:00,229,166,63
12/13/2013 9:00,164,110,54
12/13/2013 10:00,54,34,20
12/13/2013 11:00,46,25,21
12/13/2013 12:00,54,25,29
12/13/2013 13:00,48,30,18
12/13/2013 14:00,54,34,20
12/13/2013 15:00,82,38,44
12/13/2013 16:00,150,64,86
12/13/2013 17:00,235,67,168
12/13/2013 18:00,179,50,129
12/13/2013 19:00,88,25,63
12/13/2013 20:00,51,17,34
12/13/2013 21:00,32,16,16
12/13/2013 22:00,16,5,11
12/13/2013 23:00,24,12,12
12/14/2013 0:00,19,11,8
12/14/2013 1:00,11,5,6
12/14/2013 2:00,6,3,3
12/14/2013 3:00,1,1,0
12/14/2013 4:00,4,1,3
12/14/2013 5:00,2,2,0
12/14/2013 6:00,10,3,7
12/14/2013 7:00,17,11,6
12/14/2013 8:00,36,20,16
12/14/2013 9:00,63,34,29
12/14/2013 10:00,96,61,35
12/14/2013 11:00,59,33,26
12/14/2013 12:00,66,43,23
12/14/2013 13:00,76,41,35
12/14/2013 14:00,86,42,44
12/14/2013 15:00,89,56,33
12/14/2013 16:00,58,27,31
12/14/2013 17:00,47,23,24
12/14/2013 18:00,34,23,11
12/14/2013 19:00,20,11,9
12/14/2013 20:00,27,13,14
12/14/2013 21:00,23,7,16
12/14/2013 22:00,17,10,7
12/14/2013 23:00,17,10,7
12/15/2013 0:00,19,8,11
12/15/2013 1:00,8,2,6
12/15/2013 2:00,11,3,8
12/15/2013 3:00,4,1,3
12/15/2013 4:00,2,1,1
12/15/2013 5:00,5,5,0
12/15/2013 6:00,8,4,4
12/15/2013 7:00,7,5,2
12/15/2013 8:00,28,23,5
12/15/2013 9:00,57,36,21
12/15/2013 10:00,53,31,22
12/15/2013 11:00,53,35,18
12/15/2013 12:00,60,35,25
12/15/2013 13:00,80,48,32
12/15/2013 14:00,77,50,27
12/15/2013 15:00,89,56,33
12/15/2013 16:00,51,24,27
12/15/2013 17:00,37,25,12
12/15/2013 18:00,26,11,15
12/15/2013 19:00,24,11,13
12/15/2013 20:00,16,7,9
12/15/2013 21:00,11,4,7
12/15/2013 22:00,13,5,8
12/15/2013 23:00,16,6,10
12/16/2013 0:00,6,4,2
12/16/2013 1:00,3,3,0
12/16/2013 2:00,3,2,1
12/16/2013 3:00,7,4,3
12/16/2013 4:00,7,3,4
12/16/2013 5:00,28,20,8
12/16/2013 6:00,92,63,29
12/16/2013 7:00,210,154,56
12/16/2013 8:00,344,262,82
12/16/2013 9:00,217,126,91
12/16/2013 10:00,86,55,31
12/16/2013 11:00,58,31,27
12/16/2013 12:00,66,35,31
12/16/2013 13:00,67,37,30
12/16/2013 14:00,96,54,42
12/16/2013 15:00,132,68,64
12/16/2013 16:00,178,87,91
12/16/2013 17:00,350,109,241
12/16/2013 18:00,267,71,196
12/16/2013 19:00,134,42,92
12/16/2013 20:00,61,21,40
12/16/2013 21:00,50,24,26
12/16/2013 22:00,23,8,15
12/16/2013 23:00,15,5,10
12/17/2013 0:00,12,6,6
12/17/2013 1:00,5,2,3
12/17/2013 2:00,5,3,2
12/17/2013 3:00,2,2,0
12/17/2013 4:00,7,4,3
12/17/2013 5:00,23,20,3
12/17/2013 6:00,71,47,24
12/17/2013 7:00,207,149,58
12/17/2013 8:00,342,233,109
12/17/2013 9:00,217,137,80
12/17/2013 10:00,67,41,26
12/17/2013 11:00,39,17,22
12/17/2013 12:00,42,28,14
12/17/2013 13:00,47,28,19
12/17/2013 14:00,63,33,30
12/17/2013 15:00,75,41,34
12/17/2013 16:00,157,57,100
12/17/2013 17:00,314,99,215
12/17/2013 18:00,282,89,193
12/17/2013 19:00,134,46,88
12/17/2013 20:00,37,18,19
12/17/2013 21:00,41,20,21
12/17/2013 22:00,22,13,9
12/17/2013 23:00,21,5,16
12/18/2013 0:00,5,4,1
12/18/2013 1:00,2,1,1
12/18/2013 2:00,6,4,2
12/18/2013 3:00,1,1,0
12/18/2013 4:00,5,5,0
12/18/2013 5:00,24,18,6
12/18/2013 6:00,81,59,22
12/18/2013 7:00,178,128,50
12/18/2013 8:00,314,220,94
12/18/2013 9:00,193,126,67
12/18/2013 10:00,87,53,34
12/18/2013 11:00,43,16,27
12/18/2013 12:00,49,31,18
12/18/2013 13:00,60,32,28
12/18/2013 14:00,62,36,26
12/18/2013 15:00,85,41,44
12/18/2013 16:00,150,56,94
12/18/2013 17:00,306,96,210
12/18/2013 18:00,268,71,197
12/18/2013 19:00,107,30,77
12/18/2013 20:00,70,15,55
12/18/2013 21:00,32,12,20
12/18/2013 22:00,27,13,14
12/18/2013 23:00,16,11,5
12/19/2013 0:00,5,3,2
12/19/2013 1:00,6,1,5
12/19/2013 2:00,3,2,1
12/19/2013 3:00,2,1,1
12/19/2013 4:00,1,1,0
12/19/2013 5:00,22,18,4
12/19/2013 6:00,73,54,19
12/19/2013 7:00,169,121,48
12/19/2013 8:00,284,196,88
12/19/2013 9:00,193,132,61
12/19/2013 10:00,90,55,35
12/19/2013 11:00,48,27,21
12/19/2013 12:00,46,30,16
12/19/2013 13:00,64,32,32
12/19/2013 14:00,61,36,25
12/19/2013 15:00,94,51,43
12/19/2013 16:00,131,54,77
12/19/2013 17:00,293,86,207
12/19/2013 18:00,253,74,179
12/19/2013 19:00,108,31,77
12/19/2013 20:00,49,21,28
12/19/2013 21:00,44,20,24
12/19/2013 22:00,16,7,9
12/19/2013 23:00,20,10,10
12/20/2013 0:00,12,5,7
12/20/2013 1:00,8,1,7
12/20/2013 2:00,4,2,2
12/20/2013 3:00,1,0,1
12/20/2013 4:00,2,2,0
12/20/2013 5:00,13,11,2
12/20/2013 6:00,18,12,6
12/20/2013 7:00,36,20,16
12/20/2013 8:00,67,44,23
12/20/2013 9:00,64,38,26
12/20/2013 10:00,43,31,12
12/20/2013 11:00,27,20,7
12/20/2013 12:00,24,11,13
12/20/2013 13:00,27,17,10
12/20/2013 14:00,25,10,15
12/20/2013 15:00,43,23,20
12/20/2013 16:00,73,27,46
12/20/2013 17:00,84,30,54
12/20/2013 18:00,62,21,41
12/20/2013 19:00,35,12,23
12/20/2013 20:00,33,14,19
12/20/2013 21:00,15,5,10
12/20/2013 22:00,15,11,4
12/20/2013 23:00,8,2,6
12/21/2013 0:00,5,3,2
12/21/2013 1:00,2,0,2
12/21/2013 2:00,6,4,2
12/21/2013 3:00,3,0,3
12/21/2013 4:00,4,1,3
12/21/2013 5:00,3,3,0
12/21/2013 6:00,11,5,6
12/21/2013 7:00,19,13,6
12/21/2013 8:00,25,15,10
12/21/2013 9:00,44,28,16
12/21/2013 10:00,37,26,11
12/21/2013 11:00,32,22,10
12/21/2013 12:00,30,17,13
12/21/2013 13:00,48,30,18
12/21/2013 14:00,44,31,13
12/21/2013 15:00,48,31,17
12/21/2013 16:00,38,21,17
12/21/2013 17:00,28,17,11
12/21/2013 18:00,19,7,12
12/21/2013 19:00,25,12,13
12/21/2013 20:00,18,6,12
12/21/2013 21:00,11,6,5
12/21/2013 22:00,9,4,5
12/21/2013 23:00,11,8,3
12/22/2013 0:00,5,1,4
12/22/2013 1:00,10,5,5
12/22/2013 2:00,6,3,3
12/22/2013 3:00,2,1,1
12/22/2013 4:00,3,1,2
12/22/2013 5:00,6,5,1
12/22/2013 6:00,6,1,5
12/22/2013 7:00,9,7,2
12/22/2013 8:00,23,18,5
12/22/2013 9:00,25,12,13
12/22/2013 10:00,29,19,10
12/22/2013 11:00,36,18,18
12/22/2013 12:00,38,23,15
12/22/2013 13:00,32,16,16
12/22/2013 14:00,33,21,12
12/22/2013 15:00,28,13,15
12/22/2013 16:00,16,7,9
12/22/2013 17:00,22,10,12
12/22/2013 18:00,14,5,9
12/22/2013 19:00,10,6,4
12/22/2013 20:00,10,3,7
12/22/2013 21:00,17,4,13
12/22/2013 22:00,8,4,4
12/22/2013 23:00,12,5,7
12/23/2013 0:00,12,10,2
12/23/2013 1:00,3,3,0
12/23/2013 2:00,1,0,1
12/23/2013 3:00,1,1,0
12/23/2013 4:00,4,2,2
12/23/2013 5:00,17,12,5
12/23/2013 6:00,53,31,22
12/23/2013 7:00,98,75,23
12/23/2013 8:00,150,103,47
12/23/2013 9:00,98,69,29
12/23/2013 10:00,64,36,28
12/23/2013 11:00,52,24,28
12/23/2013 12:00,48,23,25
12/23/2013 13:00,53,29,24
12/23/2013 14:00,64,31,33
12/23/2013 15:00,94,42,52
12/23/2013 16:00,148,60,88
12/23/2013 17:00,197,55,142
12/23/2013 18:00,95,29,66
12/23/2013 19:00,63,28,35
12/23/2013 20:00,44,18,26
12/23/2013 21:00,24,12,12
12/23/2013 22:00,23,12,11
12/23/2013 23:00,11,4,7
12/24/2013 0:00,8,2,6
12/24/2013 1:00,5,1,4
12/24/2013 2:00,2,0,2
12/24/2013 3:00,1,1,0
12/24/2013 4:00,6,3,3
12/24/2013 5:00,12,9,3
12/24/2013 6:00,35,25,10
12/24/2013 7:00,82,61,21
12/24/2013 8:00,95,62,33
12/24/2013 9:00,80,46,34
12/24/2013 10:00,60,41,19
12/24/2013 11:00,52,32,20
12/24/2013 12:00,89,50,39
12/24/2013 13:00,87,45,42
12/24/2013 14:00,121,64,57
12/24/2013 15:00,128,55,73
12/24/2013 16:00,91,49,42
12/24/2013 17:00,52,21,31
12/24/2013 18:00,25,9,16
12/24/2013 19:00,19,9,10
12/24/2013 20:00,12,5,7
12/24/2013 21:00,4,3,1
12/24/2013 22:00,14,9,5
12/24/2013 23:00,2,1,1
12/25/2013 0:00,7,5,2
12/25/2013 1:00,4,3,1
12/25/2013 2:00,0,0,0
12/25/2013 3:00,0,0,0
12/25/2013 4:00,1,0,1
12/25/2013 5:00,3,2,1
12/25/2013 6:00,3,2,1
12/25/2013 7:00,2,0,2
12/25/2013 8:00,6,2,4
12/25/2013 9:00,11,7,4
12/25/2013 10:00,13,5,8
12/25/2013 11:00,31,21,10
12/25/2013 12:00,19,15,4
12/25/2013 13:00,48,27,21
12/25/2013 14:00,76,47,29
12/25/2013 15:00,52,34,18
12/25/2013 16:00,33,16,17
12/25/2013 17:00,13,8,5
12/25/2013 18:00,8,6,2
12/25/2013 19:00,17,9,8
12/25/2013 20:00,8,3,5
12/25/2013 21:00,7,4,3
12/25/2013 22:00,4,2,2
12/25/2013 23:00,5,3,2
12/26/2013 0:00,2,1,1
12/26/2013 1:00,0,0,0
12/26/2013 2:00,0,0,0
12/26/2013 3:00,1,0,1
12/26/2013 4:00,2,0,2
12/26/2013 5:00,14,12,2
12/26/2013 6:00,31,20,11
12/26/2013 7:00,77,46,31
12/26/2013 8:00,118,78,40
12/26/2013 9:00,83,47,36
12/26/2013 10:00,63,44,19
12/26/2013 11:00,46,29,17
12/26/2013 12:00,62,32,30
12/26/2013 13:00,61,39,22
12/26/2013 14:00,78,36,42
12/26/2013 15:00,87,43,44
12/26/2013 16:00,111,51,60
12/26/2013 17:00,147,59,88
12/26/2013 18:00,87,29,58
12/26/2013 19:00,51,18,33
12/26/2013 20:00,27,9,18
12/26/2013 21:00,15,5,10
12/26/2013 22:00,20,6,14
12/26/2013 23:00,7,3,4
12/27/2013 0:00,5,2,3
12/27/2013 1:00,7,4,3
12/27/2013 2:00,3,2,1
12/27/2013 3:00,2,1,1
12/27/2013 4:00,3,1,2
12/27/2013 5:00,10,8,2
12/27/2013 6:00,44,28,16
12/27/2013 7:00,75,56,19
12/27/2013 8:00,109,82,27
12/27/2013 9:00,88,52,36
12/27/2013 10:00,81,46,35
12/27/2013 11:00,34,21,13
12/27/2013 12:00,41,23,18
12/27/2013 13:00,49,26,23
12/27/2013 14:00,47,25,22
12/27/2013 15:00,63,30,33
12/27/2013 16:00,101,44,57
12/27/2013 17:00,127,40,87
12/27/2013 18:00,73,25,48
12/27/2013 19:00,38,14,24
12/27/2013 20:00,28,12,16
12/27/2013 21:00,14,4,10
12/27/2013 22:00,13,5,8
12/27/2013 23:00,11,5,6
12/28/2013 0:00,6,5,1
12/28/2013 1:00,4,1,3
12/28/2013 2:00,3,2,1
12/28/2013 3:00,4,2,2
12/28/2013 4:00,1,1,0
12/28/2013 5:00,3,1,2
12/28/2013 6:00,15,7,8
12/28/2013 7:00,11,7,4
12/28/2013 8:00,24,15,9
12/28/2013 9:00,43,21,22
12/28/2013 10:00,49,30,19
12/28/2013 11:00,75,42,33
12/28/2013 12:00,73,29,44
12/28/2013 13:00,86,49,37
12/28/2013 14:00,90,47,43
12/28/2013 15:00,92,60,32
12/28/2013 16:00,119,74,45
12/28/2013 17:00,46,26,20
12/28/2013 18:00,31,17,14
12/28/2013 19:00,28,16,12
12/28/2013 20:00,28,11,17
12/28/2013 21:00,16,6,10
12/28/2013 22:00,11,3,8
12/28/2013 23:00,17,11,6
12/29/2013 0:00,9,6,3
12/29/2013 1:00,4,3,1
12/29/2013 2:00,7,3,4
12/29/2013 3:00,7,5,2
12/29/2013 4:00,3,2,1
12/29/2013 5:00,3,2,1
12/29/2013 6:00,8,5,3
12/29/2013 7:00,10,7,3
12/29/2013 8:00,21,10,11
12/29/2013 9:00,36,22,14
12/29/2013 10:00,48,32,16
12/29/2013 11:00,68,42,26
12/29/2013 12:00,67,35,32
12/29/2013 13:00,66,36,30
12/29/2013 14:00,73,43,30
12/29/2013 15:00,57,25,32
12/29/2013 16:00,44,29,15
12/29/2013 17:00,51,24,27
12/29/2013 18:00,35,20,15
12/29/2013 19:00,16,11,5
12/29/2013 20:00,16,8,8
12/29/2013 21:00,6,2,4
12/29/2013 22:00,14,7,7
12/29/2013 23:00,15,9,6
12/30/2013 0:00,4,4,0
12/30/2013 1:00,8,4,4
12/30/2013 2:00,2,0,2
12/30/2013 3:00,2,1,1
12/30/2013 4:00,4,1,3
12/30/2013 5:00,19,17,2
12/30/2013 6:00,72,49,23
12/30/2013 7:00,137,94,43
12/30/2013 8:00,208,142,66
12/30/2013 9:00,142,90,52
12/30/2013 10:00,62,44,18
12/30/2013 11:00,54,31,23
12/30/2013 12:00,55,39,16
12/30/2013 13:00,74,26,48
12/30/2013 14:00,48,22,26
12/30/2013 15:00,99,44,55
12/30/2013 16:00,150,59,91
12/30/2013 17:00,258,68,190
12/30/2013 18:00,146,44,102
12/30/2013 19:00,64,25,39
12/30/2013 20:00,43,26,17
12/30/2013 21:00,24,12,12
12/30/2013 22:00,23,14,9
12/30/2013 23:00,24,9,15
12/31/2013 0:00,12,8,4
12/31/2013 1:00,6,2,4
12/31/2013 2:00,1,1,0
12/31/2013 3:00,1,1,0
12/31/2013 4:00,4,1,3
12/31/2013 5:00,15,12,3
12/31/2013 6:00,60,33,27
12/31/2013 7:00,107,68,39
12/31/2013 8:00,160,111,49
12/31/2013 9:00,127,77,50
12/31/2013 10:00,57,28,29
12/31/2013 11:00,47,25,22
12/31/2013 12:00,49,30,19
12/31/2013 13:00,54,28,26
12/31/2013 14:00,72,27,45
12/31/2013 15:00,124,60,64
12/31/2013 16:00,166,52,114
12/31/2013 17:00,172,55,117
12/31/2013 18:00,64,25,39
12/31/2013 19:00,38,21,17
12/31/2013 20:00,36,13,23
12/31/2013 21:00,11,5,6
12/31/2013 22:00,14,10,4
12/31/2013 23:00,22,17,5
1/1/2014 0:00,23,5,18
1/1/2014 1:00,27,8,19
1/1/2014 2:00,19,7,12
1/1/2014 3:00,13,5,8
1/1/2014 4:00,6,3,3
1/1/2014 5:00,6,4,2
1/1/2014 6:00,2,1,1
1/1/2014 7:00,9,6,3
1/1/2014 8:00,22,14,8
1/1/2014 9:00,27,14,13
1/1/2014 10:00,47,32,15
1/1/2014 11:00,74,37,37
1/1/2014 12:00,90,49,41
1/1/2014 13:00,103,71,32
1/1/2014 14:00,140,82,58
1/1/2014 15:00,77,42,35
1/1/2014 16:00,105,59,46
1/1/2014 17:00,37,15,22
1/1/2014 18:00,20,10,10
1/1/2014 19:00,20,11,9
1/1/2014 20:00,14,7,7
1/1/2014 21:00,9,3,6
1/1/2014 22:00,15,9,6
1/1/2014 23:00,9,4,5
1/2/2014 0:00,3,2,1
1/2/2014 1:00,3,2,1
1/2/2014 2:00,0,0,0
1/2/2014 3:00,4,2,2
1/2/2014 4:00,2,1,1
1/2/2014 5:00,20,17,3
1/2/2014 6:00,74,56,18
1/2/2014 7:00,165,126,39
1/2/2014 8:00,248,166,82
1/2/2014 9:00,182,118,64
1/2/2014 10:00,75,48,27
1/2/2014 11:00,60,29,31
1/2/2014 12:00,74,41,33
1/2/2014 13:00,51,29,22
1/2/2014 14:00,53,21,32
1/2/2014 15:00,67,30,37
1/2/2014 16:00,145,56,89
1/2/2014 17:00,281,70,211
1/2/2014 18:00,205,58,147
1/2/2014 19:00,76,32,44
1/2/2014 20:00,44,12,32
1/2/2014 21:00,12,7,5
1/2/2014 22:00,8,2,6
1/2/2014 23:00,13,6,7
1/3/2014 0:00,10,4,6
1/3/2014 1:00,5,2,3
1/3/2014 2:00,1,1,0
1/3/2014 3:00,1,0,1
1/3/2014 4:00,6,4,2
1/3/2014 5:00,15,11,4
1/3/2014 6:00,64,46,18
1/3/2014 7:00,169,126,43
1/3/2014 8:00,231,174,57
1/3/2014 9:00,192,126,66
1/3/2014 10:00,85,49,36
1/3/2014 11:00,65,33,32
1/3/2014 12:00,72,45,27
1/3/2014 13:00,86,57,29
1/3/2014 14:00,95,59,36
1/3/2014 15:00,109,63,46
1/3/2014 16:00,193,64,129
1/3/2014 17:00,282,80,202
1/3/2014 18:00,175,58,117
1/3/2014 19:00,77,33,44
1/3/2014 20:00,30,10,20
1/3/2014 21:00,32,14,18
1/3/2014 22:00,20,14,6
1/3/2014 23:00,12,6,6
1/4/2014 0:00,9,4,5
1/4/2014 1:00,8,5,3
1/4/2014 2:00,2,0,2
1/4/2014 3:00,0,0,0
1/4/2014 4:00,5,1,4
1/4/2014 5:00,2,2,0
1/4/2014 6:00,11,9,2
1/4/2014 7:00,8,5,3
1/4/2014 8:00,41,19,22
1/4/2014 9:00,60,35,25
1/4/2014 10:00,63,39,24
1/4/2014 11:00,91,56,35
1/4/2014 12:00,125,73,52
1/4/2014 13:00,151,76,75
1/4/2014 14:00,163,102,61
1/4/2014 15:00,133,80,53
1/4/2014 16:00,92,49,43
1/4/2014 17:00,67,32,35
1/4/2014 18:00,32,19,13
1/4/2014 19:00,36,20,16
1/4/2014 20:00,26,12,14
1/4/2014 21:00,20,8,12
1/4/2014 22:00,11,4,7
1/4/2014 23:00,16,7,9
1/5/2014 0:00,12,8,4
1/5/2014 1:00,4,3,1
1/5/2014 2:00,5,1,4
1/5/2014 3:00,3,3,0
1/5/2014 4:00,7,3,4
1/5/2014 5:00,6,6,0
1/5/2014 6:00,5,3,2
1/5/2014 7:00,10,7,3
1/5/2014 8:00,42,21,21
1/5/2014 9:00,43,27,16
1/5/2014 10:00,69,45,24
1/5/2014 11:00,77,41,36
1/5/2014 12:00,139,98,41
1/5/2014 13:00,129,72,57
1/5/2014 14:00,170,93,77
1/5/2014 15:00,153,92,61
1/5/2014 16:00,104,62,42
1/5/2014 17:00,54,30,24
1/5/2014 18:00,40,20,20
1/5/2014 19:00,26,11,15
1/5/2014 20:00,12,7,5
1/5/2014 21:00,14,6,8
1/5/2014 22:00,14,2,12
1/5/2014 23:00,13,4,9
1/6/2014 0:00,7,2,5
1/6/2014 1:00,3,2,1
1/6/2014 2:00,3,3,0
1/6/2014 3:00,3,0,3
1/6/2014 4:00,2,1,1
1/6/2014 5:00,26,20,6
1/6/2014 6:00,81,51,30
1/6/2014 7:00,201,146,55
1/6/2014 8:00,306,220,86
1/6/2014 9:00,232,143,89
1/6/2014 10:00,92,60,32
1/6/2014 11:00,57,35,22
1/6/2014 12:00,58,23,35
1/6/2014 13:00,53,31,22
1/6/2014 14:00,81,41,40
1/6/2014 15:00,82,43,39
1/6/2014 16:00,172,75,97
1/6/2014 17:00,358,100,258
1/6/2014 18:00,258,75,183
1/6/2014 19:00,105,39,66
1/6/2014 20:00,54,17,37
1/6/2014 21:00,32,11,21
1/6/2014 22:00,22,11,11
1/6/2014 23:00,16,6,10
1/7/2014 0:00,6,4,2
1/7/2014 1:00,3,1,2
1/7/2014 2:00,4,3,1
1/7/2014 3:00,1,0,1
1/7/2014 4:00,5,2,3
1/7/2014 5:00,21,16,5
1/7/2014 6:00,87,57,30
1/7/2014 7:00,195,140,55
1/7/2014 8:00,321,228,93
1/7/2014 9:00,202,142,60
1/7/2014 10:00,79,51,28
1/7/2014 11:00,35,18,17
1/7/2014 12:00,32,20,12
1/7/2014 13:00,41,24,17
1/7/2014 14:00,54,29,25
1/7/2014 15:00,71,32,39
1/7/2014 16:00,134,52,82
1/7/2014 17:00,323,90,233
1/7/2014 18:00,263,88,175
1/7/2014 19:00,99,31,68
1/7/2014 20:00,44,17,27
1/7/2014 21:00,29,12,17
1/7/2014 22:00,21,9,12
1/7/2014 23:00,12,5,7
1/8/2014 0:00,7,4,3
1/8/2014 1:00,3,1,2
1/8/2014 2:00,1,1,0
1/8/2014 3:00,3,1,2
1/8/2014 4:00,5,4,1
1/8/2014 5:00,20,15,5
1/8/2014 6:00,63,46,17
1/8/2014 7:00,192,130,62
1/8/2014 8:00,329,241,88
1/8/2014 9:00,223,141,82
1/8/2014 10:00,75,44,31
1/8/2014 11:00,43,23,20
1/8/2014 12:00,30,15,15
1/8/2014 13:00,36,19,17
1/8/2014 14:00,31,19,12
1/8/2014 15:00,55,28,27
1/8/2014 16:00,111,39,72
1/8/2014 17:00,255,73,182
1/8/2014 18:00,247,71,176
1/8/2014 19:00,91,29,62
1/8/2014 20:00,62,27,35
1/8/2014 21:00,27,9,18
1/8/2014 22:00,21,7,14
1/8/2014 23:00,18,11,7
1/9/2014 0:00,6,3,3
1/9/2014 1:00,4,2,2
1/9/2014 2:00,2,1,1
1/9/2014 3:00,3,2,1
1/9/2014 4:00,3,1,2
1/9/2014 5:00,16,11,5
1/9/2014 6:00,68,47,21
1/9/2014 7:00,183,129,54
1/9/2014 8:00,306,208,98
1/9/2014 9:00,194,120,74
1/9/2014 10:00,89,58,31
1/9/2014 11:00,64,31,33
1/9/2014 12:00,31,15,16
1/9/2014 13:00,27,17,10
1/9/2014 14:00,57,32,25
1/9/2014 15:00,73,42,31
1/9/2014 16:00,140,46,94
1/9/2014 17:00,293,84,209
1/9/2014 18:00,253,83,170
1/9/2014 19:00,126,44,82
1/9/2014 20:00,103,18,85
1/9/2014 21:00,36,15,21
1/9/2014 22:00,27,10,17
1/9/2014 23:00,16,8,8
1/10/2014 0:00,8,3,5
1/10/2014 1:00,10,8,2
1/10/2014 2:00,2,1,1
1/10/2014 3:00,3,1,2
1/10/2014 4:00,5,2,3
1/10/2014 5:00,14,9,5
1/10/2014 6:00,68,46,22
1/10/2014 7:00,147,104,43
1/10/2014 8:00,253,197,56
1/10/2014 9:00,177,111,66
1/10/2014 10:00,86,55,31
1/10/2014 11:00,43,23,20
1/10/2014 12:00,45,30,15
1/10/2014 13:00,52,26,26
1/10/2014 14:00,66,40,26
1/10/2014 15:00,88,52,36
1/10/2014 16:00,130,55,75
1/10/2014 17:00,242,79,163
1/10/2014 18:00,192,68,124
1/10/2014 19:00,64,18,46
1/10/2014 20:00,36,14,22
1/10/2014 21:00,17,6,11
1/10/2014 22:00,14,8,6
1/10/2014 23:00,18,8,10
1/11/2014 0:00,10,5,5
1/11/2014 1:00,4,3,1
1/11/2014 2:00,3,1,2
1/11/2014 3:00,3,1,2
1/11/2014 4:00,0,0,0
1/11/2014 5:00,4,3,1
1/11/2014 6:00,10,4,6
1/11/2014 7:00,14,7,7
1/11/2014 8:00,33,21,12
1/11/2014 9:00,50,28,22
1/11/2014 10:00,57,30,27
1/11/2014 11:00,27,19,8
1/11/2014 12:00,21,13,8
1/11/2014 13:00,29,15,14
1/11/2014 14:00,18,12,6
1/11/2014 15:00,13,9,4
1/11/2014 16:00,21,10,11
1/11/2014 17:00,18,9,9
1/11/2014 18:00,32,17,15
1/11/2014 19:00,17,10,7
1/11/2014 20:00,12,7,5
1/11/2014 21:00,10,4,6
1/11/2014 22:00,11,3,8
1/11/2014 23:00,6,4,2
1/12/2014 0:00,11,5,6
1/12/2014 1:00,5,4,1
1/12/2014 2:00,2,2,0
1/12/2014 3:00,4,1,3
1/12/2014 4:00,3,3,0
1/12/2014 5:00,6,4,2
1/12/2014 6:00,10,2,8
1/12/2014 7:00,2,1,1
1/12/2014 8:00,21,11,10
1/12/2014 9:00,33,21,12
1/12/2014 10:00,41,24,17
1/12/2014 11:00,42,20,22
1/12/2014 12:00,64,34,30
1/12/2014 13:00,56,30,26
1/12/2014 14:00,68,40,28
1/12/2014 15:00,65,30,35
1/12/2014 16:00,62,40,22
1/12/2014 17:00,37,22,15
1/12/2014 18:00,36,25,11
1/12/2014 19:00,35,28,7
1/12/2014 20:00,16,9,7
1/12/2014 21:00,16,6,10
1/12/2014 22:00,9,3,6
1/12/2014 23:00,11,5,6
1/13/2014 0:00,8,3,5
1/13/2014 1:00,4,4,0
1/13/2014 2:00,2,1,1
1/13/2014 3:00,4,3,1
1/13/2014 4:00,4,2,2
1/13/2014 5:00,16,12,4
1/13/2014 6:00,84,55,29
1/13/2014 7:00,202,142,60
1/13/2014 8:00,359,274,85
1/13/2014 9:00,234,151,83
1/13/2014 10:00,95,54,41
1/13/2014 11:00,63,33,30
1/13/2014 12:00,53,35,18
1/13/2014 13:00,68,29,39
1/13/2014 14:00,67,37,30
1/13/2014 15:00,91,47,44
1/13/2014 16:00,165,78,87
1/13/2014 17:00,378,103,275
1/13/2014 18:00,317,98,219
1/13/2014 19:00,125,42,83
1/13/2014 20:00,82,31,51
1/13/2014 21:00,57,18,39
1/13/2014 22:00,27,13,14
1/13/2014 23:00,25,14,11
1/14/2014 0:00,14,9,5
1/14/2014 1:00,1,0,1
1/14/2014 2:00,1,0,1
1/14/2014 3:00,1,1,0
1/14/2014 4:00,11,8,3
1/14/2014 5:00,24,13,11
1/14/2014 6:00,99,72,27
1/14/2014 7:00,254,180,74
1/14/2014 8:00,385,275,110
1/14/2014 9:00,290,175,115
1/14/2014 10:00,105,68,37
1/14/2014 11:00,55,29,26
1/14/2014 12:00,67,38,29
1/14/2014 13:00,75,37,38
1/14/2014 14:00,76,40,36
1/14/2014 15:00,107,57,50
1/14/2014 16:00,199,84,115
1/14/2014 17:00,405,102,303
1/14/2014 18:00,319,104,215
1/14/2014 19:00,142,61,81
1/14/2014 20:00,65,28,37
1/14/2014 21:00,60,17,43
1/14/2014 22:00,36,15,21
1/14/2014 23:00,17,6,11
1/15/2014 0:00,7,7,0
1/15/2014 1:00,4,2,2
1/15/2014 2:00,2,2,0
1/15/2014 3:00,2,1,1
1/15/2014 4:00,8,3,5
1/15/2014 5:00,18,10,8
1/15/2014 6:00,96,73,23
1/15/2014 7:00,226,164,62
1/15/2014 8:00,371,261,110
1/15/2014 9:00,244,158,86
1/15/2014 10:00,96,52,44
1/15/2014 11:00,66,40,26
1/15/2014 12:00,88,43,45
1/15/2014 13:00,76,37,39
1/15/2014 14:00,93,52,41
1/15/2014 15:00,95,51,44
1/15/2014 16:00,192,73,119
1/15/2014 17:00,365,111,254
1/15/2014 18:00,361,137,224
1/15/2014 19:00,153,49,104
1/15/2014 20:00,86,26,60
1/15/2014 21:00,60,28,32
1/15/2014 22:00,49,17,32
1/15/2014 23:00,14,3,11
1/16/2014 0:00,13,5,8
1/16/2014 1:00,7,3,4
1/16/2014 2:00,5,3,2
1/16/2014 3:00,2,1,1
1/16/2014 4:00,2,1,1
1/16/2014 5:00,24,17,7
1/16/2014 6:00,102,72,30
1/16/2014 7:00,226,161,65
1/16/2014 8:00,382,269,113
1/16/2014 9:00,234,154,80
1/16/2014 10:00,116,60,56
1/16/2014 11:00,59,30,29
1/16/2014 12:00,72,40,32
1/16/2014 13:00,60,37,23
1/16/2014 14:00,82,41,41
1/16/2014 15:00,97,57,40
1/16/2014 16:00,170,61,109
1/16/2014 17:00,357,113,244
1/16/2014 18:00,305,99,206
1/16/2014 19:00,147,48,99
1/16/2014 20:00,72,28,44
1/16/2014 21:00,56,28,28
1/16/2014 22:00,35,16,19
1/16/2014 23:00,16,7,9
1/17/2014 0:00,10,1,9
1/17/2014 1:00,6,3,3
1/17/2014 2:00,5,2,3
1/17/2014 3:00,3,1,2
1/17/2014 4:00,3,1,2
1/17/2014 5:00,20,13,7
1/17/2014 6:00,76,50,26
1/17/2014 7:00,194,135,59
1/17/2014 8:00,333,249,84
1/17/2014 9:00,211,140,71
1/17/2014 10:00,103,70,33
1/17/2014 11:00,59,37,22
1/17/2014 12:00,66,35,31
1/17/2014 13:00,70,43,27
1/17/2014 14:00,73,37,36
1/17/2014 15:00,102,52,50
1/17/2014 16:00,199,86,113
1/17/2014 17:00,337,106,231
1/17/2014 18:00,208,71,137
1/17/2014 19:00,106,26,80
1/17/2014 20:00,41,17,24
1/17/2014 21:00,37,20,17
1/17/2014 22:00,26,12,14
1/17/2014 23:00,22,11,11
1/18/2014 0:00,15,6,9
1/18/2014 1:00,11,8,3
1/18/2014 2:00,5,4,1
1/18/2014 3:00,6,2,4
1/18/2014 4:00,5,0,5
1/18/2014 5:00,6,5,1
1/18/2014 6:00,17,7,10
1/18/2014 7:00,18,10,8
1/18/2014 8:00,58,37,21
1/18/2014 9:00,61,31,30
1/18/2014 10:00,77,46,31
1/18/2014 11:00,75,44,31
1/18/2014 12:00,93,62,31
1/18/2014 13:00,116,79,37
1/18/2014 14:00,104,60,44
1/18/2014 15:00,124,73,51
1/18/2014 16:00,117,55,62
1/18/2014 17:00,62,30,32
1/18/2014 18:00,55,32,23
1/18/2014 19:00,31,15,16
1/18/2014 20:00,20,7,13
1/18/2014 21:00,26,14,12
1/18/2014 22:00,14,7,7
1/18/2014 23:00,19,10,9
1/19/2014 0:00,14,6,8
1/19/2014 1:00,8,2,6
1/19/2014 2:00,3,2,1
1/19/2014 3:00,2,1,1
1/19/2014 4:00,0,0,0
1/19/2014 5:00,6,4,2
1/19/2014 6:00,9,3,6
1/19/2014 7:00,9,3,6
1/19/2014 8:00,34,21,13
1/19/2014 9:00,53,35,18
1/19/2014 10:00,69,40,29
1/19/2014 11:00,64,33,31
1/19/2014 12:00,97,54,43
1/19/2014 13:00,93,47,46
1/19/2014 14:00,69,52,17
1/19/2014 15:00,71,42,29
1/19/2014 16:00,35,20,15
1/19/2014 17:00,34,13,21
1/19/2014 18:00,22,10,12
1/19/2014 19:00,35,17,18
1/19/2014 20:00,37,16,21
1/19/2014 21:00,28,11,17
1/19/2014 22:00,13,5,8
1/19/2014 23:00,17,7,10
1/20/2014 0:00,8,4,4
1/20/2014 1:00,5,4,1
1/20/2014 2:00,2,1,1
1/20/2014 3:00,1,0,1
1/20/2014 4:00,2,1,1
1/20/2014 5:00,13,10,3
1/20/2014 6:00,43,26,17
1/20/2014 7:00,134,89,45
1/20/2014 8:00,157,107,50
1/20/2014 9:00,139,85,54
1/20/2014 10:00,77,46,31
1/20/2014 11:00,71,32,39
1/20/2014 12:00,86,55,31
1/20/2014 13:00,110,69,41
1/20/2014 14:00,138,65,73
1/20/2014 15:00,140,85,55
1/20/2014 16:00,167,71,96
1/20/2014 17:00,210,68,142
1/20/2014 18:00,159,52,107
1/20/2014 19:00,98,33,65
1/20/2014 20:00,44,20,24
1/20/2014 21:00,32,14,18
1/20/2014 22:00,24,10,14
1/20/2014 23:00,14,2,12
1/21/2014 0:00,8,5,3
1/21/2014 1:00,4,2,2
1/21/2014 2:00,2,1,1
1/21/2014 3:00,2,0,2
1/21/2014 4:00,5,3,2
1/21/2014 5:00,18,13,5
1/21/2014 6:00,101,69,32
1/21/2014 7:00,218,154,64
1/21/2014 8:00,376,272,104
1/21/2014 9:00,222,135,87
1/21/2014 10:00,114,72,42
1/21/2014 11:00,64,33,31
1/21/2014 12:00,76,41,35
1/21/2014 13:00,50,25,25
1/21/2014 14:00,63,29,34
1/21/2014 15:00,110,53,57
1/21/2014 16:00,192,76,116
1/21/2014 17:00,408,139,269
1/21/2014 18:00,335,113,222
1/21/2014 19:00,162,48,114
1/21/2014 20:00,55,31,24
1/21/2014 21:00,46,15,31
1/21/2014 22:00,33,17,16
1/21/2014 23:00,16,6,10
1/22/2014 0:00,13,7,6
1/22/2014 1:00,6,5,1
1/22/2014 2:00,3,1,2
1/22/2014 3:00,3,1,2
1/22/2014 4:00,6,2,4
1/22/2014 5:00,20,15,5
1/22/2014 6:00,88,64,24
1/22/2014 7:00,233,168,65
1/22/2014 8:00,375,268,107
1/22/2014 9:00,253,163,90
1/22/2014 10:00,105,60,45
1/22/2014 11:00,56,32,24
1/22/2014 12:00,63,36,27
1/22/2014 13:00,73,40,33
1/22/2014 14:00,74,43,31
1/22/2014 15:00,102,51,51
1/22/2014 16:00,188,79,109
1/22/2014 17:00,398,132,266
1/22/2014 18:00,328,98,230
1/22/2014 19:00,143,53,90
1/22/2014 20:00,68,25,43
1/22/2014 21:00,49,19,30
1/22/2014 22:00,32,16,16
1/22/2014 23:00,13,3,10
1/23/2014 0:00,5,4,1
1/23/2014 1:00,4,2,2
1/23/2014 2:00,6,2,4
1/23/2014 3:00,3,1,2
1/23/2014 4:00,3,1,2
1/23/2014 5:00,26,24,2
1/23/2014 6:00,90,62,28
1/23/2014 7:00,223,156,67
1/23/2014 8:00,366,244,122
1/23/2014 9:00,233,147,86
1/23/2014 10:00,103,64,39
1/23/2014 11:00,69,35,34
1/23/2014 12:00,73,50,23
1/23/2014 13:00,69,35,34
1/23/2014 14:00,81,39,42
1/23/2014 15:00,127,61,66
1/23/2014 16:00,191,70,121
1/23/2014 17:00,371,113,258
1/23/2014 18:00,287,105,182
1/23/2014 19:00,131,45,86
1/23/2014 20:00,87,39,48
1/23/2014 21:00,36,16,20
1/23/2014 22:00,44,23,21
1/23/2014 23:00,21,9,12
1/24/2014 0:00,19,10,9
1/24/2014 1:00,8,2,6
1/24/2014 2:00,4,2,2
1/24/2014 3:00,2,1,1
1/24/2014 4:00,8,5,3
1/24/2014 5:00,20,17,3
1/24/2014 6:00,75,48,27
1/24/2014 7:00,192,138,54
1/24/2014 8:00,314,227,87
1/24/2014 9:00,221,150,71
1/24/2014 10:00,126,84,42
1/24/2014 11:00,79,53,26
1/24/2014 12:00,82,52,30
1/24/2014 13:00,91,50,41
1/24/2014 14:00,110,61,49
1/24/2014 15:00,146,69,77
1/24/2014 16:00,201,90,111
1/24/2014 17:00,336,94,242
1/24/2014 18:00,224,63,161
1/24/2014 19:00,90,35,55
1/24/2014 20:00,59,22,37
1/24/2014 21:00,43,17,26
1/24/2014 22:00,37,25,12
1/24/2014 23:00,34,18,16
1/25/2014 0:00,18,8,10
1/25/2014 1:00,10,6,4
1/25/2014 2:00,6,4,2
1/25/2014 3:00,2,0,2
1/25/2014 4:00,3,2,1
1/25/2014 5:00,4,1,3
1/25/2014 6:00,12,5,7
1/25/2014 7:00,21,11,10
1/25/2014 8:00,42,21,21
1/25/2014 9:00,71,45,26
1/25/2014 10:00,62,38,24
1/25/2014 11:00,94,54,40
1/25/2014 12:00,135,67,68
1/25/2014 13:00,137,84,53
1/25/2014 14:00,165,94,71
1/25/2014 15:00,231,127,104
1/25/2014 16:00,164,97,67
1/25/2014 17:00,80,41,39
1/25/2014 18:00,68,39,29
1/25/2014 19:00,30,14,16
1/25/2014 20:00,31,10,21
1/25/2014 21:00,14,9,5
1/25/2014 22:00,24,16,8
1/25/2014 23:00,17,7,10
1/26/2014 0:00,19,10,9
1/26/2014 1:00,8,2,6
1/26/2014 2:00,6,3,3
1/26/2014 3:00,8,5,3
1/26/2014 4:00,3,2,1
1/26/2014 5:00,5,4,1
1/26/2014 6:00,14,6,8
1/26/2014 7:00,8,5,3
1/26/2014 8:00,35,26,9
1/26/2014 9:00,44,20,24
1/26/2014 10:00,73,56,17
1/26/2014 11:00,88,49,39
1/26/2014 12:00,123,68,55
1/26/2014 13:00,161,85,76
1/26/2014 14:00,296,116,180
1/26/2014 15:00,172,80,92
1/26/2014 16:00,131,74,57
1/26/2014 17:00,110,63,47
1/26/2014 18:00,44,26,18
1/26/2014 19:00,24,19,5
1/26/2014 20:00,20,11,9
1/26/2014 21:00,19,9,10
1/26/2014 22:00,9,6,3
1/26/2014 23:00,9,3,6
1/27/2014 0:00,8,2,6
1/27/2014 1:00,4,4,0
1/27/2014 2:00,3,2,1
1/27/2014 3:00,1,0,1
1/27/2014 4:00,1,1,0
1/27/2014 5:00,18,11,7
1/27/2014 6:00,94,61,33
1/27/2014 7:00,218,153,65
1/27/2014 8:00,357,254,103
1/27/2014 9:00,224,147,77
1/27/2014 10:00,83,48,35
1/27/2014 11:00,59,41,18
1/27/2014 12:00,53,34,19
1/27/2014 13:00,63,35,28
1/27/2014 14:00,74,35,39
1/27/2014 15:00,96,59,37
1/27/2014 16:00,180,68,112
1/27/2014 17:00,400,114,286
1/27/2014 18:00,294,90,204
1/27/2014 19:00,122,40,82
1/27/2014 20:00,61,19,42
1/27/2014 21:00,39,14,25
1/27/2014 22:00,27,14,13
1/27/2014 23:00,20,9,11
1/28/2014 0:00,8,4,4
1/28/2014 1:00,3,1,2
1/28/2014 2:00,4,2,2
1/28/2014 3:00,0,0,0
1/28/2014 4:00,4,4,0
1/28/2014 5:00,19,14,5
1/28/2014 6:00,93,67,26
1/28/2014 7:00,226,155,71
1/28/2014 8:00,354,246,108
1/28/2014 9:00,237,158,79
1/28/2014 10:00,80,48,32
1/28/2014 11:00,48,33,15
1/28/2014 12:00,61,38,23
1/28/2014 13:00,48,23,25
1/28/2014 14:00,55,27,28
1/28/2014 15:00,103,50,53
1/28/2014 16:00,162,61,101
1/28/2014 17:00,391,113,278
1/28/2014 18:00,277,93,184
1/28/2014 19:00,147,54,93
1/28/2014 20:00,63,27,36
1/28/2014 21:00,40,17,23
1/28/2014 22:00,31,13,18
1/28/2014 23:00,12,6,6
1/29/2014 0:00,6,4,2
1/29/2014 1:00,3,1,2
1/29/2014 2:00,1,1,0
1/29/2014 3:00,0,0,0
1/29/2014 4:00,3,2,1
1/29/2014 5:00,19,15,4
1/29/2014 6:00,61,50,11
1/29/2014 7:00,177,129,48
1/29/2014 8:00,277,206,71
1/29/2014 9:00,202,131,71
1/29/2014 10:00,71,44,27
1/29/2014 11:00,36,24,12
1/29/2014 12:00,38,13,25
1/29/2014 13:00,33,18,15
1/29/2014 14:00,41,12,29
1/29/2014 15:00,60,30,30
1/29/2014 16:00,126,52,74
1/29/2014 17:00,271,84,187
1/29/2014 18:00,231,72,159
1/29/2014 19:00,121,55,66
1/29/2014 20:00,48,14,34
1/29/2014 21:00,31,19,12
1/29/2014 22:00,26,12,14
1/29/2014 23:00,17,10,7
1/30/2014 0:00,6,2,4
1/30/2014 1:00,3,1,2
1/30/2014 2:00,4,2,2
1/30/2014 3:00,1,1,0
1/30/2014 4:00,7,5,2
1/30/2014 5:00,19,18,1
1/30/2014 6:00,81,57,24
1/30/2014 7:00,182,128,54
1/30/2014 8:00,310,215,95
1/30/2014 9:00,217,140,77
1/30/2014 10:00,95,53,42
1/30/2014 11:00,66,34,32
1/30/2014 12:00,52,28,24
1/30/2014 13:00,46,25,21
1/30/2014 14:00,55,31,24
1/30/2014 15:00,93,52,41
1/30/2014 16:00,161,58,103
1/30/2014 17:00,307,84,223
1/30/2014 18:00,252,74,178
1/30/2014 19:00,124,40,84
1/30/2014 20:00,60,22,38
1/30/2014 21:00,48,22,26
1/30/2014 22:00,30,10,20
1/30/2014 23:00,10,2,8
1/31/2014 0:00,8,3,5
1/31/2014 1:00,10,2,8
1/31/2014 2:00,2,2,0
1/31/2014 3:00,5,2,3
1/31/2014 4:00,3,2,1
1/31/2014 5:00,17,15,2
1/31/2014 6:00,60,39,21
1/31/2014 7:00,159,114,45
1/31/2014 8:00,252,179,73
1/31/2014 9:00,166,114,52
1/31/2014 10:00,93,45,48
1/31/2014 11:00,61,33,28
1/31/2014 12:00,69,42,27
1/31/2014 13:00,62,38,24
1/31/2014 14:00,85,46,39
1/31/2014 15:00,91,48,43
1/31/2014 16:00,157,61,96
1/31/2014 17:00,286,97,189
1/31/2014 18:00,216,77,139
1/31/2014 19:00,93,31,62
1/31/2014 20:00,54,17,37
1/31/2014 21:00,36,13,23
1/31/2014 22:00,30,16,14
1/31/2014 23:00,20,12,8
2/1/2014 0:00,21,5,16
2/1/2014 1:00,14,8,6
2/1/2014 2:00,4,1,3
2/1/2014 3:00,2,1,1
2/1/2014 4:00,1,0,1
2/1/2014 5:00,6,5,1
2/1/2014 6:00,11,5,6
2/1/2014 7:00,26,15,11
2/1/2014 8:00,60,42,18
2/1/2014 9:00,71,38,33
2/1/2014 10:00,91,56,35
2/1/2014 11:00,81,40,41
2/1/2014 12:00,111,70,41
2/1/2014 13:00,86,43,43
2/1/2014 14:00,122,69,53
2/1/2014 15:00,111,70,41
2/1/2014 16:00,110,64,46
2/1/2014 17:00,52,26,26
2/1/2014 18:00,47,31,16
2/1/2014 19:00,35,21,14
2/1/2014 20:00,21,9,12
2/1/2014 21:00,18,10,8
2/1/2014 22:00,16,10,6
2/1/2014 23:00,17,11,6
2/2/2014 0:00,19,9,10
2/2/2014 1:00,8,2,6
2/2/2014 2:00,5,0,5
2/2/2014 3:00,5,1,4
2/2/2014 4:00,6,2,4
2/2/2014 5:00,3,2,1
2/2/2014 6:00,9,5,4
2/2/2014 7:00,11,7,4
2/2/2014 8:00,37,20,17
2/2/2014 9:00,36,22,14
2/2/2014 10:00,93,65,28
2/2/2014 11:00,108,61,47
2/2/2014 12:00,121,75,46
2/2/2014 13:00,156,78,78
2/2/2014 14:00,135,72,63
2/2/2014 15:00,77,51,26
2/2/2014 16:00,47,19,28
2/2/2014 17:00,41,22,19
2/2/2014 18:00,23,16,7
2/2/2014 19:00,41,26,15
2/2/2014 20:00,44,24,20
2/2/2014 21:00,29,12,17
2/2/2014 22:00,24,6,18
2/2/2014 23:00,17,3,14
2/3/2014 0:00,5,3,2
2/3/2014 1:00,1,1,0
2/3/2014 2:00,1,1,0
2/3/2014 3:00,2,0,2
2/3/2014 4:00,6,3,3
2/3/2014 5:00,20,13,7
2/3/2014 6:00,66,42,24
2/3/2014 7:00,196,143,53
2/3/2014 8:00,309,235,74
2/3/2014 9:00,216,136,80
2/3/2014 10:00,91,45,46
2/3/2014 11:00,57,33,24
2/3/2014 12:00,50,28,22
2/3/2014 13:00,52,31,21
2/3/2014 14:00,72,43,29
2/3/2014 15:00,89,46,43
2/3/2014 16:00,186,75,111
2/3/2014 17:00,370,100,270
2/3/2014 18:00,260,82,178
2/3/2014 19:00,113,29,84
2/3/2014 20:00,53,20,33
2/3/2014 21:00,38,15,23
2/3/2014 22:00,24,8,16
2/3/2014 23:00,13,6,7
2/4/2014 0:00,4,2,2
2/4/2014 1:00,2,2,0
2/4/2014 2:00,1,1,0
2/4/2014 3:00,2,2,0
2/4/2014 4:00,4,4,0
2/4/2014 5:00,22,15,7
2/4/2014 6:00,78,50,28
2/4/2014 7:00,200,151,49
2/4/2014 8:00,312,218,94
2/4/2014 9:00,176,114,62
2/4/2014 10:00,74,40,34
2/4/2014 11:00,42,18,24
2/4/2014 12:00,52,32,20
2/4/2014 13:00,46,25,21
2/4/2014 14:00,61,34,27
2/4/2014 15:00,61,28,33
2/4/2014 16:00,143,59,84
2/4/2014 17:00,294,76,218
2/4/2014 18:00,266,77,189
2/4/2014 19:00,130,39,91
2/4/2014 20:00,38,16,22
2/4/2014 21:00,45,22,23
2/4/2014 22:00,23,11,12
2/4/2014 23:00,15,6,9
2/5/2014 0:00,9,4,5
2/5/2014 1:00,2,1,1
2/5/2014 2:00,1,0,1
2/5/2014 3:00,2,2,0
2/5/2014 4:00,3,1,2
2/5/2014 5:00,13,11,2
2/5/2014 6:00,55,38,17
2/5/2014 7:00,183,139,44
2/5/2014 8:00,317,229,88
2/5/2014 9:00,248,156,92
2/5/2014 10:00,245,171,74
2/5/2014 11:00,114,81,33
2/5/2014 12:00,100,45,55
2/5/2014 13:00,157,30,127
2/5/2014 14:00,99,27,72
2/5/2014 15:00,120,37,83
2/5/2014 16:00,161,56,105
2/5/2014 17:00,307,70,237
2/5/2014 18:00,226,74,152
2/5/2014 19:00,109,43,66
2/5/2014 20:00,56,17,39
2/5/2014 21:00,26,11,15
2/5/2014 22:00,16,6,10
2/5/2014 23:00,19,8,11
2/6/2014 0:00,5,3,2
2/6/2014 1:00,3,1,2
2/6/2014 2:00,0,0,0
2/6/2014 3:00,2,2,0
2/6/2014 4:00,2,1,1
2/6/2014 5:00,15,12,3
2/6/2014 6:00,52,33,19
2/6/2014 7:00,117,90,27
2/6/2014 8:00,229,163,66
2/6/2014 9:00,164,110,54
2/6/2014 10:00,69,40,29
2/6/2014 11:00,54,28,26
2/6/2014 12:00,44,27,17
2/6/2014 13:00,40,21,19
2/6/2014 14:00,41,24,17
2/6/2014 15:00,58,26,32
2/6/2014 16:00,102,39,63
2/6/2014 17:00,199,58,141
2/6/2014 18:00,172,59,113
2/6/2014 19:00,84,33,51
2/6/2014 20:00,45,15,30
2/6/2014 21:00,28,9,19
2/6/2014 22:00,16,5,11
2/6/2014 23:00,21,8,13
2/7/2014 0:00,7,3,4
2/7/2014 1:00,6,2,4
2/7/2014 2:00,1,0,1
2/7/2014 3:00,1,1,0
2/7/2014 4:00,4,2,2
2/7/2014 5:00,12,8,4
2/7/2014 6:00,46,30,16
2/7/2014 7:00,110,80,30
2/7/2014 8:00,194,142,52
2/7/2014 9:00,150,104,46
2/7/2014 10:00,71,39,32
2/7/2014 11:00,45,22,23
2/7/2014 12:00,54,27,27
2/7/2014 13:00,35,20,15
2/7/2014 14:00,67,39,28
2/7/2014 15:00,79,33,46
2/7/2014 16:00,124,56,68
2/7/2014 17:00,220,88,132
2/7/2014 18:00,154,48,106
2/7/2014 19:00,74,22,52
2/7/2014 20:00,45,15,30
2/7/2014 21:00,28,15,13
2/7/2014 22:00,21,12,9
2/7/2014 23:00,24,14,10
2/8/2014 0:00,34,3,31
2/8/2014 1:00,7,4,3
2/8/2014 2:00,2,0,2
2/8/2014 3:00,4,1,3
2/8/2014 4:00,0,0,0
2/8/2014 5:00,6,2,4
2/8/2014 6:00,11,5,6
2/8/2014 7:00,11,6,5
2/8/2014 8:00,26,13,13
2/8/2014 9:00,44,30,14
2/8/2014 10:00,67,44,23
2/8/2014 11:00,61,38,23
2/8/2014 12:00,76,49,27
2/8/2014 13:00,75,46,29
2/8/2014 14:00,90,60,30
2/8/2014 15:00,69,38,31
2/8/2014 16:00,73,33,40
2/8/2014 17:00,49,26,23
2/8/2014 18:00,34,20,14
2/8/2014 19:00,13,5,8
2/8/2014 20:00,19,5,14
2/8/2014 21:00,10,7,3
2/8/2014 22:00,8,2,6
2/8/2014 23:00,6,3,3
2/9/2014 0:00,5,1,4
2/9/2014 1:00,0,0,0
2/9/2014 2:00,4,2,2
2/9/2014 3:00,1,0,1
2/9/2014 4:00,0,0,0
2/9/2014 5:00,0,0,0
2/9/2014 6:00,3,2,1
2/9/2014 7:00,4,3,1
2/9/2014 8:00,9,5,4
2/9/2014 9:00,12,5,7
2/9/2014 10:00,21,11,10
2/9/2014 11:00,16,6,10
2/9/2014 12:00,18,9,9
2/9/2014 13:00,16,8,8
2/9/2014 14:00,17,10,7
2/9/2014 15:00,17,9,8
2/9/2014 16:00,19,9,10
2/9/2014 17:00,11,4,7
2/9/2014 18:00,12,4,8
2/9/2014 19:00,8,4,4
2/9/2014 20:00,5,5,0
2/9/2014 21:00,9,3,6
2/9/2014 22:00,7,0,7
2/9/2014 23:00,7,5,2
2/10/2014 0:00,5,3,2
2/10/2014 1:00,0,0,0
2/10/2014 2:00,1,0,1
2/10/2014 3:00,1,1,0
2/10/2014 4:00,3,2,1
2/10/2014 5:00,11,7,4
2/10/2014 6:00,53,37,16
2/10/2014 7:00,101,66,35
2/10/2014 8:00,180,133,47
2/10/2014 9:00,151,96,55
2/10/2014 10:00,53,31,22
2/10/2014 11:00,47,33,14
2/10/2014 12:00,49,27,22
2/10/2014 13:00,42,24,18
2/10/2014 14:00,35,15,20
2/10/2014 15:00,50,26,24
2/10/2014 16:00,100,42,58
2/10/2014 17:00,212,65,147
2/10/2014 18:00,165,53,112
2/10/2014 19:00,72,29,43
2/10/2014 20:00,44,14,30
2/10/2014 21:00,23,12,11
2/10/2014 22:00,14,3,11
2/10/2014 23:00,16,8,8
2/11/2014 0:00,7,2,5
2/11/2014 1:00,1,1,0
2/11/2014 2:00,1,1,0
2/11/2014 3:00,3,3,0
2/11/2014 4:00,2,1,1
2/11/2014 5:00,20,14,6
2/11/2014 6:00,85,55,30
2/11/2014 7:00,196,135,61
2/11/2014 8:00,304,225,79
2/11/2014 9:00,207,123,84
2/11/2014 10:00,89,58,31
2/11/2014 11:00,52,32,20
2/11/2014 12:00,56,20,36
2/11/2014 13:00,63,32,31
2/11/2014 14:00,68,36,32
2/11/2014 15:00,77,31,46
2/11/2014 16:00,119,45,74
2/11/2014 17:00,271,74,197
2/11/2014 18:00,212,75,137
2/11/2014 19:00,89,22,67
2/11/2014 20:00,53,24,29
2/11/2014 21:00,24,8,16
2/11/2014 22:00,16,8,8
2/11/2014 23:00,9,6,3
2/12/2014 0:00,8,2,6
2/12/2014 1:00,3,2,1
2/12/2014 2:00,1,1,0
2/12/2014 3:00,1,1,0
2/12/2014 4:00,7,5,2
2/12/2014 5:00,10,7,3
2/12/2014 6:00,66,46,20
2/12/2014 7:00,137,97,40
2/12/2014 8:00,267,182,85
2/12/2014 9:00,187,129,58
2/12/2014 10:00,85,44,41
2/12/2014 11:00,59,36,23
2/12/2014 12:00,69,40,29
2/12/2014 13:00,71,38,33
2/12/2014 14:00,57,28,29
2/12/2014 15:00,122,58,64
2/12/2014 16:00,156,60,96
2/12/2014 17:00,295,92,203
2/12/2014 18:00,275,83,192
2/12/2014 19:00,119,45,74
2/12/2014 20:00,59,25,34
2/12/2014 21:00,44,21,23
2/12/2014 22:00,22,7,15
2/12/2014 23:00,19,7,12
2/13/2014 0:00,7,4,3
2/13/2014 1:00,5,2,3
2/13/2014 2:00,2,0,2
2/13/2014 3:00,1,1,0
2/13/2014 4:00,2,1,1
2/13/2014 5:00,23,19,4
2/13/2014 6:00,91,57,34
2/13/2014 7:00,191,144,47
2/13/2014 8:00,321,227,94
2/13/2014 9:00,207,130,77
2/13/2014 10:00,90,57,33
2/13/2014 11:00,75,45,30
2/13/2014 12:00,63,41,22
2/13/2014 13:00,68,41,27
2/13/2014 14:00,61,25,36
2/13/2014 15:00,99,44,55
2/13/2014 16:00,174,72,102
2/13/2014 17:00,340,110,230
2/13/2014 18:00,288,95,193
2/13/2014 19:00,112,44,68
2/13/2014 20:00,68,24,44
2/13/2014 21:00,44,11,33
2/13/2014 22:00,33,12,21
2/13/2014 23:00,24,5,19
2/14/2014 0:00,11,4,7
2/14/2014 1:00,6,0,6
2/14/2014 2:00,3,1,2
2/14/2014 3:00,3,2,1
2/14/2014 4:00,5,2,3
2/14/2014 5:00,8,5,3
2/14/2014 6:00,62,45,17
2/14/2014 7:00,155,109,46
2/14/2014 8:00,244,169,75
2/14/2014 9:00,155,100,55
2/14/2014 10:00,55,30,25
2/14/2014 11:00,37,21,16
2/14/2014 12:00,43,28,15
2/14/2014 13:00,48,30,18
2/14/2014 14:00,57,26,31
2/14/2014 15:00,102,53,49
2/14/2014 16:00,138,52,86
2/14/2014 17:00,266,84,182
2/14/2014 18:00,199,68,131
2/14/2014 19:00,79,28,51
2/14/2014 20:00,43,16,27
2/14/2014 21:00,27,14,13
2/14/2014 22:00,24,11,13
2/14/2014 23:00,16,8,8
2/15/2014 0:00,19,4,15
2/15/2014 1:00,5,3,2
2/15/2014 2:00,7,3,4
2/15/2014 3:00,2,0,2
2/15/2014 4:00,6,1,5
2/15/2014 5:00,2,1,1
2/15/2014 6:00,16,9,7
2/15/2014 7:00,13,6,7
2/15/2014 8:00,47,29,18
2/15/2014 9:00,67,36,31
2/15/2014 10:00,62,38,24
2/15/2014 11:00,74,41,33
2/15/2014 12:00,84,47,37
2/15/2014 13:00,68,39,29
2/15/2014 14:00,32,19,13
2/15/2014 15:00,23,10,13
2/15/2014 16:00,36,20,16
2/15/2014 17:00,16,10,6
2/15/2014 18:00,19,11,8
2/15/2014 19:00,17,9,8
2/15/2014 20:00,15,11,4
2/15/2014 21:00,8,3,5
2/15/2014 22:00,9,7,2
2/15/2014 23:00,11,7,4
2/16/2014 0:00,15,10,5
2/16/2014 1:00,2,2,0
2/16/2014 2:00,2,2,0
2/16/2014 3:00,2,0,2
2/16/2014 4:00,3,2,1
2/16/2014 5:00,1,0,1
2/16/2014 6:00,9,5,4
2/16/2014 7:00,3,2,1
2/16/2014 8:00,24,12,12
2/16/2014 9:00,58,38,20
2/16/2014 10:00,62,37,25
2/16/2014 11:00,58,31,27
2/16/2014 12:00,46,19,27
2/16/2014 13:00,40,24,16
2/16/2014 14:00,41,27,14
2/16/2014 15:00,35,23,12
2/16/2014 16:00,24,12,12
2/16/2014 17:00,12,6,6
2/16/2014 18:00,12,8,4
2/16/2014 19:00,11,3,8
2/16/2014 20:00,12,6,6
2/16/2014 21:00,6,3,3
2/16/2014 22:00,2,0,2
2/16/2014 23:00,5,2,3
2/17/2014 0:00,4,2,2
2/17/2014 1:00,0,0,0
2/17/2014 2:00,2,1,1
2/17/2014 3:00,2,2,0
2/17/2014 4:00,2,1,1
2/17/2014 5:00,4,3,1
2/17/2014 6:00,25,8,17
2/17/2014 7:00,52,29,23
2/17/2014 8:00,93,68,25
2/17/2014 9:00,87,47,40
2/17/2014 10:00,40,19,21
2/17/2014 11:00,41,29,12
2/17/2014 12:00,38,21,17
2/17/2014 13:00,45,27,18
2/17/2014 14:00,68,34,34
2/17/2014 15:00,59,31,28
2/17/2014 16:00,104,47,57
2/17/2014 17:00,119,33,86
2/17/2014 18:00,113,36,77
2/17/2014 19:00,54,19,35
2/17/2014 20:00,23,14,9
2/17/2014 21:00,28,11,17
2/17/2014 22:00,15,7,8
2/17/2014 23:00,10,6,4
2/18/2014 0:00,4,1,3
2/18/2014 1:00,0,0,0
2/18/2014 2:00,4,2,2
2/18/2014 3:00,1,0,1
2/18/2014 4:00,4,2,2
2/18/2014 5:00,10,8,2
2/18/2014 6:00,67,44,23
2/18/2014 7:00,140,94,46
2/18/2014 8:00,229,166,63
2/18/2014 9:00,154,98,56
2/18/2014 10:00,46,32,14
2/18/2014 11:00,20,9,11
2/18/2014 12:00,25,11,14
2/18/2014 13:00,19,13,6
2/18/2014 14:00,27,14,13
2/18/2014 15:00,52,15,37
2/18/2014 16:00,91,32,59
2/18/2014 17:00,246,80,166
2/18/2014 18:00,215,65,150
2/18/2014 19:00,74,24,50
2/18/2014 20:00,36,14,22
2/18/2014 21:00,25,10,15
2/18/2014 22:00,25,9,16
2/18/2014 23:00,11,6,5
2/19/2014 0:00,5,2,3
2/19/2014 1:00,1,1,0
2/19/2014 2:00,2,1,1
2/19/2014 3:00,2,2,0
2/19/2014 4:00,2,2,0
2/19/2014 5:00,18,11,7
2/19/2014 6:00,69,48,21
2/19/2014 7:00,170,132,38
2/19/2014 8:00,273,189,84
2/19/2014 9:00,205,132,73
2/19/2014 10:00,90,47,43
2/19/2014 11:00,52,33,19
2/19/2014 12:00,68,37,31
2/19/2014 13:00,81,44,37
2/19/2014 14:00,59,29,30
2/19/2014 15:00,105,45,60
2/19/2014 16:00,157,63,94
2/19/2014 17:00,309,89,220
2/19/2014 18:00,222,76,146
2/19/2014 19:00,129,46,83
2/19/2014 20:00,70,29,41
2/19/2014 21:00,36,16,20
2/19/2014 22:00,32,14,18
2/19/2014 23:00,10,4,6
2/20/2014 0:00,2,2,0
2/20/2014 1:00,4,1,3
2/20/2014 2:00,2,2,0
2/20/2014 3:00,1,1,0
2/20/2014 4:00,5,3,2
2/20/2014 5:00,14,11,3
2/20/2014 6:00,69,45,24
2/20/2014 7:00,184,133,51
2/20/2014 8:00,298,188,110
2/20/2014 9:00,187,113,74
2/20/2014 10:00,85,51,34
2/20/2014 11:00,47,24,23
2/20/2014 12:00,55,31,24
2/20/2014 13:00,79,47,32
2/20/2014 14:00,76,43,33
2/20/2014 15:00,103,53,50
2/20/2014 16:00,177,67,110
2/20/2014 17:00,305,100,205
2/20/2014 18:00,233,88,145
2/20/2014 19:00,132,52,80
2/20/2014 20:00,55,21,34
2/20/2014 21:00,51,21,30
2/20/2014 22:00,28,15,13
2/20/2014 23:00,22,8,14
2/21/2014 0:00,10,4,6
2/21/2014 1:00,5,3,2
2/21/2014 2:00,2,1,1
2/21/2014 3:00,3,1,2
2/21/2014 4:00,5,2,3
2/21/2014 5:00,14,9,5
2/21/2014 6:00,64,45,19
2/21/2014 7:00,175,122,53
2/21/2014 8:00,275,190,85
2/21/2014 9:00,179,111,68
2/21/2014 10:00,84,49,35
2/21/2014 11:00,53,27,26
2/21/2014 12:00,51,27,24
2/21/2014 13:00,61,27,34
2/21/2014 14:00,49,22,27
2/21/2014 15:00,81,35,46
2/21/2014 16:00,133,45,88
2/21/2014 17:00,262,84,178
2/21/2014 18:00,187,59,128
2/21/2014 19:00,103,31,72
2/21/2014 20:00,33,9,24
2/21/2014 21:00,15,2,13
2/21/2014 22:00,24,15,9
2/21/2014 23:00,21,9,12
2/22/2014 0:00,10,7,3
2/22/2014 1:00,13,7,6
2/22/2014 2:00,6,4,2
2/22/2014 3:00,5,3,2
2/22/2014 4:00,1,0,1
2/22/2014 5:00,3,2,1
2/22/2014 6:00,15,9,6
2/22/2014 7:00,17,8,9
2/22/2014 8:00,39,24,15
2/22/2014 9:00,41,17,24
2/22/2014 10:00,32,23,9
2/22/2014 11:00,42,29,13
2/22/2014 12:00,34,16,18
2/22/2014 13:00,41,25,16
2/22/2014 14:00,47,29,18
2/22/2014 15:00,57,30,27
2/22/2014 16:00,59,32,27
2/22/2014 17:00,37,18,19
2/22/2014 18:00,36,20,16
2/22/2014 19:00,18,8,10
2/22/2014 20:00,14,3,11
2/22/2014 21:00,19,8,11
2/22/2014 22:00,22,13,9
2/22/2014 23:00,16,8,8
2/23/2014 0:00,9,3,6
2/23/2014 1:00,5,4,1
2/23/2014 2:00,8,2,6
2/23/2014 3:00,2,0,2
2/23/2014 4:00,2,1,1
2/23/2014 5:00,4,2,2
2/23/2014 6:00,19,14,5
2/23/2014 7:00,44,39,5
2/23/2014 8:00,55,42,13
2/23/2014 9:00,48,32,16
2/23/2014 10:00,67,42,25
2/23/2014 11:00,42,24,18
2/23/2014 12:00,73,38,35
2/23/2014 13:00,65,24,41
2/23/2014 14:00,69,29,40
2/23/2014 15:00,43,21,22
2/23/2014 16:00,31,10,21
2/23/2014 17:00,28,16,12
2/23/2014 18:00,10,5,5
2/23/2014 19:00,13,7,6
2/23/2014 20:00,17,8,9
2/23/2014 21:00,12,5,7
2/23/2014 22:00,12,6,6
2/23/2014 23:00,13,7,6
2/24/2014 0:00,4,2,2
2/24/2014 1:00,0,0,0
2/24/2014 2:00,1,0,1
2/24/2014 3:00,1,1,0
2/24/2014 4:00,3,2,1
2/24/2014 5:00,17,14,3
2/24/2014 6:00,72,45,27
2/24/2014 7:00,160,120,40
2/24/2014 8:00,240,183,57
2/24/2014 9:00,146,86,60
2/24/2014 10:00,44,23,21
2/24/2014 11:00,28,19,9
2/24/2014 12:00,19,10,9
2/24/2014 13:00,25,16,9
2/24/2014 14:00,32,15,17
2/24/2014 15:00,53,26,27
2/24/2014 16:00,95,31,64
2/24/2014 17:00,242,72,170
2/24/2014 18:00,191,67,124
2/24/2014 19:00,90,32,58
2/24/2014 20:00,43,15,28
2/24/2014 21:00,19,10,9
2/24/2014 22:00,22,11,11
2/24/2014 23:00,10,4,6
2/25/2014 0:00,6,4,2
2/25/2014 1:00,0,0,0
2/25/2014 2:00,2,2,0
2/25/2014 3:00,1,1,0
2/25/2014 4:00,2,1,1
2/25/2014 5:00,24,19,5
2/25/2014 6:00,73,46,27
2/25/2014 7:00,229,167,62
2/25/2014 8:00,367,256,111
2/25/2014 9:00,216,139,77
2/25/2014 10:00,87,59,28
2/25/2014 11:00,51,19,32
2/25/2014 12:00,66,37,29
2/25/2014 13:00,62,32,30
2/25/2014 14:00,72,32,40
2/25/2014 15:00,128,64,64
2/25/2014 16:00,176,75,101
2/25/2014 17:00,396,134,262
2/25/2014 18:00,313,115,198
2/25/2014 19:00,135,56,79
2/25/2014 20:00,68,27,41
2/25/2014 21:00,43,22,21
2/25/2014 22:00,30,9,21
2/25/2014 23:00,16,5,11
2/26/2014 0:00,5,2,3
2/26/2014 1:00,1,1,0
2/26/2014 2:00,6,2,4
2/26/2014 3:00,3,1,2
2/26/2014 4:00,4,3,1
2/26/2014 5:00,17,11,6
2/26/2014 6:00,79,58,21
2/26/2014 7:00,250,184,66
2/26/2014 8:00,375,251,124
2/26/2014 9:00,263,159,104
2/26/2014 10:00,90,58,32
2/26/2014 11:00,77,43,34
2/26/2014 12:00,110,62,48
2/26/2014 13:00,100,47,53
2/26/2014 14:00,98,51,47
2/26/2014 15:00,140,80,60
2/26/2014 16:00,223,99,124
2/26/2014 17:00,451,157,294
2/26/2014 18:00,319,115,204
2/26/2014 19:00,153,52,101
2/26/2014 20:00,83,26,57
2/26/2014 21:00,49,18,31
2/26/2014 22:00,40,22,18
2/26/2014 23:00,24,8,16
2/27/2014 0:00,11,7,4
2/27/2014 1:00,5,1,4
2/27/2014 2:00,1,0,1
2/27/2014 3:00,3,3,0
2/27/2014 4:00,3,2,1
2/27/2014 5:00,26,21,5
2/27/2014 6:00,91,67,24
2/27/2014 7:00,231,170,61
2/27/2014 8:00,347,246,101
2/27/2014 9:00,216,137,79
2/27/2014 10:00,113,71,42
2/27/2014 11:00,76,39,37
2/27/2014 12:00,90,60,30
2/27/2014 13:00,91,55,36
2/27/2014 14:00,85,41,44
2/27/2014 15:00,127,57,70
2/27/2014 16:00,200,98,102
2/27/2014 17:00,355,118,237
2/27/2014 18:00,300,102,198
2/27/2014 19:00,144,52,92
2/27/2014 20:00,75,28,47
2/27/2014 21:00,56,27,29
2/27/2014 22:00,31,12,19
2/27/2014 23:00,44,30,14
2/28/2014 0:00,21,13,8
2/28/2014 1:00,5,2,3
2/28/2014 2:00,7,4,3
2/28/2014 3:00,1,0,1
2/28/2014 4:00,7,6,1
2/28/2014 5:00,16,15,1
2/28/2014 6:00,78,47,31
2/28/2014 7:00,187,138,49
2/28/2014 8:00,354,258,96
2/28/2014 9:00,245,156,89
2/28/2014 10:00,113,60,53
2/28/2014 11:00,101,62,39
2/28/2014 12:00,109,54,55
2/28/2014 13:00,101,51,50
2/28/2014 14:00,119,60,59
2/28/2014 15:00,149,79,70
2/28/2014 16:00,237,104,133
2/28/2014 17:00,395,143,252
2/28/2014 18:00,314,111,203
2/28/2014 19:00,108,45,63
2/28/2014 20:00,65,18,47
2/28/2014 21:00,35,15,20
2/28/2014 22:00,34,17,17
2/28/2014 23:00,28,10,18
3/1/2014 0:00,21,10,11
3/1/2014 1:00,6,2,4
3/1/2014 2:00,2,0,2
3/1/2014 3:00,1,0,1
3/1/2014 4:00,1,1,0
3/1/2014 5:00,3,3,0
3/1/2014 6:00,13,4,9
3/1/2014 7:00,16,13,3
3/1/2014 8:00,58,34,24
3/1/2014 9:00,86,56,30
3/1/2014 10:00,111,85,26
3/1/2014 11:00,114,83,31
3/1/2014 12:00,99,59,40
3/1/2014 13:00,57,44,13
3/1/2014 14:00,83,43,40
3/1/2014 15:00,56,34,22
3/1/2014 16:00,72,35,37
3/1/2014 17:00,41,26,15
3/1/2014 18:00,43,21,22
3/1/2014 19:00,32,7,25
3/1/2014 20:00,23,3,20
3/1/2014 21:00,17,3,14
3/1/2014 22:00,19,10,9
3/1/2014 23:00,15,12,3
3/2/2014 0:00,8,5,3
3/2/2014 1:00,2,1,1
3/2/2014 2:00,5,1,4
3/2/2014 3:00,3,1,2
3/2/2014 4:00,1,1,0
3/2/2014 5:00,3,2,1
3/2/2014 6:00,12,7,5
3/2/2014 7:00,8,3,5
3/2/2014 8:00,19,9,10
3/2/2014 9:00,54,29,25
3/2/2014 10:00,57,41,16
3/2/2014 11:00,41,27,14
3/2/2014 12:00,34,26,8
3/2/2014 13:00,28,6,22
3/2/2014 14:00,23,19,4
3/2/2014 15:00,34,20,14
3/2/2014 16:00,33,16,17
3/2/2014 17:00,22,11,11
3/2/2014 18:00,13,6,7
3/2/2014 19:00,9,4,5
3/2/2014 20:00,10,5,5
3/2/2014 21:00,3,1,2
3/2/2014 22:00,5,1,4
3/2/2014 23:00,4,2,2
3/3/2014 0:00,2,1,1
3/3/2014 1:00,0,0,0
3/3/2014 2:00,0,0,0
3/3/2014 3:00,2,2,0
3/3/2014 4:00,2,1,1
3/3/2014 5:00,15,13,2
3/3/2014 6:00,61,41,20
3/3/2014 7:00,152,104,48
3/3/2014 8:00,205,139,66
3/3/2014 9:00,130,94,36
3/3/2014 10:00,55,32,23
3/3/2014 11:00,21,12,9
3/3/2014 12:00,29,21,8
3/3/2014 13:00,50,28,22
3/3/2014 14:00,57,25,32
3/3/2014 15:00,73,44,29
3/3/2014 16:00,137,62,75
3/3/2014 17:00,263,99,164
3/3/2014 18:00,238,93,145
3/3/2014 19:00,105,42,63
3/3/2014 20:00,46,17,29
3/3/2014 21:00,26,12,14
3/3/2014 22:00,35,16,19
3/3/2014 23:00,16,5,11
3/4/2014 0:00,4,2,2
3/4/2014 1:00,2,2,0
3/4/2014 2:00,3,2,1
3/4/2014 3:00,2,2,0
3/4/2014 4:00,2,0,2
3/4/2014 5:00,21,16,5
3/4/2014 6:00,81,55,26
3/4/2014 7:00,191,137,54
3/4/2014 8:00,339,240,99
3/4/2014 9:00,186,117,69
3/4/2014 10:00,60,42,18
3/4/2014 11:00,44,28,16
3/4/2014 12:00,54,35,19
3/4/2014 13:00,39,21,18
3/4/2014 14:00,54,30,24
3/4/2014 15:00,80,35,45
3/4/2014 16:00,139,59,80
3/4/2014 17:00,326,91,235
3/4/2014 18:00,235,78,157
3/4/2014 19:00,91,31,60
3/4/2014 20:00,43,11,32
3/4/2014 21:00,26,10,16
3/4/2014 22:00,14,4,10
3/4/2014 23:00,17,7,10
3/5/2014 0:00,9,2,7
3/5/2014 1:00,3,2,1
3/5/2014 2:00,5,3,2
3/5/2014 3:00,3,2,1
3/5/2014 4:00,4,2,2
3/5/2014 5:00,8,6,2
3/5/2014 6:00,53,39,14
3/5/2014 7:00,141,99,42
3/5/2014 8:00,259,182,77
3/5/2014 9:00,188,123,65
3/5/2014 10:00,63,36,27
3/5/2014 11:00,66,36,30
3/5/2014 12:00,62,42,20
3/5/2014 13:00,71,44,27
3/5/2014 14:00,80,41,39
3/5/2014 15:00,64,30,34
3/5/2014 16:00,117,46,71
3/5/2014 17:00,257,84,173
3/5/2014 18:00,211,60,151
3/5/2014 19:00,87,25,62
3/5/2014 20:00,46,15,31
3/5/2014 21:00,27,14,13
3/5/2014 22:00,29,11,18
3/5/2014 23:00,21,10,11
3/6/2014 0:00,5,3,2
3/6/2014 1:00,2,1,1
3/6/2014 2:00,2,1,1
3/6/2014 3:00,1,1,0
3/6/2014 4:00,5,5,0
3/6/2014 5:00,14,12,2
3/6/2014 6:00,56,38,18
3/6/2014 7:00,142,95,47
3/6/2014 8:00,245,178,67
3/6/2014 9:00,153,100,53
3/6/2014 10:00,87,59,28
3/6/2014 11:00,46,27,19
3/6/2014 12:00,41,22,19
3/6/2014 13:00,39,20,19
3/6/2014 14:00,43,18,25
3/6/2014 15:00,81,41,40
3/6/2014 16:00,126,53,73
3/6/2014 17:00,254,75,179
3/6/2014 18:00,200,76,124
3/6/2014 19:00,117,44,73
3/6/2014 20:00,53,17,36
3/6/2014 21:00,34,17,17
3/6/2014 22:00,28,10,18
3/6/2014 23:00,27,8,19
3/7/2014 0:00,13,9,4
3/7/2014 1:00,7,4,3
3/7/2014 2:00,1,0,1
3/7/2014 3:00,4,1,3
3/7/2014 4:00,4,4,0
3/7/2014 5:00,19,13,6
3/7/2014 6:00,89,55,34
3/7/2014 7:00,173,120,53
3/7/2014 8:00,332,244,88
3/7/2014 9:00,210,136,74
3/7/2014 10:00,89,55,34
3/7/2014 11:00,63,38,25
3/7/2014 12:00,74,35,39
3/7/2014 13:00,101,57,44
3/7/2014 14:00,105,47,58
3/7/2014 15:00,147,69,78
3/7/2014 16:00,220,93,127
3/7/2014 17:00,370,114,256
3/7/2014 18:00,258,96,162
3/7/2014 19:00,112,55,57
3/7/2014 20:00,60,23,37
3/7/2014 21:00,42,14,28
3/7/2014 22:00,36,14,22
3/7/2014 23:00,31,15,16
3/8/2014 0:00,22,10,12
3/8/2014 1:00,17,10,7
3/8/2014 2:00,6,1,5
3/8/2014 3:00,2,1,1
3/8/2014 4:00,3,0,3
3/8/2014 5:00,4,3,1
3/8/2014 6:00,20,11,9
3/8/2014 7:00,31,12,19
3/8/2014 8:00,78,37,41
3/8/2014 9:00,91,52,39
3/8/2014 10:00,99,60,39
3/8/2014 11:00,79,49,30
3/8/2014 12:00,51,24,27
3/8/2014 13:00,35,16,19
3/8/2014 14:00,35,14,21
3/8/2014 15:00,29,17,12
3/8/2014 16:00,26,11,15
3/8/2014 17:00,22,14,8
3/8/2014 18:00,21,12,9
3/8/2014 19:00,12,5,7
3/8/2014 20:00,19,7,12
3/8/2014 21:00,8,5,3
3/8/2014 22:00,6,3,3
3/8/2014 23:00,10,6,4
3/9/2014 0:00,6,1,5
3/9/2014 1:00,0,0,0
3/9/2014 2:00,,,
3/9/2014 3:00,0,0,0
3/9/2014 4:00,4,2,2
3/9/2014 5:00,3,1,2
3/9/2014 6:00,4,3,1
3/9/2014 7:00,7,4,3
3/9/2014 8:00,15,9,6
3/9/2014 9:00,31,20,11
3/9/2014 10:00,37,29,8
3/9/2014 11:00,51,18,33
3/9/2014 12:00,68,40,28
3/9/2014 13:00,101,60,41
3/9/2014 14:00,145,83,62
3/9/2014 15:00,186,106,80
3/9/2014 16:00,171,97,74
3/9/2014 17:00,136,73,63
3/9/2014 18:00,78,50,28
3/9/2014 19:00,36,24,12
3/9/2014 20:00,31,15,16
3/9/2014 21:00,15,9,6
3/9/2014 22:00,12,1,11
3/9/2014 23:00,5,3,2
3/10/2014 0:00,7,3,4
3/10/2014 1:00,2,1,1
3/10/2014 2:00,0,0,0
3/10/2014 3:00,2,1,1
3/10/2014 4:00,1,0,1
3/10/2014 5:00,13,10,3
3/10/2014 6:00,68,48,20
3/10/2014 7:00,193,137,56
3/10/2014 8:00,279,195,84
3/10/2014 9:00,220,137,83
3/10/2014 10:00,103,63,40
3/10/2014 11:00,45,26,19
3/10/2014 12:00,50,26,24
3/10/2014 13:00,37,21,16
3/10/2014 14:00,52,24,28
3/10/2014 15:00,73,32,41
3/10/2014 16:00,143,58,85
3/10/2014 17:00,325,90,235
3/10/2014 18:00,285,101,184
3/10/2014 19:00,116,36,80
3/10/2014 20:00,55,25,30
3/10/2014 21:00,38,19,19
3/10/2014 22:00,21,8,13
3/10/2014 23:00,17,6,11
3/11/2014 0:00,5,3,2
3/11/2014 1:00,3,1,2
3/11/2014 2:00,1,1,0
3/11/2014 3:00,0,0,0
3/11/2014 4:00,3,2,1
3/11/2014 5:00,20,16,4
3/11/2014 6:00,99,68,31
3/11/2014 7:00,266,193,73
3/11/2014 8:00,417,298,119
3/11/2014 9:00,309,201,108
3/11/2014 10:00,109,72,37
3/11/2014 11:00,59,35,24
3/11/2014 12:00,107,66,41
3/11/2014 13:00,92,52,40
3/11/2014 14:00,100,60,40
3/11/2014 15:00,159,82,77
3/11/2014 16:00,254,98,156
3/11/2014 17:00,507,159,348
3/11/2014 18:00,474,164,310
3/11/2014 19:00,213,96,117
3/11/2014 20:00,107,47,60
3/11/2014 21:00,56,21,35
3/11/2014 22:00,38,16,22
3/11/2014 23:00,18,8,10
3/12/2014 0:00,8,4,4
3/12/2014 1:00,3,1,2
3/12/2014 2:00,4,3,1
3/12/2014 3:00,1,0,1
3/12/2014 4:00,3,0,3
3/12/2014 5:00,23,16,7
3/12/2014 6:00,95,66,29
3/12/2014 7:00,254,193,61
3/12/2014 8:00,425,303,122
3/12/2014 9:00,338,222,116
3/12/2014 10:00,131,70,61
3/12/2014 11:00,88,56,32
3/12/2014 12:00,96,58,38
3/12/2014 13:00,116,63,53
3/12/2014 14:00,127,67,60
3/12/2014 15:00,157,80,77
3/12/2014 16:00,251,114,137
3/12/2014 17:00,562,179,383
3/12/2014 18:00,476,184,292
3/12/2014 19:00,244,109,135
3/12/2014 20:00,128,58,70
3/12/2014 21:00,63,27,36
3/12/2014 22:00,56,29,27
3/12/2014 23:00,16,10,6
3/13/2014 0:00,10,7,3
3/13/2014 1:00,2,0,2
3/13/2014 2:00,6,3,3
3/13/2014 3:00,1,1,0
3/13/2014 4:00,9,6,3
3/13/2014 5:00,25,20,5
3/13/2014 6:00,94,63,31
3/13/2014 7:00,253,178,75
3/13/2014 8:00,423,303,120
3/13/2014 9:00,287,182,105
3/13/2014 10:00,105,50,55
3/13/2014 11:00,85,50,35
3/13/2014 12:00,104,69,35
3/13/2014 13:00,101,48,53
3/13/2014 14:00,98,52,46
3/13/2014 15:00,157,81,76
3/13/2014 16:00,255,96,159
3/13/2014 17:00,431,144,287
3/13/2014 18:00,479,173,306
3/13/2014 19:00,184,92,92
3/13/2014 20:00,85,30,55
3/13/2014 21:00,65,23,42
3/13/2014 22:00,33,14,19
3/13/2014 23:00,21,9,12
3/14/2014 0:00,5,1,4
3/14/2014 1:00,10,2,8
3/14/2014 2:00,3,1,2
3/14/2014 3:00,4,2,2
3/14/2014 4:00,4,2,2
3/14/2014 5:00,21,16,5
3/14/2014 6:00,74,49,25
3/14/2014 7:00,129,88,41
3/14/2014 8:00,270,191,79
3/14/2014 9:00,189,125,64
3/14/2014 10:00,83,50,33
3/14/2014 11:00,55,40,15
3/14/2014 12:00,59,33,26
3/14/2014 13:00,80,40,40
3/14/2014 14:00,89,48,41
3/14/2014 15:00,117,63,54
3/14/2014 16:00,167,70,97
3/14/2014 17:00,331,113,218
3/14/2014 18:00,232,88,144
3/14/2014 19:00,150,56,94
3/14/2014 20:00,60,15,45
3/14/2014 21:00,31,13,18
3/14/2014 22:00,25,11,14
3/14/2014 23:00,28,12,16
3/15/2014 0:00,11,5,6
3/15/2014 1:00,11,5,6
3/15/2014 2:00,9,4,5
3/15/2014 3:00,4,1,3
3/15/2014 4:00,2,1,1
3/15/2014 5:00,5,3,2
3/15/2014 6:00,16,7,9
3/15/2014 7:00,29,14,15
3/15/2014 8:00,49,29,20
3/15/2014 9:00,80,47,33
3/15/2014 10:00,96,57,39
3/15/2014 11:00,91,53,38
3/15/2014 12:00,86,47,39
3/15/2014 13:00,90,53,37
3/15/2014 14:00,129,72,57
3/15/2014 15:00,97,42,55
3/15/2014 16:00,126,64,62
3/15/2014 17:00,93,54,39
3/15/2014 18:00,57,30,27
3/15/2014 19:00,28,15,13
3/15/2014 20:00,27,10,17
3/15/2014 21:00,12,5,7
3/15/2014 22:00,13,7,6
3/15/2014 23:00,16,9,7
3/16/2014 0:00,14,5,9
3/16/2014 1:00,8,4,4
3/16/2014 2:00,5,2,3
3/16/2014 3:00,2,1,1
3/16/2014 4:00,1,1,0
3/16/2014 5:00,6,4,2
3/16/2014 6:00,8,4,4
3/16/2014 7:00,12,6,6
3/16/2014 8:00,14,8,6
3/16/2014 9:00,24,16,8
3/16/2014 10:00,28,17,11
3/16/2014 11:00,26,16,10
3/16/2014 12:00,27,17,10
3/16/2014 13:00,31,17,14
3/16/2014 14:00,14,11,3
3/16/2014 15:00,30,17,13
3/16/2014 16:00,45,28,17
3/16/2014 17:00,27,13,14
3/16/2014 18:00,14,10,4
3/16/2014 19:00,7,4,3
3/16/2014 20:00,16,4,12
3/16/2014 21:00,7,7,0
3/16/2014 22:00,6,1,5
3/16/2014 23:00,3,2,1
3/17/2014 0:00,4,0,4
3/17/2014 1:00,5,3,2
3/17/2014 2:00,1,1,0
3/17/2014 3:00,3,3,0
3/17/2014 4:00,3,2,1
3/17/2014 5:00,17,14,3
3/17/2014 6:00,84,52,32
3/17/2014 7:00,198,150,48
3/17/2014 8:00,377,267,110
3/17/2014 9:00,269,181,88
3/17/2014 10:00,112,66,46
3/17/2014 11:00,94,52,42
3/17/2014 12:00,92,51,41
3/17/2014 13:00,99,47,52
3/17/2014 14:00,80,39,41
3/17/2014 15:00,116,54,62
3/17/2014 16:00,171,55,116
3/17/2014 17:00,404,116,288
3/17/2014 18:00,380,127,253
3/17/2014 19:00,136,48,88
3/17/2014 20:00,72,30,42
3/17/2014 21:00,40,15,25
3/17/2014 22:00,30,12,18
3/17/2014 23:00,22,10,12
3/18/2014 0:00,6,2,4
3/18/2014 1:00,8,6,2
3/18/2014 2:00,2,1,1
3/18/2014 3:00,1,0,1
3/18/2014 4:00,5,4,1
3/18/2014 5:00,19,15,4
3/18/2014 6:00,112,81,31
3/18/2014 7:00,232,160,72
3/18/2014 8:00,391,273,118
3/18/2014 9:00,245,155,90
3/18/2014 10:00,128,85,43
3/18/2014 11:00,50,27,23
3/18/2014 12:00,63,34,29
3/18/2014 13:00,57,33,24
3/18/2014 14:00,80,48,32
3/18/2014 15:00,114,45,69
3/18/2014 16:00,172,80,92
3/18/2014 17:00,383,113,270
3/18/2014 18:00,388,122,266
3/18/2014 19:00,178,61,117
3/18/2014 20:00,71,23,48
3/18/2014 21:00,43,26,17
3/18/2014 22:00,36,16,20
3/18/2014 23:00,18,9,9
3/19/2014 0:00,6,5,1
3/19/2014 1:00,6,0,6
3/19/2014 2:00,2,2,0
3/19/2014 3:00,2,1,1
3/19/2014 4:00,4,3,1
3/19/2014 5:00,14,12,2
3/19/2014 6:00,81,57,24
3/19/2014 7:00,171,122,49
3/19/2014 8:00,293,205,88
3/19/2014 9:00,226,137,89
3/19/2014 10:00,98,59,39
3/19/2014 11:00,55,35,20
3/19/2014 12:00,57,31,26
3/19/2014 13:00,46,26,20
3/19/2014 14:00,55,29,26
3/19/2014 15:00,72,34,38
3/19/2014 16:00,134,54,80
3/19/2014 17:00,310,108,202
3/19/2014 18:00,302,85,217
3/19/2014 19:00,126,50,76
3/19/2014 20:00,56,19,37
3/19/2014 21:00,38,18,20
3/19/2014 22:00,21,7,14
3/19/2014 23:00,17,10,7
3/20/2014 0:00,1,0,1
3/20/2014 1:00,3,2,1
3/20/2014 2:00,0,0,0
3/20/2014 3:00,2,2,0
3/20/2014 4:00,5,3,2
3/20/2014 5:00,19,12,7
3/20/2014 6:00,80,56,24
3/20/2014 7:00,205,150,55
3/20/2014 8:00,306,225,81
3/20/2014 9:00,241,160,81
3/20/2014 10:00,101,68,33
3/20/2014 11:00,70,42,28
3/20/2014 12:00,57,33,24
3/20/2014 13:00,66,39,27
3/20/2014 14:00,104,63,41
3/20/2014 15:00,137,73,64
3/20/2014 16:00,190,104,86
3/20/2014 17:00,400,133,267
3/20/2014 18:00,339,127,212
3/20/2014 19:00,165,60,105
3/20/2014 20:00,82,38,44
3/20/2014 21:00,51,19,32
3/20/2014 22:00,40,15,25
3/20/2014 23:00,27,13,14
3/21/2014 0:00,16,11,5
3/21/2014 1:00,7,3,4
3/21/2014 2:00,4,1,3
3/21/2014 3:00,4,2,2
3/21/2014 4:00,6,3,3
3/21/2014 5:00,15,10,5
3/21/2014 6:00,70,47,23
3/21/2014 7:00,202,138,64
3/21/2014 8:00,340,253,87
3/21/2014 9:00,229,142,87
3/21/2014 10:00,110,64,46
3/21/2014 11:00,62,39,23
3/21/2014 12:00,71,48,23
3/21/2014 13:00,98,45,53
3/21/2014 14:00,116,64,52
3/21/2014 15:00,139,62,77
3/21/2014 16:00,207,79,128
3/21/2014 17:00,389,128,261
3/21/2014 18:00,283,103,180
3/21/2014 19:00,134,47,87
3/21/2014 20:00,70,27,43
3/21/2014 21:00,25,10,15
3/21/2014 22:00,24,9,15
3/21/2014 23:00,31,10,21
3/22/2014 0:00,16,5,11
3/22/2014 1:00,9,5,4
3/22/2014 2:00,4,3,1
3/22/2014 3:00,3,2,1
3/22/2014 4:00,1,1,0
3/22/2014 5:00,7,2,5
3/22/2014 6:00,14,9,5
3/22/2014 7:00,45,23,22
3/22/2014 8:00,59,21,38
3/22/2014 9:00,89,44,45
3/22/2014 10:00,112,77,35
3/22/2014 11:00,147,90,57
3/22/2014 12:00,156,78,78
3/22/2014 13:00,125,73,52
3/22/2014 14:00,137,78,59
3/22/2014 15:00,126,67,59
3/22/2014 16:00,133,64,69
3/22/2014 17:00,100,43,57
3/22/2014 18:00,83,46,37
3/22/2014 19:00,53,28,25
3/22/2014 20:00,34,13,21
3/22/2014 21:00,19,5,14
3/22/2014 22:00,18,7,11
3/22/2014 23:00,14,10,4
3/23/2014 0:00,13,6,7
3/23/2014 1:00,6,2,4
3/23/2014 2:00,5,1,4
3/23/2014 3:00,4,1,3
3/23/2014 4:00,2,0,2
3/23/2014 5:00,5,2,3
3/23/2014 6:00,8,2,6
3/23/2014 7:00,23,14,9
3/23/2014 8:00,54,28,26
3/23/2014 9:00,72,43,29
3/23/2014 10:00,90,47,43
3/23/2014 11:00,147,88,59
3/23/2014 12:00,220,123,97
3/23/2014 13:00,204,123,81
3/23/2014 14:00,191,107,84
3/23/2014 15:00,259,140,119
3/23/2014 16:00,232,132,100
3/23/2014 17:00,178,83,95
3/23/2014 18:00,106,61,45
3/23/2014 19:00,61,37,24
3/23/2014 20:00,31,12,19
3/23/2014 21:00,19,8,11
3/23/2014 22:00,19,9,10
3/23/2014 23:00,14,6,8
3/24/2014 0:00,15,3,12
3/24/2014 1:00,3,2,1
3/24/2014 2:00,0,0,0
3/24/2014 3:00,1,1,0
3/24/2014 4:00,6,3,3
3/24/2014 5:00,23,14,9
3/24/2014 6:00,104,64,40
3/24/2014 7:00,258,199,59
3/24/2014 8:00,485,333,152
3/24/2014 9:00,299,188,111
3/24/2014 10:00,121,75,46
3/24/2014 11:00,91,48,43
3/24/2014 12:00,106,64,42
3/24/2014 13:00,112,66,46
3/24/2014 14:00,108,56,52
3/24/2014 15:00,148,79,69
3/24/2014 16:00,261,115,146
3/24/2014 17:00,585,186,399
3/24/2014 18:00,476,166,310
3/24/2014 19:00,227,91,136
3/24/2014 20:00,75,38,37
3/24/2014 21:00,55,19,36
3/24/2014 22:00,43,18,25
3/24/2014 23:00,34,15,19
3/25/2014 0:00,10,5,5
3/25/2014 1:00,11,3,8
3/25/2014 2:00,6,3,3
3/25/2014 3:00,1,0,1
3/25/2014 4:00,6,3,3
3/25/2014 5:00,21,15,6
3/25/2014 6:00,89,57,32
3/25/2014 7:00,222,155,67
3/25/2014 8:00,298,207,91
3/25/2014 9:00,190,122,68
3/25/2014 10:00,80,49,31
3/25/2014 11:00,37,17,20
3/25/2014 12:00,34,14,20
3/25/2014 13:00,34,18,16
3/25/2014 14:00,42,15,27
3/25/2014 15:00,71,27,44
3/25/2014 16:00,116,41,75
3/25/2014 17:00,327,103,224
3/25/2014 18:00,263,91,172
3/25/2014 19:00,93,31,62
3/25/2014 20:00,60,21,39
3/25/2014 21:00,34,14,20
3/25/2014 22:00,21,11,10
3/25/2014 23:00,21,9,12
3/26/2014 0:00,9,2,7
3/26/2014 1:00,7,5,2
3/26/2014 2:00,3,1,2
3/26/2014 3:00,3,1,2
3/26/2014 4:00,2,1,1
3/26/2014 5:00,17,11,6
3/26/2014 6:00,75,57,18
3/26/2014 7:00,214,153,61
3/26/2014 8:00,358,249,109
3/26/2014 9:00,239,150,89
3/26/2014 10:00,80,51,29
3/26/2014 11:00,47,27,20
3/26/2014 12:00,45,17,28
3/26/2014 13:00,60,37,23
3/26/2014 14:00,65,32,33
3/26/2014 15:00,88,40,48
3/26/2014 16:00,138,60,78
3/26/2014 17:00,332,77,255
3/26/2014 18:00,291,86,205
3/26/2014 19:00,128,48,80
3/26/2014 20:00,58,18,40
3/26/2014 21:00,27,13,14
3/26/2014 22:00,28,11,17
3/26/2014 23:00,32,20,12
3/27/2014 0:00,9,4,5
3/27/2014 1:00,8,1,7
3/27/2014 2:00,3,2,1
3/27/2014 3:00,4,2,2
3/27/2014 4:00,5,3,2
3/27/2014 5:00,24,20,4
3/27/2014 6:00,73,54,19
3/27/2014 7:00,180,142,38
3/27/2014 8:00,314,240,74
3/27/2014 9:00,180,111,69
3/27/2014 10:00,75,48,27
3/27/2014 11:00,53,31,22
3/27/2014 12:00,44,21,23
3/27/2014 13:00,57,32,25
3/27/2014 14:00,81,44,37
3/27/2014 15:00,60,35,25
3/27/2014 16:00,179,66,113
3/27/2014 17:00,366,138,228
3/27/2014 18:00,282,99,183
3/27/2014 19:00,152,57,95
3/27/2014 20:00,85,39,46
3/27/2014 21:00,49,23,26
3/27/2014 22:00,46,16,30
3/27/2014 23:00,28,11,17
3/28/2014 0:00,11,3,8
3/28/2014 1:00,12,4,8
3/28/2014 2:00,5,1,4
3/28/2014 3:00,5,2,3
3/28/2014 4:00,6,2,4
3/28/2014 5:00,20,13,7
3/28/2014 6:00,70,47,23
3/28/2014 7:00,129,96,33
3/28/2014 8:00,170,123,47
3/28/2014 9:00,159,95,64
3/28/2014 10:00,51,37,14
3/28/2014 11:00,38,24,14
3/28/2014 12:00,29,15,14
3/28/2014 13:00,37,22,15
3/28/2014 14:00,39,17,22
3/28/2014 15:00,53,23,30
3/28/2014 16:00,114,45,69
3/28/2014 17:00,222,75,147
3/28/2014 18:00,163,54,109
3/28/2014 19:00,85,34,51
3/28/2014 20:00,48,22,26
3/28/2014 21:00,20,8,12
3/28/2014 22:00,23,10,13
3/28/2014 23:00,16,7,9
3/29/2014 0:00,11,7,4
3/29/2014 1:00,7,1,6
3/29/2014 2:00,2,1,1
3/29/2014 3:00,2,1,1
3/29/2014 4:00,2,0,2
3/29/2014 5:00,7,3,4
3/29/2014 6:00,16,10,6
3/29/2014 7:00,9,6,3
3/29/2014 8:00,25,14,11
3/29/2014 9:00,31,17,14
3/29/2014 10:00,31,19,12
3/29/2014 11:00,44,23,21
3/29/2014 12:00,56,35,21
3/29/2014 13:00,50,18,32
3/29/2014 14:00,46,26,20
3/29/2014 15:00,51,29,22
3/29/2014 16:00,46,24,22
3/29/2014 17:00,34,25,9
3/29/2014 18:00,24,12,12
3/29/2014 19:00,19,12,7
3/29/2014 20:00,18,7,11
3/29/2014 21:00,14,4,10
3/29/2014 22:00,11,7,4
3/29/2014 23:00,15,12,3
3/30/2014 0:00,7,6,1
3/30/2014 1:00,5,1,4
3/30/2014 2:00,3,2,1
3/30/2014 3:00,1,0,1
3/30/2014 4:00,4,2,2
3/30/2014 5:00,5,2,3
3/30/2014 6:00,7,5,2
3/30/2014 7:00,18,9,9
3/30/2014 8:00,41,25,16
3/30/2014 9:00,52,31,21
3/30/2014 10:00,65,45,20
3/30/2014 11:00,81,49,32
3/30/2014 12:00,102,73,29
3/30/2014 13:00,128,83,45
3/30/2014 14:00,149,84,65
3/30/2014 15:00,164,97,67
3/30/2014 16:00,198,102,96
3/30/2014 17:00,107,67,40
3/30/2014 18:00,77,40,37
3/30/2014 19:00,35,23,12
3/30/2014 20:00,29,14,15
3/30/2014 21:00,14,7,7
3/30/2014 22:00,17,7,10
3/30/2014 23:00,11,4,7
3/31/2014 0:00,5,2,3
3/31/2014 1:00,3,1,2
3/31/2014 2:00,3,2,1
3/31/2014 3:00,2,1,1
3/31/2014 4:00,4,2,2
3/31/2014 5:00,20,15,5
3/31/2014 6:00,99,65,34
3/31/2014 7:00,276,197,79
3/31/2014 8:00,469,319,150
3/31/2014 9:00,296,193,103
3/31/2014 10:00,97,57,40
3/31/2014 11:00,76,45,31
3/31/2014 12:00,99,47,52
3/31/2014 13:00,100,53,47
3/31/2014 14:00,100,39,61
3/31/2014 15:00,129,52,77
3/31/2014 16:00,246,94,152
3/31/2014 17:00,559,200,359
3/31/2014 18:00,427,145,282
3/31/2014 19:00,229,98,131
3/31/2014 20:00,96,38,58
3/31/2014 21:00,50,25,25
3/31/2014 22:00,29,12,17
3/31/2014 23:00,22,10,12
4/1/2014 0:00,18,5,13
4/1/2014 1:00,3,0,3
4/1/2014 2:00,8,0,8
4/1/2014 3:00,1,1,0
4/1/2014 4:00,2,1,1
4/1/2014 5:00,23,14,9
4/1/2014 6:00,122,92,30
4/1/2014 7:00,330,245,85
4/1/2014 8:00,478,344,134
4/1/2014 9:00,294,194,100
4/1/2014 10:00,118,62,56
4/1/2014 11:00,80,48,32
4/1/2014 12:00,68,41,27
4/1/2014 13:00,89,48,41
4/1/2014 14:00,105,54,51
4/1/2014 15:00,170,80,90
4/1/2014 16:00,261,93,168
4/1/2014 17:00,601,206,395
4/1/2014 18:00,509,179,330
4/1/2014 19:00,241,99,142
4/1/2014 20:00,124,59,65
4/1/2014 21:00,70,35,35
4/1/2014 22:00,42,18,24
4/1/2014 23:00,34,18,16
4/2/2014 0:00,8,5,3
4/2/2014 1:00,11,8,3
4/2/2014 2:00,3,1,2
4/2/2014 3:00,2,2,0
4/2/2014 4:00,7,5,2
4/2/2014 5:00,25,18,7
4/2/2014 6:00,112,86,26
4/2/2014 7:00,306,223,83
4/2/2014 8:00,474,342,132
4/2/2014 9:00,295,199,96
4/2/2014 10:00,128,75,53
4/2/2014 11:00,66,40,26
4/2/2014 12:00,91,43,48
4/2/2014 13:00,100,57,43
4/2/2014 14:00,113,60,53
4/2/2014 15:00,138,70,68
4/2/2014 16:00,259,100,159
4/2/2014 17:00,576,203,373
4/2/2014 18:00,474,187,287
4/2/2014 19:00,202,85,117
4/2/2014 20:00,133,67,66
4/2/2014 21:00,81,38,43
4/2/2014 22:00,51,20,31
4/2/2014 23:00,17,13,4
4/3/2014 0:00,22,8,14
4/3/2014 1:00,7,3,4
4/3/2014 2:00,2,1,1
4/3/2014 3:00,2,1,1
4/3/2014 4:00,2,1,1
4/3/2014 5:00,18,10,8
4/3/2014 6:00,87,66,21
4/3/2014 7:00,263,189,74
4/3/2014 8:00,344,233,111
4/3/2014 9:00,260,166,94
4/3/2014 10:00,118,64,54
4/3/2014 11:00,87,50,37
4/3/2014 12:00,76,43,33
4/3/2014 13:00,71,39,32
4/3/2014 14:00,77,43,34
4/3/2014 15:00,78,44,34
4/3/2014 16:00,185,66,119
4/3/2014 17:00,295,81,214
4/3/2014 18:00,304,87,217
4/3/2014 19:00,153,58,95
4/3/2014 20:00,67,30,37
4/3/2014 21:00,54,21,33
4/3/2014 22:00,30,11,19
4/3/2014 23:00,21,11,10
4/4/2014 0:00,8,3,5
4/4/2014 1:00,4,2,2
4/4/2014 2:00,3,2,1
4/4/2014 3:00,3,2,1
4/4/2014 4:00,5,1,4
4/4/2014 5:00,18,11,7
4/4/2014 6:00,73,51,22
4/4/2014 7:00,199,143,56
4/4/2014 8:00,356,257,99
4/4/2014 9:00,258,159,99
4/4/2014 10:00,104,55,49
4/4/2014 11:00,81,47,34
4/4/2014 12:00,73,35,38
4/4/2014 13:00,76,40,36
4/4/2014 14:00,108,54,54
4/4/2014 15:00,139,61,78
4/4/2014 16:00,210,91,119
4/4/2014 17:00,414,128,286
4/4/2014 18:00,307,117,190
4/4/2014 19:00,176,73,103
4/4/2014 20:00,78,32,46
4/4/2014 21:00,50,23,27
4/4/2014 22:00,42,15,27
4/4/2014 23:00,32,13,19
4/5/2014 0:00,19,11,8
4/5/2014 1:00,11,7,4
4/5/2014 2:00,14,7,7
4/5/2014 3:00,6,1,5
4/5/2014 4:00,1,1,0
4/5/2014 5:00,8,6,2
4/5/2014 6:00,21,13,8
4/5/2014 7:00,18,8,10
4/5/2014 8:00,58,34,24
4/5/2014 9:00,95,44,51
4/5/2014 10:00,140,84,56
4/5/2014 11:00,85,46,39
4/5/2014 12:00,83,46,37
4/5/2014 13:00,82,47,35
4/5/2014 14:00,81,45,36
4/5/2014 15:00,76,44,32
4/5/2014 16:00,56,26,30
4/5/2014 17:00,44,19,25
4/5/2014 18:00,37,20,17
4/5/2014 19:00,41,23,18
4/5/2014 20:00,24,14,10
4/5/2014 21:00,15,8,7
4/5/2014 22:00,13,6,7
4/5/2014 23:00,16,9,7
4/6/2014 0:00,7,4,3
4/6/2014 1:00,8,4,4
4/6/2014 2:00,2,1,1
4/6/2014 3:00,5,1,4
4/6/2014 4:00,4,3,1
4/6/2014 5:00,8,4,4
4/6/2014 6:00,12,7,5
4/6/2014 7:00,26,19,7
4/6/2014 8:00,51,36,15
4/6/2014 9:00,73,38,35
4/6/2014 10:00,100,65,35
4/6/2014 11:00,113,60,53
4/6/2014 12:00,158,86,72
4/6/2014 13:00,167,87,80
4/6/2014 14:00,194,129,65
4/6/2014 15:00,171,112,59
4/6/2014 16:00,128,68,60
4/6/2014 17:00,104,56,48
4/6/2014 18:00,93,53,40
4/6/2014 19:00,50,24,26
4/6/2014 20:00,27,18,9
4/6/2014 21:00,22,8,14
4/6/2014 22:00,13,7,6
4/6/2014 23:00,7,6,1
4/7/2014 0:00,11,3,8
4/7/2014 1:00,3,1,2
4/7/2014 2:00,1,1,0
4/7/2014 3:00,4,2,2
4/7/2014 4:00,3,3,0
4/7/2014 5:00,32,22,10
4/7/2014 6:00,109,73,36
4/7/2014 7:00,330,251,79
4/7/2014 8:00,506,342,164
4/7/2014 9:00,351,235,116
4/7/2014 10:00,129,75,54
4/7/2014 11:00,120,71,49
4/7/2014 12:00,111,73,38
4/7/2014 13:00,122,62,60
4/7/2014 14:00,145,71,74
4/7/2014 15:00,199,95,104
4/7/2014 16:00,345,140,205
4/7/2014 17:00,705,232,473
4/7/2014 18:00,591,211,380
4/7/2014 19:00,234,105,129
4/7/2014 20:00,125,64,61
4/7/2014 21:00,82,45,37
4/7/2014 22:00,40,16,24
4/7/2014 23:00,21,15,6
4/8/2014 0:00,15,7,8
4/8/2014 1:00,7,2,5
4/8/2014 2:00,2,1,1
4/8/2014 3:00,4,3,1
4/8/2014 4:00,2,1,1
4/8/2014 5:00,27,19,8
4/8/2014 6:00,87,61,26
4/8/2014 7:00,306,212,94
4/8/2014 8:00,451,323,128
4/8/2014 9:00,305,188,117
4/8/2014 10:00,112,62,50
4/8/2014 11:00,68,49,19
4/8/2014 12:00,70,42,28
4/8/2014 13:00,73,38,35
4/8/2014 14:00,67,31,36
4/8/2014 15:00,101,48,53
4/8/2014 16:00,157,54,103
4/8/2014 17:00,341,97,244
4/8/2014 18:00,296,83,213
4/8/2014 19:00,136,45,91
4/8/2014 20:00,71,31,40
4/8/2014 21:00,65,23,42
4/8/2014 22:00,26,11,15
4/8/2014 23:00,17,10,7
4/9/2014 0:00,7,1,6
4/9/2014 1:00,8,3,5
4/9/2014 2:00,1,1,0
4/9/2014 3:00,3,2,1
4/9/2014 4:00,6,4,2
4/9/2014 5:00,26,18,8
4/9/2014 6:00,113,87,26
4/9/2014 7:00,289,206,83
4/9/2014 8:00,472,328,144
4/9/2014 9:00,303,193,110
4/9/2014 10:00,163,102,61
4/9/2014 11:00,97,56,41
4/9/2014 12:00,96,57,39
4/9/2014 13:00,113,60,53
4/9/2014 14:00,91,56,35
4/9/2014 15:00,162,72,90
4/9/2014 16:00,270,111,159
4/9/2014 17:00,583,164,419
4/9/2014 18:00,512,178,334
4/9/2014 19:00,266,101,165
4/9/2014 20:00,116,52,64
4/9/2014 21:00,69,38,31
4/9/2014 22:00,41,19,22
4/9/2014 23:00,21,5,16
4/10/2014 0:00,18,8,10
4/10/2014 1:00,11,3,8
4/10/2014 2:00,5,2,3
4/10/2014 3:00,2,1,1
4/10/2014 4:00,2,1,1
4/10/2014 5:00,29,18,11
4/10/2014 6:00,102,69,33
4/10/2014 7:00,301,232,69
4/10/2014 8:00,502,352,150
4/10/2014 9:00,349,220,129
4/10/2014 10:00,150,96,54
4/10/2014 11:00,113,71,42
4/10/2014 12:00,151,73,78
4/10/2014 13:00,109,58,51
4/10/2014 14:00,127,66,61
4/10/2014 15:00,162,80,82
4/10/2014 16:00,261,101,160
4/10/2014 17:00,502,163,339
4/10/2014 18:00,517,200,317
4/10/2014 19:00,253,103,150
4/10/2014 20:00,118,56,62
4/10/2014 21:00,75,31,44
4/10/2014 22:00,43,14,29
4/10/2014 23:00,38,15,23
4/11/2014 0:00,18,5,13
4/11/2014 1:00,10,4,6
4/11/2014 2:00,8,3,5
4/11/2014 3:00,5,2,3
4/11/2014 4:00,5,4,1
4/11/2014 5:00,30,19,11
4/11/2014 6:00,84,56,28
4/11/2014 7:00,262,194,68
4/11/2014 8:00,438,319,119
4/11/2014 9:00,274,177,97
4/11/2014 10:00,133,70,63
4/11/2014 11:00,102,58,44
4/11/2014 12:00,94,54,40
4/11/2014 13:00,103,58,45
4/11/2014 14:00,120,58,62
4/11/2014 15:00,172,84,88
4/11/2014 16:00,297,111,186
4/11/2014 17:00,524,188,336
4/11/2014 18:00,395,145,250
4/11/2014 19:00,187,73,114
4/11/2014 20:00,73,31,42
4/11/2014 21:00,38,17,21
4/11/2014 22:00,38,14,24
4/11/2014 23:00,25,11,14
4/12/2014 0:00,15,6,9
4/12/2014 1:00,13,8,5
4/12/2014 2:00,13,6,7
4/12/2014 3:00,4,2,2
4/12/2014 4:00,1,0,1
4/12/2014 5:00,6,5,1
4/12/2014 6:00,15,4,11
4/12/2014 7:00,45,27,18
4/12/2014 8:00,89,52,37
4/12/2014 9:00,121,54,67
4/12/2014 10:00,163,91,72
4/12/2014 11:00,121,62,59
4/12/2014 12:00,160,100,60
4/12/2014 13:00,205,121,84
4/12/2014 14:00,183,93,90
4/12/2014 15:00,204,104,100
4/12/2014 16:00,186,98,88
4/12/2014 17:00,189,103,86
4/12/2014 18:00,146,69,77
4/12/2014 19:00,119,63,56
4/12/2014 20:00,48,29,19
4/12/2014 21:00,42,21,21
4/12/2014 22:00,60,32,28
4/12/2014 23:00,37,20,17
4/13/2014 0:00,19,11,8
4/13/2014 1:00,14,5,9
4/13/2014 2:00,14,8,6
4/13/2014 3:00,7,4,3
4/13/2014 4:00,2,0,2
4/13/2014 5:00,5,3,2
4/13/2014 6:00,13,5,8
4/13/2014 7:00,24,14,10
4/13/2014 8:00,66,36,30
4/13/2014 9:00,123,63,60
4/13/2014 10:00,157,100,57
4/13/2014 11:00,180,113,67
4/13/2014 12:00,223,128,95
4/13/2014 13:00,263,131,132
4/13/2014 14:00,304,165,139
4/13/2014 15:00,321,198,123
4/13/2014 16:00,279,156,123
4/13/2014 17:00,221,130,91
4/13/2014 18:00,164,82,82
4/13/2014 19:00,101,55,46
4/13/2014 20:00,66,36,30
4/13/2014 21:00,42,26,16
4/13/2014 22:00,23,6,17
4/13/2014 23:00,16,11,5
4/14/2014 0:00,11,2,9
4/14/2014 1:00,5,3,2
4/14/2014 2:00,3,0,3
4/14/2014 3:00,2,2,0
4/14/2014 4:00,3,3,0
4/14/2014 5:00,33,22,11
4/14/2014 6:00,109,73,36
4/14/2014 7:00,326,257,69
4/14/2014 8:00,518,358,160
4/14/2014 9:00,305,197,108
4/14/2014 10:00,138,82,56
4/14/2014 11:00,112,72,40
4/14/2014 12:00,114,57,57
4/14/2014 13:00,112,54,58
4/14/2014 14:00,135,73,62
4/14/2014 15:00,173,84,89
4/14/2014 16:00,289,106,183
4/14/2014 17:00,601,190,411
4/14/2014 18:00,547,209,338
4/14/2014 19:00,248,115,133
4/14/2014 20:00,96,44,52
4/14/2014 21:00,75,27,48
4/14/2014 22:00,29,8,21
4/14/2014 23:00,22,11,11
4/15/2014 0:00,14,6,8
4/15/2014 1:00,3,2,1
4/15/2014 2:00,5,5,0
4/15/2014 3:00,4,2,2
4/15/2014 4:00,4,4,0
4/15/2014 5:00,29,14,15
4/15/2014 6:00,90,64,26
4/15/2014 7:00,269,211,58
4/15/2014 8:00,430,302,128
4/15/2014 9:00,293,196,97
4/15/2014 10:00,117,56,61
4/15/2014 11:00,91,39,52
4/15/2014 12:00,88,51,37
4/15/2014 13:00,88,52,36
4/15/2014 14:00,94,52,42
4/15/2014 15:00,126,62,64
4/15/2014 16:00,193,78,115
4/15/2014 17:00,455,137,318
4/15/2014 18:00,393,136,257
4/15/2014 19:00,196,82,114
4/15/2014 20:00,100,41,59
4/15/2014 21:00,66,39,27
4/15/2014 22:00,31,12,19
4/15/2014 23:00,27,14,13
4/16/2014 0:00,13,8,5
4/16/2014 1:00,3,2,1
4/16/2014 2:00,7,4,3
4/16/2014 3:00,2,2,0
4/16/2014 4:00,3,0,3
4/16/2014 5:00,21,13,8
4/16/2014 6:00,67,46,21
4/16/2014 7:00,218,152,66
4/16/2014 8:00,289,206,83
4/16/2014 9:00,204,125,79
4/16/2014 10:00,78,49,29
4/16/2014 11:00,48,21,27
4/16/2014 12:00,47,25,22
4/16/2014 13:00,57,35,22
4/16/2014 14:00,58,27,31
4/16/2014 15:00,66,28,38
4/16/2014 16:00,110,44,66
4/16/2014 17:00,321,98,223
4/16/2014 18:00,260,78,182
4/16/2014 19:00,124,63,61
4/16/2014 20:00,51,5,46
4/16/2014 21:00,50,18,32
4/16/2014 22:00,22,12,10
4/16/2014 23:00,14,7,7
4/17/2014 0:00,4,2,2
4/17/2014 1:00,5,3,2
4/17/2014 2:00,0,0,0
4/17/2014 3:00,1,1,0
4/17/2014 4:00,1,1,0
4/17/2014 5:00,17,11,6
4/17/2014 6:00,64,42,22
4/17/2014 7:00,194,135,59
4/17/2014 8:00,244,178,66
4/17/2014 9:00,162,98,64
4/17/2014 10:00,70,46,24
4/17/2014 11:00,30,18,12
4/17/2014 12:00,44,22,22
4/17/2014 13:00,35,16,19
4/17/2014 14:00,44,18,26
4/17/2014 15:00,56,29,27
4/17/2014 16:00,95,39,56
4/17/2014 17:00,237,71,166
4/17/2014 18:00,211,60,151
4/17/2014 19:00,113,43,70
4/17/2014 20:00,58,18,40
4/17/2014 21:00,31,12,19
4/17/2014 22:00,21,14,7
4/17/2014 23:00,13,6,7
4/18/2014 0:00,4,1,3
4/18/2014 1:00,3,1,2
4/18/2014 2:00,2,1,1
4/18/2014 3:00,2,0,2
4/18/2014 4:00,3,1,2
4/18/2014 5:00,20,12,8
4/18/2014 6:00,67,41,26
4/18/2014 7:00,205,148,57
4/18/2014 8:00,353,241,112
4/18/2014 9:00,247,142,105
4/18/2014 10:00,115,69,46
4/18/2014 11:00,105,66,39
4/18/2014 12:00,99,49,50
4/18/2014 13:00,107,61,46
4/18/2014 14:00,126,54,72
4/18/2014 15:00,126,57,69
4/18/2014 16:00,223,88,135
4/18/2014 17:00,393,123,270
4/18/2014 18:00,350,129,221
4/18/2014 19:00,188,91,97
4/18/2014 20:00,98,53,45
4/18/2014 21:00,39,12,27
4/18/2014 22:00,32,16,16
4/18/2014 23:00,23,6,17
4/19/2014 0:00,18,12,6
4/19/2014 1:00,16,11,5
4/19/2014 2:00,6,3,3
4/19/2014 3:00,5,2,3
4/19/2014 4:00,1,1,0
4/19/2014 5:00,6,3,3
4/19/2014 6:00,15,5,10
4/19/2014 7:00,48,23,25
4/19/2014 8:00,58,36,22
4/19/2014 9:00,106,54,52
4/19/2014 10:00,116,77,39
4/19/2014 11:00,102,61,41
4/19/2014 12:00,52,33,19
4/19/2014 13:00,47,15,32
4/19/2014 14:00,32,11,21
4/19/2014 15:00,29,14,15
4/19/2014 16:00,47,20,27
4/19/2014 17:00,29,17,12
4/19/2014 18:00,50,31,19
4/19/2014 19:00,32,12,20
4/19/2014 20:00,36,19,17
4/19/2014 21:00,25,14,11
4/19/2014 22:00,17,6,11
4/19/2014 23:00,13,9,4
4/20/2014 0:00,15,7,8
4/20/2014 1:00,6,1,5
4/20/2014 2:00,4,2,2
4/20/2014 3:00,6,0,6
4/20/2014 4:00,4,3,1
4/20/2014 5:00,6,5,1
4/20/2014 6:00,20,12,8
4/20/2014 7:00,21,11,10
4/20/2014 8:00,38,19,19
4/20/2014 9:00,70,41,29
4/20/2014 10:00,81,41,40
4/20/2014 11:00,129,60,69
4/20/2014 12:00,142,82,60
4/20/2014 13:00,201,94,107
4/20/2014 14:00,186,97,89
4/20/2014 15:00,194,102,92
4/20/2014 16:00,183,104,79
4/20/2014 17:00,127,71,56
4/20/2014 18:00,111,63,48
4/20/2014 19:00,84,47,37
4/20/2014 20:00,44,20,24
4/20/2014 21:00,24,9,15
4/20/2014 22:00,18,5,13
4/20/2014 23:00,20,12,8
4/21/2014 0:00,6,4,2
4/21/2014 1:00,6,5,1
4/21/2014 2:00,4,1,3
4/21/2014 3:00,2,2,0
4/21/2014 4:00,4,3,1
4/21/2014 5:00,33,17,16
4/21/2014 6:00,96,60,36
4/21/2014 7:00,285,215,70
4/21/2014 8:00,455,341,114
4/21/2014 9:00,309,188,121
4/21/2014 10:00,118,73,45
4/21/2014 11:00,87,57,30
4/21/2014 12:00,95,55,40
4/21/2014 13:00,99,51,48
4/21/2014 14:00,101,51,50
4/21/2014 15:00,138,60,78
4/21/2014 16:00,254,107,147
4/21/2014 17:00,531,165,366
4/21/2014 18:00,440,146,294
4/21/2014 19:00,178,71,107
4/21/2014 20:00,68,24,44
4/21/2014 21:00,44,22,22
4/21/2014 22:00,31,17,14
4/21/2014 23:00,17,5,12
4/22/2014 0:00,3,1,2
4/22/2014 1:00,2,0,2
4/22/2014 2:00,3,3,0
4/22/2014 3:00,1,1,0
4/22/2014 4:00,2,1,1
4/22/2014 5:00,17,11,6
4/22/2014 6:00,71,32,39
4/22/2014 7:00,156,128,28
4/22/2014 8:00,220,194,26
4/22/2014 9:00,201,128,73
4/22/2014 10:00,106,61,45
4/22/2014 11:00,105,25,80
4/22/2014 12:00,117,89,28
4/22/2014 13:00,79,42,37
4/22/2014 14:00,78,35,43
4/22/2014 15:00,104,53,51
4/22/2014 16:00,159,66,93
4/22/2014 17:00,343,119,224
4/22/2014 18:00,338,125,213
4/22/2014 19:00,160,69,91
4/22/2014 20:00,73,28,45
4/22/2014 21:00,40,17,23
4/22/2014 22:00,23,10,13
4/22/2014 23:00,22,12,10
4/23/2014 0:00,2,1,1
4/23/2014 1:00,52,2,50
4/23/2014 2:00,22,0,22
4/23/2014 3:00,21,1,20
4/23/2014 4:00,21,2,19
4/23/2014 5:00,52,17,35
4/23/2014 6:00,80,48,32
4/23/2014 7:00,213,191,22
4/23/2014 8:00,352,327,25
4/23/2014 9:00,279,178,101
4/23/2014 10:00,126,72,54
4/23/2014 11:00,87,47,40
4/23/2014 12:00,66,47,19
4/23/2014 13:00,77,46,31
4/23/2014 14:00,72,40,32
4/23/2014 15:00,113,59,54
4/23/2014 16:00,178,64,114
4/23/2014 17:00,415,121,294
4/23/2014 18:00,310,107,203
4/23/2014 19:00,157,46,111
4/23/2014 20:00,60,17,43
4/23/2014 21:00,35,13,22
4/23/2014 22:00,31,15,16
4/23/2014 23:00,11,4,7
4/24/2014 0:00,6,3,3
4/24/2014 1:00,3,2,1
4/24/2014 2:00,2,2,0
4/24/2014 3:00,1,1,0
4/24/2014 4:00,5,3,2
4/24/2014 5:00,18,10,8
4/24/2014 6:00,72,45,27
4/24/2014 7:00,212,151,61
4/24/2014 8:00,334,237,97
4/24/2014 9:00,225,156,69
4/24/2014 10:00,104,66,38
4/24/2014 11:00,59,31,28
4/24/2014 12:00,49,27,22
4/24/2014 13:00,35,14,21
4/24/2014 14:00,57,30,27
4/24/2014 15:00,80,42,38
4/24/2014 16:00,152,67,85
4/24/2014 17:00,377,107,270
4/24/2014 18:00,321,119,202
4/24/2014 19:00,196,72,124
4/24/2014 20:00,82,34,48
4/24/2014 21:00,52,18,34
4/24/2014 22:00,48,22,26
4/24/2014 23:00,21,11,10
4/25/2014 0:00,7,1,6
4/25/2014 1:00,6,3,3
4/25/2014 2:00,3,1,2
4/25/2014 3:00,1,1,0
4/25/2014 4:00,39,1,38
4/25/2014 5:00,54,15,39
4/25/2014 6:00,79,64,15
4/25/2014 7:00,182,162,20
4/25/2014 8:00,355,294,61
4/25/2014 9:00,268,167,101
4/25/2014 10:00,137,84,53
4/25/2014 11:00,97,70,27
4/25/2014 12:00,127,65,62
4/25/2014 13:00,113,52,61
4/25/2014 14:00,116,60,56
4/25/2014 15:00,155,71,84
4/25/2014 16:00,263,113,150
4/25/2014 17:00,460,163,297
4/25/2014 18:00,363,135,228
4/25/2014 19:00,159,67,92
4/25/2014 20:00,86,39,47
4/25/2014 21:00,56,26,30
4/25/2014 22:00,30,13,17
4/25/2014 23:00,38,21,17
4/26/2014 0:00,17,7,10
4/26/2014 1:00,10,4,6
4/26/2014 2:00,8,4,4
4/26/2014 3:00,3,1,2
4/26/2014 4:00,4,2,2
4/26/2014 5:00,50,3,47
4/26/2014 6:00,57,10,47
4/26/2014 7:00,74,21,53
4/26/2014 8:00,109,42,67
4/26/2014 9:00,117,72,45
4/26/2014 10:00,169,95,74
4/26/2014 11:00,155,87,68
4/26/2014 12:00,207,119,88
4/26/2014 13:00,146,79,67
4/26/2014 14:00,149,82,67
4/26/2014 15:00,172,84,88
4/26/2014 16:00,193,104,89
4/26/2014 17:00,156,88,68
4/26/2014 18:00,118,66,52
4/26/2014 19:00,51,29,22
4/26/2014 20:00,34,21,13
4/26/2014 21:00,23,13,10
4/26/2014 22:00,18,7,11
4/26/2014 23:00,9,8,1
4/27/2014 0:00,11,4,7
4/27/2014 1:00,9,4,5
4/27/2014 2:00,2,1,1
4/27/2014 3:00,0,0,0
4/27/2014 4:00,58,0,58
4/27/2014 5:00,37,3,34
4/27/2014 6:00,34,7,27
4/27/2014 7:00,63,2,61
4/27/2014 8:00,62,25,37
4/27/2014 9:00,81,49,32
4/27/2014 10:00,77,42,35
4/27/2014 11:00,85,46,39
4/27/2014 12:00,100,51,49
4/27/2014 13:00,104,57,47
4/27/2014 14:00,119,69,50
4/27/2014 15:00,118,58,60
4/27/2014 16:00,130,81,49
4/27/2014 17:00,112,63,49
4/27/2014 18:00,78,47,31
4/27/2014 19:00,40,24,16
4/27/2014 20:00,34,17,17
4/27/2014 21:00,21,11,10
4/27/2014 22:00,20,8,12
4/27/2014 23:00,7,7,0
4/28/2014 0:00,6,1,5
4/28/2014 1:00,3,2,1
4/28/2014 2:00,0,0,0
4/28/2014 3:00,2,2,0
4/28/2014 4:00,73,3,70
4/28/2014 5:00,54,19,35
4/28/2014 6:00,94,71,23
4/28/2014 7:00,271,255,16
4/28/2014 8:00,403,356,47
4/28/2014 9:00,294,191,103
4/28/2014 10:00,97,58,39
4/28/2014 11:00,86,57,29
4/28/2014 12:00,76,38,38
4/28/2014 13:00,96,49,47
4/28/2014 14:00,118,52,66
4/28/2014 15:00,163,77,86
4/28/2014 16:00,268,107,161
4/28/2014 17:00,581,168,413
4/28/2014 18:00,544,205,339
4/28/2014 19:00,281,119,162
4/28/2014 20:00,129,59,70
4/28/2014 21:00,53,23,30
4/28/2014 22:00,45,26,19
4/28/2014 23:00,21,12,9
4/29/2014 0:00,16,3,13
4/29/2014 1:00,3,1,2
4/29/2014 2:00,4,3,1
4/29/2014 3:00,0,0,0
4/29/2014 4:00,6,4,2
4/29/2014 5:00,42,28,14
4/29/2014 6:00,141,103,38
4/29/2014 7:00,409,296,113
4/29/2014 8:00,595,421,174
4/29/2014 9:00,345,222,123
4/29/2014 10:00,150,89,61
4/29/2014 11:00,109,58,51
4/29/2014 12:00,117,66,51
4/29/2014 13:00,124,81,43
4/29/2014 14:00,154,81,73
4/29/2014 15:00,180,85,95
4/29/2014 16:00,326,123,203
4/29/2014 17:00,703,207,496
4/29/2014 18:00,669,261,408
4/29/2014 19:00,340,153,187
4/29/2014 20:00,197,94,103
4/29/2014 21:00,90,47,43
4/29/2014 22:00,46,25,21
4/29/2014 23:00,37,21,16
4/30/2014 0:00,18,7,11
4/30/2014 1:00,9,5,4
4/30/2014 2:00,6,4,2
4/30/2014 3:00,2,2,0
4/30/2014 4:00,7,3,4
4/30/2014 5:00,36,24,12
4/30/2014 6:00,138,91,47
4/30/2014 7:00,418,312,106
4/30/2014 8:00,644,470,174
4/30/2014 9:00,391,248,143
4/30/2014 10:00,158,104,54
4/30/2014 11:00,133,77,56
4/30/2014 12:00,138,72,66
4/30/2014 13:00,151,80,71
4/30/2014 14:00,147,92,55
4/30/2014 15:00,215,100,115
4/30/2014 16:00,396,152,244
4/30/2014 17:00,742,215,527
4/30/2014 18:00,652,256,396
4/30/2014 19:00,332,151,181
4/30/2014 20:00,215,118,97
4/30/2014 21:00,103,51,52
4/30/2014 22:00,80,35,45
4/30/2014 23:00,36,19,17
5/1/2014 0:00,19,16,3
5/1/2014 1:00,9,4,5
5/1/2014 2:00,7,5,2
5/1/2014 3:00,5,3,2
5/1/2014 4:00,9,7,2
5/1/2014 5:00,42,29,13
5/1/2014 6:00,184,131,53
5/1/2014 7:00,570,420,150
5/1/2014 8:00,722,513,209
5/1/2014 9:00,421,294,127
5/1/2014 10:00,189,115,74
5/1/2014 11:00,123,76,47
5/1/2014 12:00,164,91,73
5/1/2014 13:00,172,81,91
5/1/2014 14:00,194,90,104
5/1/2014 15:00,256,106,150
5/1/2014 16:00,478,180,298
5/1/2014 17:00,830,250,580
5/1/2014 18:00,661,246,415
5/1/2014 19:00,386,160,226
5/1/2014 20:00,214,103,111
5/1/2014 21:00,138,67,71
5/1/2014 22:00,96,50,46
5/1/2014 23:00,48,26,22
5/2/2014 0:00,21,8,13
5/2/2014 1:00,13,7,6
5/2/2014 2:00,10,6,4
5/2/2014 3:00,5,4,1
5/2/2014 4:00,8,3,5
5/2/2014 5:00,36,19,17
5/2/2014 6:00,157,112,45
5/2/2014 7:00,450,318,132
5/2/2014 8:00,621,460,161
5/2/2014 9:00,407,268,139
5/2/2014 10:00,170,107,63
5/2/2014 11:00,153,89,64
5/2/2014 12:00,121,66,55
5/2/2014 13:00,145,72,73
5/2/2014 14:00,192,111,81
5/2/2014 15:00,237,96,141
5/2/2014 16:00,427,153,274
5/2/2014 17:00,681,190,491
5/2/2014 18:00,376,136,240
5/2/2014 19:00,161,67,94
5/2/2014 20:00,83,31,52
5/2/2014 21:00,55,31,24
5/2/2014 22:00,37,20,17
5/2/2014 23:00,42,28,14
5/3/2014 0:00,19,7,12
5/3/2014 1:00,14,8,6
5/3/2014 2:00,5,2,3
5/3/2014 3:00,2,2,0
5/3/2014 4:00,0,0,0
5/3/2014 5:00,12,7,5
5/3/2014 6:00,23,11,12
5/3/2014 7:00,57,42,15
5/3/2014 8:00,99,52,47
5/3/2014 9:00,114,65,49
5/3/2014 10:00,113,58,55
5/3/2014 11:00,118,58,60
5/3/2014 12:00,120,70,50
5/3/2014 13:00,95,49,46
5/3/2014 14:00,69,51,18
5/3/2014 15:00,72,37,35
5/3/2014 16:00,84,44,40
5/3/2014 17:00,38,17,21
5/3/2014 18:00,27,10,17
5/3/2014 19:00,15,6,9
5/3/2014 20:00,22,8,14
5/3/2014 21:00,12,5,7
5/3/2014 22:00,16,11,5
5/3/2014 23:00,11,6,5
5/4/2014 0:00,2,1,1
5/4/2014 1:00,8,4,4
5/4/2014 2:00,3,0,3
5/4/2014 3:00,0,0,0
5/4/2014 4:00,2,1,1
5/4/2014 5:00,5,3,2
5/4/2014 6:00,11,6,5
5/4/2014 7:00,23,15,8
5/4/2014 8:00,34,25,9
5/4/2014 9:00,34,21,13
5/4/2014 10:00,30,13,17
5/4/2014 11:00,44,29,15
5/4/2014 12:00,75,27,48
5/4/2014 13:00,52,30,22
5/4/2014 14:00,51,26,25
5/4/2014 15:00,68,36,32
5/4/2014 16:00,41,28,13
5/4/2014 17:00,33,16,17
5/4/2014 18:00,28,10,18
5/4/2014 19:00,18,10,8
5/4/2014 20:00,27,13,14
5/4/2014 21:00,15,6,9
5/4/2014 22:00,11,8,3
5/4/2014 23:00,5,3,2
5/5/2014 0:00,7,4,3
5/5/2014 1:00,2,1,1
5/5/2014 2:00,1,1,0
5/5/2014 3:00,2,1,1
5/5/2014 4:00,5,4,1
5/5/2014 5:00,37,26,11
5/5/2014 6:00,139,98,41
5/5/2014 7:00,386,298,88
5/5/2014 8:00,453,326,127
5/5/2014 9:00,232,148,84
5/5/2014 10:00,91,59,32
5/5/2014 11:00,47,32,15
5/5/2014 12:00,54,32,22
5/5/2014 13:00,74,40,34
5/5/2014 14:00,70,39,31
5/5/2014 15:00,106,51,55
5/5/2014 16:00,239,79,160
5/5/2014 17:00,554,160,394
5/5/2014 18:00,399,134,265
5/5/2014 19:00,171,66,105
5/5/2014 20:00,113,55,58
5/5/2014 21:00,53,26,27
5/5/2014 22:00,49,26,23
5/5/2014 23:00,17,12,5
5/6/2014 0:00,10,4,6
5/6/2014 1:00,4,3,1
5/6/2014 2:00,5,3,2
5/6/2014 3:00,3,3,0
5/6/2014 4:00,9,5,4
5/6/2014 5:00,56,36,20
5/6/2014 6:00,310,228,82
5/6/2014 7:00,531,419,112
5/6/2014 8:00,580,405,175
5/6/2014 9:00,211,169,42
5/6/2014 10:00,149,81,68
5/6/2014 11:00,102,47,55
5/6/2014 12:00,98,48,50
5/6/2014 13:00,104,52,52
5/6/2014 14:00,114,68,46
5/6/2014 15:00,142,73,69
5/6/2014 16:00,354,129,225
5/6/2014 17:00,799,242,557
5/6/2014 18:00,539,192,347
5/6/2014 19:00,220,89,131
5/6/2014 20:00,134,58,76
5/6/2014 21:00,94,40,54
5/6/2014 22:00,38,15,23
5/6/2014 23:00,30,12,18
5/7/2014 0:00,10,2,8
5/7/2014 1:00,7,4,3
5/7/2014 2:00,5,4,1
5/7/2014 3:00,4,4,0
5/7/2014 4:00,10,6,4
5/7/2014 5:00,55,36,19
5/7/2014 6:00,209,153,56
5/7/2014 7:00,593,452,141
5/7/2014 8:00,716,511,205
5/7/2014 9:00,362,222,140
5/7/2014 10:00,150,102,48
5/7/2014 11:00,109,56,53
5/7/2014 12:00,126,73,53
5/7/2014 13:00,148,71,77
5/7/2014 14:00,142,72,70
5/7/2014 15:00,195,100,95
5/7/2014 16:00,434,184,250
5/7/2014 17:00,858,285,573
5/7/2014 18:00,636,252,384
5/7/2014 19:00,272,104,168
5/7/2014 20:00,161,71,90
5/7/2014 21:00,141,53,88
5/7/2014 22:00,75,37,38
5/7/2014 23:00,37,14,23
5/8/2014 0:00,16,5,11
5/8/2014 1:00,5,1,4
5/8/2014 2:00,5,2,3
5/8/2014 3:00,4,3,1
5/8/2014 4:00,7,3,4
5/8/2014 5:00,33,22,11
5/8/2014 6:00,192,147,45
5/8/2014 7:00,427,325,102
5/8/2014 8:00,489,325,164
5/8/2014 9:00,294,186,108
5/8/2014 10:00,114,72,42
5/8/2014 11:00,91,42,49
5/8/2014 12:00,68,36,32
5/8/2014 13:00,67,28,39
5/8/2014 14:00,50,21,29
5/8/2014 15:00,100,48,52
5/8/2014 16:00,201,57,144
5/8/2014 17:00,425,123,302
5/8/2014 18:00,323,95,228
5/8/2014 19:00,160,47,113
5/8/2014 20:00,79,23,56
5/8/2014 21:00,33,16,17
5/8/2014 22:00,28,16,12
5/8/2014 23:00,19,10,9
5/9/2014 0:00,8,4,4
5/9/2014 1:00,5,3,2
5/9/2014 2:00,4,4,0
5/9/2014 3:00,2,2,0
5/9/2014 4:00,7,3,4
5/9/2014 5:00,29,17,12
5/9/2014 6:00,124,96,28
5/9/2014 7:00,337,253,84
5/9/2014 8:00,427,313,114
5/9/2014 9:00,211,134,77
5/9/2014 10:00,103,64,39
5/9/2014 11:00,91,58,33
5/9/2014 12:00,67,43,24
5/9/2014 13:00,62,18,44
5/9/2014 14:00,86,33,53
5/9/2014 15:00,141,59,82
5/9/2014 16:00,282,88,194
5/9/2014 17:00,474,142,332
5/9/2014 18:00,277,101,176
5/9/2014 19:00,128,57,71
5/9/2014 20:00,68,16,52
5/9/2014 21:00,31,15,16
5/9/2014 22:00,36,15,21
5/9/2014 23:00,36,18,18
5/10/2014 0:00,22,12,10
5/10/2014 1:00,15,6,9
5/10/2014 2:00,15,3,12
5/10/2014 3:00,1,1,0
5/10/2014 4:00,4,1,3
5/10/2014 5:00,9,3,6
5/10/2014 6:00,19,9,10
5/10/2014 7:00,44,26,18
5/10/2014 8:00,75,42,33
5/10/2014 9:00,144,101,43
5/10/2014 10:00,109,66,43
5/10/2014 11:00,129,65,64
5/10/2014 12:00,175,109,66
5/10/2014 13:00,153,86,67
5/10/2014 14:00,125,61,64
5/10/2014 15:00,118,61,57
5/10/2014 16:00,131,67,64
5/10/2014 17:00,106,72,34
5/10/2014 18:00,90,50,40
5/10/2014 19:00,91,48,43
5/10/2014 20:00,50,34,16
5/10/2014 21:00,33,18,15
5/10/2014 22:00,39,15,24
5/10/2014 23:00,28,11,17
5/11/2014 0:00,24,11,13
5/11/2014 1:00,8,1,7
5/11/2014 2:00,7,3,4
5/11/2014 3:00,0,0,0
5/11/2014 4:00,2,1,1
5/11/2014 5:00,9,5,4
5/11/2014 6:00,27,15,12
5/11/2014 7:00,38,23,15
5/11/2014 8:00,94,52,42
5/11/2014 9:00,113,59,54
5/11/2014 10:00,156,88,68
5/11/2014 11:00,162,100,62
5/11/2014 12:00,197,128,69
5/11/2014 13:00,219,131,88
5/11/2014 14:00,231,103,128
5/11/2014 15:00,238,129,109
5/11/2014 16:00,215,113,102
5/11/2014 17:00,194,105,89
5/11/2014 18:00,166,89,77
5/11/2014 19:00,118,71,47
5/11/2014 20:00,52,31,21
5/11/2014 21:00,55,24,31
5/11/2014 22:00,37,13,24
5/11/2014 23:00,14,5,9
5/12/2014 0:00,8,4,4
5/12/2014 1:00,2,2,0
5/12/2014 2:00,4,4,0
5/12/2014 3:00,4,4,0
5/12/2014 4:00,4,1,3
5/12/2014 5:00,65,44,21
5/12/2014 6:00,228,164,64
5/12/2014 7:00,581,442,139
5/12/2014 8:00,677,485,192
5/12/2014 9:00,319,192,127
5/12/2014 10:00,131,74,57
5/12/2014 11:00,138,77,61
5/12/2014 12:00,139,76,63
5/12/2014 13:00,149,78,71
5/12/2014 14:00,147,56,91
5/12/2014 15:00,188,85,103
5/12/2014 16:00,475,160,315
5/12/2014 17:00,876,289,587
5/12/2014 18:00,674,244,430
5/12/2014 19:00,306,115,191
5/12/2014 20:00,157,69,88
5/12/2014 21:00,93,36,57
5/12/2014 22:00,44,17,27
5/12/2014 23:00,23,9,14
5/13/2014 0:00,25,11,14
5/13/2014 1:00,6,1,5
5/13/2014 2:00,5,4,1
5/13/2014 3:00,3,2,1
5/13/2014 4:00,9,6,3
5/13/2014 5:00,58,37,21
5/13/2014 6:00,282,198,84
5/13/2014 7:00,698,526,172
5/13/2014 8:00,719,499,220
5/13/2014 9:00,373,216,157
5/13/2014 10:00,143,96,47
5/13/2014 11:00,136,81,55
5/13/2014 12:00,127,68,59
5/13/2014 13:00,136,71,65
5/13/2014 14:00,185,112,73
5/13/2014 15:00,228,100,128
5/13/2014 16:00,480,170,310
5/13/2014 17:00,925,271,654
5/13/2014 18:00,735,250,485
5/13/2014 19:00,337,132,205
5/13/2014 20:00,246,121,125
5/13/2014 21:00,120,57,63
5/13/2014 22:00,68,26,42
5/13/2014 23:00,44,25,19
5/14/2014 0:00,17,9,8
5/14/2014 1:00,7,5,2
5/14/2014 2:00,3,2,1
5/14/2014 3:00,4,2,2
5/14/2014 4:00,9,4,5
5/14/2014 5:00,67,48,19
5/14/2014 6:00,272,192,80
5/14/2014 7:00,619,474,145
5/14/2014 8:00,692,491,201
5/14/2014 9:00,340,196,144
5/14/2014 10:00,164,90,74
5/14/2014 11:00,131,81,50
5/14/2014 12:00,134,81,53
5/14/2014 13:00,142,71,71
5/14/2014 14:00,161,92,69
5/14/2014 15:00,220,102,118
5/14/2014 16:00,510,190,320
5/14/2014 17:00,923,288,635
5/14/2014 18:00,683,271,412
5/14/2014 19:00,330,138,192
5/14/2014 20:00,222,106,116
5/14/2014 21:00,153,64,89
5/14/2014 22:00,57,25,32
5/14/2014 23:00,27,13,14
5/15/2014 0:00,18,11,7
5/15/2014 1:00,7,3,4
5/15/2014 2:00,9,2,7
5/15/2014 3:00,9,7,2
5/15/2014 4:00,7,5,2
5/15/2014 5:00,53,34,19
5/15/2014 6:00,241,176,65
5/15/2014 7:00,600,463,137
5/15/2014 8:00,681,457,224
5/15/2014 9:00,338,215,123
5/15/2014 10:00,152,93,59
5/15/2014 11:00,133,73,60
5/15/2014 12:00,120,56,64
5/15/2014 13:00,115,58,57
5/15/2014 14:00,140,84,56
5/15/2014 15:00,253,100,153
5/15/2014 16:00,383,127,256
5/15/2014 17:00,784,210,574
5/15/2014 18:00,601,195,406
5/15/2014 19:00,270,100,170
5/15/2014 20:00,190,86,104
5/15/2014 21:00,117,56,61
5/15/2014 22:00,47,29,18
5/15/2014 23:00,32,17,15
5/16/2014 0:00,24,15,9
5/16/2014 1:00,13,6,7
5/16/2014 2:00,8,7,1
5/16/2014 3:00,3,2,1
5/16/2014 4:00,11,3,8
5/16/2014 5:00,70,51,19
5/16/2014 6:00,333,262,71
5/16/2014 7:00,841,698,143
5/16/2014 8:00,879,690,189
5/16/2014 9:00,389,234,155
5/16/2014 10:00,150,92,58
5/16/2014 11:00,101,48,53
5/16/2014 12:00,122,64,58
5/16/2014 13:00,150,63,87
5/16/2014 14:00,162,74,88
5/16/2014 15:00,245,105,140
5/16/2014 16:00,457,149,308
5/16/2014 17:00,795,231,564
5/16/2014 18:00,513,155,358
5/16/2014 19:00,214,89,125
5/16/2014 20:00,107,39,68
5/16/2014 21:00,71,30,41
5/16/2014 22:00,49,22,27
5/16/2014 23:00,35,14,21
5/17/2014 0:00,19,10,9
5/17/2014 1:00,8,3,5
5/17/2014 2:00,11,2,9
5/17/2014 3:00,7,3,4
5/17/2014 4:00,3,2,1
5/17/2014 5:00,12,5,7
5/17/2014 6:00,24,12,12
5/17/2014 7:00,66,41,25
5/17/2014 8:00,73,36,37
5/17/2014 9:00,100,45,55
5/17/2014 10:00,138,82,56
5/17/2014 11:00,181,100,81
5/17/2014 12:00,167,105,62
5/17/2014 13:00,182,100,82
5/17/2014 14:00,179,89,90
5/17/2014 15:00,163,84,79
5/17/2014 16:00,161,86,75
5/17/2014 17:00,146,83,63
5/17/2014 18:00,107,69,38
5/17/2014 19:00,94,59,35
5/17/2014 20:00,72,45,27
5/17/2014 21:00,57,24,33
5/17/2014 22:00,41,18,23
5/17/2014 23:00,30,13,17
5/18/2014 0:00,17,4,13
5/18/2014 1:00,20,7,13
5/18/2014 2:00,11,4,7
5/18/2014 3:00,2,1,1
5/18/2014 4:00,2,0,2
5/18/2014 5:00,13,9,4
5/18/2014 6:00,16,8,8
5/18/2014 7:00,44,28,16
5/18/2014 8:00,72,51,21
5/18/2014 9:00,101,57,44
5/18/2014 10:00,128,75,53
5/18/2014 11:00,155,88,67
5/18/2014 12:00,169,89,80
5/18/2014 13:00,201,119,82
5/18/2014 14:00,224,113,111
5/18/2014 15:00,243,148,95
5/18/2014 16:00,161,91,70
5/18/2014 17:00,121,69,52
5/18/2014 18:00,106,62,44
5/18/2014 19:00,46,25,21
5/18/2014 20:00,27,13,14
5/18/2014 21:00,26,12,14
5/18/2014 22:00,17,7,10
5/18/2014 23:00,15,9,6
5/19/2014 0:00,7,4,3
5/19/2014 1:00,4,3,1
5/19/2014 2:00,8,4,4
5/19/2014 3:00,1,1,0
5/19/2014 4:00,12,9,3
5/19/2014 5:00,57,35,22
5/19/2014 6:00,197,140,57
5/19/2014 7:00,483,373,110
5/19/2014 8:00,606,432,174
5/19/2014 9:00,292,171,121
5/19/2014 10:00,131,83,48
5/19/2014 11:00,119,61,58
5/19/2014 12:00,95,54,41
5/19/2014 13:00,119,62,57
5/19/2014 14:00,113,55,58
5/19/2014 15:00,174,80,94
5/19/2014 16:00,373,144,229
5/19/2014 17:00,745,221,524
5/19/2014 18:00,601,219,382
5/19/2014 19:00,257,96,161
5/19/2014 20:00,151,68,83
5/19/2014 21:00,87,38,49
5/19/2014 22:00,39,16,23
5/19/2014 23:00,31,11,20
5/20/2014 0:00,17,8,9
5/20/2014 1:00,5,1,4
5/20/2014 2:00,6,4,2
5/20/2014 3:00,6,4,2
5/20/2014 4:00,10,8,2
5/20/2014 5:00,77,57,20
5/20/2014 6:00,246,174,72
5/20/2014 7:00,641,488,153
5/20/2014 8:00,696,472,224
5/20/2014 9:00,368,214,154
5/20/2014 10:00,150,95,55
5/20/2014 11:00,136,72,64
5/20/2014 12:00,129,60,69
5/20/2014 13:00,153,85,68
5/20/2014 14:00,164,79,85
5/20/2014 15:00,209,96,113
5/20/2014 16:00,425,147,278
5/20/2014 17:00,946,279,667
5/20/2014 18:00,587,208,379
5/20/2014 19:00,310,127,183
5/20/2014 20:00,181,67,114
5/20/2014 21:00,109,47,62
5/20/2014 22:00,72,34,38
5/20/2014 23:00,35,17,18
5/21/2014 0:00,16,6,10
5/21/2014 1:00,11,6,5
5/21/2014 2:00,0,0,0
5/21/2014 3:00,4,3,1
5/21/2014 4:00,10,4,6
5/21/2014 5:00,63,47,16
5/21/2014 6:00,254,177,77
5/21/2014 7:00,599,453,146
5/21/2014 8:00,630,432,198
5/21/2014 9:00,339,199,140
5/21/2014 10:00,122,61,61
5/21/2014 11:00,83,50,33
5/21/2014 12:00,106,57,49
5/21/2014 13:00,131,82,49
5/21/2014 14:00,120,58,62
5/21/2014 15:00,206,96,110
5/21/2014 16:00,408,141,267
5/21/2014 17:00,836,251,585
5/21/2014 18:00,583,205,378
5/21/2014 19:00,318,140,178
5/21/2014 20:00,171,79,92
5/21/2014 21:00,116,60,56
5/21/2014 22:00,63,41,22
5/21/2014 23:00,40,18,22
5/22/2014 0:00,17,9,8
5/22/2014 1:00,5,3,2
5/22/2014 2:00,4,3,1
5/22/2014 3:00,2,0,2
5/22/2014 4:00,9,6,3
5/22/2014 5:00,53,35,18
5/22/2014 6:00,225,171,54
5/22/2014 7:00,559,419,140
5/22/2014 8:00,640,451,189
5/22/2014 9:00,301,178,123
5/22/2014 10:00,119,75,44
5/22/2014 11:00,106,53,53
5/22/2014 12:00,144,64,80
5/22/2014 13:00,142,84,58
5/22/2014 14:00,152,83,69
5/22/2014 15:00,206,76,130
5/22/2014 16:00,396,160,236
5/22/2014 17:00,716,200,516
5/22/2014 18:00,535,188,347
5/22/2014 19:00,255,90,165
5/22/2014 20:00,144,57,87
5/22/2014 21:00,108,44,64
5/22/2014 22:00,44,19,25
5/22/2014 23:00,28,5,23
5/23/2014 0:00,10,3,7
5/23/2014 1:00,8,2,6
5/23/2014 2:00,0,0,0
5/23/2014 3:00,1,0,1
5/23/2014 4:00,6,3,3
5/23/2014 5:00,39,24,15
5/23/2014 6:00,148,106,42
5/23/2014 7:00,265,206,59
5/23/2014 8:00,294,210,84
5/23/2014 9:00,152,88,64
5/23/2014 10:00,69,48,21
5/23/2014 11:00,46,23,23
5/23/2014 12:00,59,36,23
5/23/2014 13:00,61,23,38
5/23/2014 14:00,110,44,66
5/23/2014 15:00,143,57,86
5/23/2014 16:00,227,79,148
5/23/2014 17:00,366,113,253
5/23/2014 18:00,247,102,145
5/23/2014 19:00,119,56,63
5/23/2014 20:00,75,27,48
5/23/2014 21:00,46,29,17
5/23/2014 22:00,45,23,22
5/23/2014 23:00,20,6,14
5/24/2014 0:00,17,10,7
5/24/2014 1:00,13,7,6
5/24/2014 2:00,4,2,2
5/24/2014 3:00,1,1,0
5/24/2014 4:00,4,3,1
5/24/2014 5:00,6,3,3
5/24/2014 6:00,30,19,11
5/24/2014 7:00,50,30,20
5/24/2014 8:00,88,50,38
5/24/2014 9:00,116,49,67
5/24/2014 10:00,105,64,41
5/24/2014 11:00,185,81,104
5/24/2014 12:00,172,95,77
5/24/2014 13:00,207,108,99
5/24/2014 14:00,177,105,72
5/24/2014 15:00,201,97,104
5/24/2014 16:00,205,113,92
5/24/2014 17:00,164,97,67
5/24/2014 18:00,115,72,43
5/24/2014 19:00,87,37,50
5/24/2014 20:00,79,37,42
5/24/2014 21:00,55,19,36
5/24/2014 22:00,47,15,32
5/24/2014 23:00,27,10,17
5/25/2014 0:00,22,11,11
5/25/2014 1:00,8,5,3
5/25/2014 2:00,10,5,5
5/25/2014 3:00,3,2,1
5/25/2014 4:00,8,5,3
5/25/2014 5:00,7,4,3
5/25/2014 6:00,13,8,5
5/25/2014 7:00,38,21,17
5/25/2014 8:00,67,38,29
5/25/2014 9:00,85,44,41
5/25/2014 10:00,103,66,37
5/25/2014 11:00,167,93,74
5/25/2014 12:00,150,91,59
5/25/2014 13:00,98,51,47
5/25/2014 14:00,96,62,34
5/25/2014 15:00,98,49,49
5/25/2014 16:00,71,36,35
5/25/2014 17:00,55,27,28
5/25/2014 18:00,31,17,14
5/25/2014 19:00,41,14,27
5/25/2014 20:00,26,9,17
5/25/2014 21:00,21,7,14
5/25/2014 22:00,8,3,5
5/25/2014 23:00,8,2,6
5/26/2014 0:00,7,5,2
5/26/2014 1:00,5,1,4
5/26/2014 2:00,2,0,2
5/26/2014 3:00,1,1,0
5/26/2014 4:00,4,2,2
5/26/2014 5:00,13,3,10
5/26/2014 6:00,14,5,9
5/26/2014 7:00,34,23,11
5/26/2014 8:00,56,31,25
5/26/2014 9:00,82,44,38
5/26/2014 10:00,97,53,44
5/26/2014 11:00,194,124,70
5/26/2014 12:00,251,149,102
5/26/2014 13:00,235,140,95
5/26/2014 14:00,269,158,111
5/26/2014 15:00,196,113,83
5/26/2014 16:00,215,101,114
5/26/2014 17:00,179,102,77
5/26/2014 18:00,137,72,65
5/26/2014 19:00,93,43,50
5/26/2014 20:00,84,42,42
5/26/2014 21:00,78,25,53
5/26/2014 22:00,26,15,11
5/26/2014 23:00,17,8,9
5/27/2014 0:00,9,6,3
5/27/2014 1:00,6,5,1
5/27/2014 2:00,2,1,1
5/27/2014 3:00,3,2,1
5/27/2014 4:00,13,9,4
5/27/2014 5:00,61,42,19
5/27/2014 6:00,215,158,57
5/27/2014 7:00,535,406,129
5/27/2014 8:00,657,471,186
5/27/2014 9:00,330,190,140
5/27/2014 10:00,153,90,63
5/27/2014 11:00,102,63,39
5/27/2014 12:00,117,63,54
5/27/2014 13:00,112,51,61
5/27/2014 14:00,144,76,68
5/27/2014 15:00,174,90,84
5/27/2014 16:00,387,151,236
5/27/2014 17:00,799,232,567
5/27/2014 18:00,588,203,385
5/27/2014 19:00,307,135,172
5/27/2014 20:00,159,57,102
5/27/2014 21:00,81,35,46
5/27/2014 22:00,56,17,39
5/27/2014 23:00,22,9,13
5/28/2014 0:00,9,3,6
5/28/2014 1:00,5,2,3
5/28/2014 2:00,4,2,2
5/28/2014 3:00,2,1,1
5/28/2014 4:00,5,4,1
5/28/2014 5:00,42,29,13
5/28/2014 6:00,183,123,60
5/28/2014 7:00,436,335,101
5/28/2014 8:00,553,383,170
5/28/2014 9:00,291,189,102
5/28/2014 10:00,137,85,52
5/28/2014 11:00,94,56,38
5/28/2014 12:00,96,51,45
5/28/2014 13:00,104,64,40
5/28/2014 14:00,147,77,70
5/28/2014 15:00,131,58,73
5/28/2014 16:00,328,117,211
5/28/2014 17:00,597,169,428
5/28/2014 18:00,414,145,269
5/28/2014 19:00,206,78,128
5/28/2014 20:00,105,52,53
5/28/2014 21:00,62,32,30
5/28/2014 22:00,37,18,19
5/28/2014 23:00,20,5,15
5/29/2014 0:00,2,1,1
5/29/2014 1:00,4,1,3
5/29/2014 2:00,3,1,2
5/29/2014 3:00,4,4,0
5/29/2014 4:00,9,5,4
5/29/2014 5:00,48,31,17
5/29/2014 6:00,194,144,50
5/29/2014 7:00,478,360,118
5/29/2014 8:00,573,407,166
5/29/2014 9:00,341,198,143
5/29/2014 10:00,128,79,49
5/29/2014 11:00,100,60,40
5/29/2014 12:00,113,58,55
5/29/2014 13:00,104,53,51
5/29/2014 14:00,114,52,62
5/29/2014 15:00,161,78,83
5/29/2014 16:00,366,135,231
5/29/2014 17:00,720,186,534
5/29/2014 18:00,546,192,354
5/29/2014 19:00,257,110,147
5/29/2014 20:00,161,80,81
5/29/2014 21:00,79,33,46
5/29/2014 22:00,51,21,30
5/29/2014 23:00,31,11,20
5/30/2014 0:00,35,19,16
5/30/2014 1:00,7,4,3
5/30/2014 2:00,6,5,1
5/30/2014 3:00,9,5,4
5/30/2014 4:00,12,5,7
5/30/2014 5:00,52,38,14
5/30/2014 6:00,198,126,72
5/30/2014 7:00,504,377,127
5/30/2014 8:00,622,434,188
5/30/2014 9:00,300,178,122
5/30/2014 10:00,125,73,52
5/30/2014 11:00,115,63,52
5/30/2014 12:00,125,67,58
5/30/2014 13:00,138,71,67
5/30/2014 14:00,184,91,93
5/30/2014 15:00,257,106,151
5/30/2014 16:00,416,137,279
5/30/2014 17:00,705,223,482
5/30/2014 18:00,484,170,314
5/30/2014 19:00,242,88,154
5/30/2014 20:00,126,59,67
5/30/2014 21:00,95,55,40
5/30/2014 22:00,66,24,42
5/30/2014 23:00,46,19,27
5/31/2014 0:00,27,9,18
5/31/2014 1:00,11,6,5
5/31/2014 2:00,10,8,2
5/31/2014 3:00,4,3,1
5/31/2014 4:00,4,3,1
5/31/2014 5:00,9,7,2
5/31/2014 6:00,31,19,12
5/31/2014 7:00,93,55,38
5/31/2014 8:00,109,60,49
5/31/2014 9:00,146,75,71
5/31/2014 10:00,203,124,79
5/31/2014 11:00,206,142,64
5/31/2014 12:00,258,150,108
5/31/2014 13:00,230,138,92
5/31/2014 14:00,252,126,126
5/31/2014 15:00,266,138,128
5/31/2014 16:00,267,147,120
5/31/2014 17:00,196,96,100
5/31/2014 18:00,180,99,81
5/31/2014 19:00,134,65,69
5/31/2014 20:00,104,61,43
5/31/2014 21:00,54,27,27
5/31/2014 22:00,40,25,15
5/31/2014 23:00,53,26,27
6/1/2014 0:00,22,5,17
6/1/2014 1:00,16,7,9
6/1/2014 2:00,19,14,5
6/1/2014 3:00,3,3,0
6/1/2014 4:00,4,1,3
6/1/2014 5:00,7,4,3
6/1/2014 6:00,26,18,8
6/1/2014 7:00,47,28,19
6/1/2014 8:00,78,45,33
6/1/2014 9:00,129,79,50
6/1/2014 10:00,142,76,66
6/1/2014 11:00,191,110,81
6/1/2014 12:00,217,116,101
6/1/2014 13:00,228,115,113
6/1/2014 14:00,259,161,98
6/1/2014 15:00,248,144,104
6/1/2014 16:00,281,145,136
6/1/2014 17:00,169,88,81
6/1/2014 18:00,183,94,89
6/1/2014 19:00,141,92,49
6/1/2014 20:00,94,50,44
6/1/2014 21:00,53,24,29
6/1/2014 22:00,29,10,19
6/1/2014 23:00,15,9,6
6/2/2014 0:00,6,0,6
6/2/2014 1:00,5,1,4
6/2/2014 2:00,1,1,0
6/2/2014 3:00,5,3,2
6/2/2014 4:00,10,5,5
6/2/2014 5:00,61,38,23
6/2/2014 6:00,200,145,55
6/2/2014 7:00,461,352,109
6/2/2014 8:00,643,454,189
6/2/2014 9:00,334,197,137
6/2/2014 10:00,123,79,44
6/2/2014 11:00,109,55,54
6/2/2014 12:00,108,52,56
6/2/2014 13:00,139,67,72
6/2/2014 14:00,155,72,83
6/2/2014 15:00,179,87,92
6/2/2014 16:00,381,130,251
6/2/2014 17:00,774,231,543
6/2/2014 18:00,592,212,380
6/2/2014 19:00,292,103,189
6/2/2014 20:00,168,74,94
6/2/2014 21:00,85,33,52
6/2/2014 22:00,48,22,26
6/2/2014 23:00,35,14,21
6/3/2014 0:00,14,7,7
6/3/2014 1:00,7,4,3
6/3/2014 2:00,1,1,0
6/3/2014 3:00,3,2,1
6/3/2014 4:00,11,5,6
6/3/2014 5:00,55,39,16
6/3/2014 6:00,208,140,68
6/3/2014 7:00,486,376,110
6/3/2014 8:00,606,423,183
6/3/2014 9:00,329,193,136
6/3/2014 10:00,112,65,47
6/3/2014 11:00,109,54,55
6/3/2014 12:00,122,74,48
6/3/2014 13:00,92,46,46
6/3/2014 14:00,123,64,59
6/3/2014 15:00,156,73,83
6/3/2014 16:00,345,134,211
6/3/2014 17:00,701,198,503
6/3/2014 18:00,580,199,381
6/3/2014 19:00,269,117,152
6/3/2014 20:00,144,59,85
6/3/2014 21:00,102,51,51
6/3/2014 22:00,64,35,29
6/3/2014 23:00,31,12,19
6/4/2014 0:00,21,12,9
6/4/2014 1:00,7,1,6
6/4/2014 2:00,5,3,2
6/4/2014 3:00,5,3,2
6/4/2014 4:00,12,6,6
6/4/2014 5:00,50,37,13
6/4/2014 6:00,195,127,68
6/4/2014 7:00,482,379,103
6/4/2014 8:00,625,435,190
6/4/2014 9:00,313,193,120
6/4/2014 10:00,124,70,54
6/4/2014 11:00,104,54,50
6/4/2014 12:00,128,66,62
6/4/2014 13:00,139,70,69
6/4/2014 14:00,113,53,60
6/4/2014 15:00,193,87,106
6/4/2014 16:00,380,129,251
6/4/2014 17:00,743,242,501
6/4/2014 18:00,555,193,362
6/4/2014 19:00,302,123,179
6/4/2014 20:00,171,68,103
6/4/2014 21:00,99,59,40
6/4/2014 22:00,66,39,27
6/4/2014 23:00,31,14,17
6/5/2014 0:00,19,11,8
6/5/2014 1:00,7,3,4
6/5/2014 2:00,10,9,1
6/5/2014 3:00,4,3,1
6/5/2014 4:00,13,7,6
6/5/2014 5:00,49,35,14
6/5/2014 6:00,188,131,57
6/5/2014 7:00,494,386,108
6/5/2014 8:00,608,409,199
6/5/2014 9:00,299,176,123
6/5/2014 10:00,139,76,63
6/5/2014 11:00,94,57,37
6/5/2014 12:00,119,58,61
6/5/2014 13:00,146,80,66
6/5/2014 14:00,145,77,68
6/5/2014 15:00,196,87,109
6/5/2014 16:00,308,109,199
6/5/2014 17:00,649,170,479
6/5/2014 18:00,519,167,352
6/5/2014 19:00,278,108,170
6/5/2014 20:00,170,74,96
6/5/2014 21:00,116,48,68
6/5/2014 22:00,69,30,39
6/5/2014 23:00,36,11,25
6/6/2014 0:00,22,12,10
6/6/2014 1:00,17,8,9
6/6/2014 2:00,6,1,5
6/6/2014 3:00,7,5,2
6/6/2014 4:00,13,9,4
6/6/2014 5:00,40,26,14
6/6/2014 6:00,167,118,49
6/6/2014 7:00,383,273,110
6/6/2014 8:00,532,388,144
6/6/2014 9:00,286,178,108
6/6/2014 10:00,132,74,58
6/6/2014 11:00,126,68,58
6/6/2014 12:00,143,75,68
6/6/2014 13:00,160,78,82
6/6/2014 14:00,186,96,90
6/6/2014 15:00,223,102,121
6/6/2014 16:00,370,124,246
6/6/2014 17:00,625,173,452
6/6/2014 18:00,385,150,235
6/6/2014 19:00,252,100,152
6/6/2014 20:00,125,60,65
6/6/2014 21:00,84,38,46
6/6/2014 22:00,65,28,37
6/6/2014 23:00,33,16,17
6/7/2014 0:00,20,7,13
6/7/2014 1:00,19,10,9
6/7/2014 2:00,14,6,8
6/7/2014 3:00,4,2,2
6/7/2014 4:00,2,2,0
6/7/2014 5:00,12,7,5
6/7/2014 6:00,34,17,17
6/7/2014 7:00,98,59,39
6/7/2014 8:00,110,52,58
6/7/2014 9:00,150,79,71
6/7/2014 10:00,169,95,74
6/7/2014 11:00,230,127,103
6/7/2014 12:00,202,121,81
6/7/2014 13:00,288,161,127
6/7/2014 14:00,252,154,98
6/7/2014 15:00,247,123,124
6/7/2014 16:00,243,121,122
6/7/2014 17:00,187,108,79
6/7/2014 18:00,160,87,73
6/7/2014 19:00,121,68,53
6/7/2014 20:00,89,51,38
6/7/2014 21:00,82,33,49
6/7/2014 22:00,37,20,17
6/7/2014 23:00,37,19,18
6/8/2014 0:00,36,8,28
6/8/2014 1:00,12,4,8
6/8/2014 2:00,15,4,11
6/8/2014 3:00,3,2,1
6/8/2014 4:00,5,2,3
6/8/2014 5:00,13,10,3
6/8/2014 6:00,29,18,11
6/8/2014 7:00,51,29,22
6/8/2014 8:00,110,63,47
6/8/2014 9:00,413,83,330
6/8/2014 10:00,358,89,269
6/8/2014 11:00,201,124,77
6/8/2014 12:00,396,305,91
6/8/2014 13:00,432,312,120
6/8/2014 14:00,296,174,122
6/8/2014 15:00,276,160,116
6/8/2014 16:00,256,149,107
6/8/2014 17:00,198,102,96
6/8/2014 18:00,168,104,64
6/8/2014 19:00,100,58,42
6/8/2014 20:00,80,43,37
6/8/2014 21:00,46,32,14
6/8/2014 22:00,31,17,14
6/8/2014 23:00,22,8,14
6/9/2014 0:00,15,5,10
6/9/2014 1:00,9,4,5
6/9/2014 2:00,4,2,2
6/9/2014 3:00,4,3,1
6/9/2014 4:00,13,8,5
6/9/2014 5:00,36,22,14
6/9/2014 6:00,175,127,48
6/9/2014 7:00,407,301,106
6/9/2014 8:00,592,400,192
6/9/2014 9:00,293,192,101
6/9/2014 10:00,109,60,49
6/9/2014 11:00,97,52,45
6/9/2014 12:00,83,43,40
6/9/2014 13:00,101,49,52
6/9/2014 14:00,106,50,56
6/9/2014 15:00,155,75,80
6/9/2014 16:00,307,123,184
6/9/2014 17:00,663,180,483
6/9/2014 18:00,500,151,349
6/9/2014 19:00,215,89,126
6/9/2014 20:00,110,46,64
6/9/2014 21:00,56,28,28
6/9/2014 22:00,46,20,26
6/9/2014 23:00,32,10,22
6/10/2014 0:00,12,5,7
6/10/2014 1:00,7,2,5
6/10/2014 2:00,8,5,3
6/10/2014 3:00,3,3,0
6/10/2014 4:00,14,8,6
6/10/2014 5:00,47,31,16
6/10/2014 6:00,201,142,59
6/10/2014 7:00,453,337,116
6/10/2014 8:00,600,425,175
6/10/2014 9:00,319,176,143
6/10/2014 10:00,125,70,55
6/10/2014 11:00,96,47,49
6/10/2014 12:00,107,56,51
6/10/2014 13:00,99,59,40
6/10/2014 14:00,140,65,75
6/10/2014 15:00,164,77,87
6/10/2014 16:00,347,120,227
6/10/2014 17:00,645,199,446
6/10/2014 18:00,525,167,358
6/10/2014 19:00,271,115,156
6/10/2014 20:00,157,65,92
6/10/2014 21:00,86,37,49
6/10/2014 22:00,70,29,41
6/10/2014 23:00,34,13,21
6/11/2014 0:00,26,10,16
6/11/2014 1:00,6,2,4
6/11/2014 2:00,3,1,2
6/11/2014 3:00,5,3,2
6/11/2014 4:00,13,8,5
6/11/2014 5:00,55,31,24
6/11/2014 6:00,222,162,60
6/11/2014 7:00,506,373,133
6/11/2014 8:00,631,446,185
6/11/2014 9:00,335,205,130
6/11/2014 10:00,147,79,68
6/11/2014 11:00,121,61,60
6/11/2014 12:00,123,63,60
6/11/2014 13:00,147,78,69
6/11/2014 14:00,167,90,77
6/11/2014 15:00,227,112,115
6/11/2014 16:00,385,154,231
6/11/2014 17:00,803,238,565
6/11/2014 18:00,619,222,397
6/11/2014 19:00,297,142,155
6/11/2014 20:00,173,85,88
6/11/2014 21:00,89,48,41
6/11/2014 22:00,70,32,38
6/11/2014 23:00,26,9,17
6/12/2014 0:00,26,13,13
6/12/2014 1:00,9,4,5
6/12/2014 2:00,5,4,1
6/12/2014 3:00,5,2,3
6/12/2014 4:00,17,9,8
6/12/2014 5:00,49,25,24
6/12/2014 6:00,178,125,53
6/12/2014 7:00,423,320,103
6/12/2014 8:00,515,372,143
6/12/2014 9:00,284,193,91
6/12/2014 10:00,122,69,53
6/12/2014 11:00,87,48,39
6/12/2014 12:00,112,62,50
6/12/2014 13:00,114,68,46
6/12/2014 14:00,127,59,68
6/12/2014 15:00,166,81,85
6/12/2014 16:00,290,109,181
6/12/2014 17:00,634,197,437
6/12/2014 18:00,444,146,298
6/12/2014 19:00,215,82,133
6/12/2014 20:00,118,54,64
6/12/2014 21:00,72,35,37
6/12/2014 22:00,32,11,21
6/12/2014 23:00,33,10,23
6/13/2014 0:00,15,4,11
6/13/2014 1:00,7,5,2
6/13/2014 2:00,6,2,4
6/13/2014 3:00,7,2,5
6/13/2014 4:00,12,6,6
6/13/2014 5:00,27,19,8
6/13/2014 6:00,85,62,23
6/13/2014 7:00,205,150,55
6/13/2014 8:00,297,216,81
6/13/2014 9:00,171,109,62
6/13/2014 10:00,82,43,39
6/13/2014 11:00,59,37,22
6/13/2014 12:00,53,25,28
6/13/2014 13:00,63,31,32
6/13/2014 14:00,75,30,45
6/13/2014 15:00,116,55,61
6/13/2014 16:00,195,69,126
6/13/2014 17:00,324,101,223
6/13/2014 18:00,194,56,138
6/13/2014 19:00,107,36,71
6/13/2014 20:00,69,28,41
6/13/2014 21:00,39,15,24
6/13/2014 22:00,26,14,12
6/13/2014 23:00,32,16,16
6/14/2014 0:00,23,8,15
6/14/2014 1:00,20,12,8
6/14/2014 2:00,6,2,4
6/14/2014 3:00,6,4,2
6/14/2014 4:00,10,8,2
6/14/2014 5:00,7,4,3
6/14/2014 6:00,28,13,15
6/14/2014 7:00,58,30,28
6/14/2014 8:00,76,42,34
6/14/2014 9:00,126,65,61
6/14/2014 10:00,106,55,51
6/14/2014 11:00,125,86,39
6/14/2014 12:00,136,61,75
6/14/2014 13:00,124,72,52
6/14/2014 14:00,162,83,79
6/14/2014 15:00,127,74,53
6/14/2014 16:00,140,78,62
6/14/2014 17:00,135,83,52
6/14/2014 18:00,120,64,56
6/14/2014 19:00,79,46,33
6/14/2014 20:00,61,24,37
6/14/2014 21:00,28,12,16
6/14/2014 22:00,43,16,27
6/14/2014 23:00,27,13,14
6/15/2014 0:00,11,4,7
6/15/2014 1:00,9,3,6
6/15/2014 2:00,5,1,4
6/15/2014 3:00,3,2,1
6/15/2014 4:00,3,1,2
6/15/2014 5:00,5,2,3
6/15/2014 6:00,12,6,6
6/15/2014 7:00,19,12,7
6/15/2014 8:00,42,28,14
6/15/2014 9:00,70,52,18
6/15/2014 10:00,87,42,45
6/15/2014 11:00,118,75,43
6/15/2014 12:00,133,82,51
6/15/2014 13:00,129,80,49
6/15/2014 14:00,136,81,55
6/15/2014 15:00,119,66,53
6/15/2014 16:00,124,55,69
6/15/2014 17:00,90,49,41
6/15/2014 18:00,62,42,20
6/15/2014 19:00,34,13,21
6/15/2014 20:00,17,9,8
6/15/2014 21:00,15,5,10
6/15/2014 22:00,15,5,10
6/15/2014 23:00,9,5,4
6/16/2014 0:00,4,3,1
6/16/2014 1:00,7,2,5
6/16/2014 2:00,2,2,0
6/16/2014 3:00,4,2,2
6/16/2014 4:00,12,6,6
6/16/2014 5:00,40,25,15
6/16/2014 6:00,145,90,55
6/16/2014 7:00,333,248,85
6/16/2014 8:00,448,308,140
6/16/2014 9:00,161,92,69
6/16/2014 10:00,59,33,26
6/16/2014 11:00,86,61,25
6/16/2014 12:00,62,32,30
6/16/2014 13:00,81,39,42
6/16/2014 14:00,110,56,54
6/16/2014 15:00,133,58,75
6/16/2014 16:00,221,87,134
6/16/2014 17:00,538,184,354
6/16/2014 18:00,377,130,247
6/16/2014 19:00,243,95,148
6/16/2014 20:00,128,60,68
6/16/2014 21:00,85,36,49
6/16/2014 22:00,56,34,22
6/16/2014 23:00,26,6,20
6/17/2014 0:00,16,2,14
6/17/2014 1:00,6,5,1
6/17/2014 2:00,1,0,1
6/17/2014 3:00,5,4,1
6/17/2014 4:00,6,2,4
6/17/2014 5:00,42,30,12
6/17/2014 6:00,170,114,56
6/17/2014 7:00,438,336,102
6/17/2014 8:00,551,390,161
6/17/2014 9:00,285,166,119
6/17/2014 10:00,124,67,57
6/17/2014 11:00,100,53,47
6/17/2014 12:00,70,42,28
6/17/2014 13:00,97,46,51
6/17/2014 14:00,106,53,53
6/17/2014 15:00,140,71,69
6/17/2014 16:00,286,101,185
6/17/2014 17:00,639,191,448
6/17/2014 18:00,448,154,294
6/17/2014 19:00,272,118,154
6/17/2014 20:00,153,63,90
6/17/2014 21:00,72,30,42
6/17/2014 22:00,48,22,26
6/17/2014 23:00,32,15,17
6/18/2014 0:00,15,10,5
6/18/2014 1:00,5,1,4
6/18/2014 2:00,5,5,0
6/18/2014 3:00,5,3,2
6/18/2014 4:00,8,3,5
6/18/2014 5:00,58,41,17
6/18/2014 6:00,198,141,57
6/18/2014 7:00,442,322,120
6/18/2014 8:00,619,434,185
6/18/2014 9:00,284,173,111
6/18/2014 10:00,115,67,48
6/18/2014 11:00,104,65,39
6/18/2014 12:00,108,55,53
6/18/2014 13:00,101,55,46
6/18/2014 14:00,110,61,49
6/18/2014 15:00,171,79,92
6/18/2014 16:00,389,152,237
6/18/2014 17:00,717,217,500
6/18/2014 18:00,535,186,349
6/18/2014 19:00,291,117,174
6/18/2014 20:00,155,78,77
6/18/2014 21:00,121,68,53
6/18/2014 22:00,61,29,32
6/18/2014 23:00,33,18,15
6/19/2014 0:00,10,5,5
6/19/2014 1:00,12,2,10
6/19/2014 2:00,6,5,1
6/19/2014 3:00,5,4,1
6/19/2014 4:00,11,8,3
6/19/2014 5:00,42,25,17
6/19/2014 6:00,192,136,56
6/19/2014 7:00,452,341,111
6/19/2014 8:00,534,374,160
6/19/2014 9:00,282,172,110
6/19/2014 10:00,127,80,47
6/19/2014 11:00,119,73,46
6/19/2014 12:00,105,52,53
6/19/2014 13:00,129,60,69
6/19/2014 14:00,134,70,64
6/19/2014 15:00,196,98,98
6/19/2014 16:00,348,149,199
6/19/2014 17:00,691,204,487
6/19/2014 18:00,482,170,312
6/19/2014 19:00,247,96,151
6/19/2014 20:00,142,61,81
6/19/2014 21:00,69,26,43
6/19/2014 22:00,55,27,28
6/19/2014 23:00,22,10,12
6/20/2014 0:00,13,3,10
6/20/2014 1:00,7,3,4
6/20/2014 2:00,3,3,0
6/20/2014 3:00,1,0,1
6/20/2014 4:00,8,5,3
6/20/2014 5:00,27,22,5
6/20/2014 6:00,151,108,43
6/20/2014 7:00,359,247,112
6/20/2014 8:00,430,297,133
6/20/2014 9:00,252,149,103
6/20/2014 10:00,108,68,40
6/20/2014 11:00,96,56,40
6/20/2014 12:00,103,68,35
6/20/2014 13:00,134,62,72
6/20/2014 14:00,129,69,60
6/20/2014 15:00,174,81,93
6/20/2014 16:00,322,118,204
6/20/2014 17:00,560,178,382
6/20/2014 18:00,342,99,243
6/20/2014 19:00,223,85,138
6/20/2014 20:00,138,61,77
6/20/2014 21:00,77,41,36
6/20/2014 22:00,66,38,28
6/20/2014 23:00,67,41,26
6/21/2014 0:00,27,10,17
6/21/2014 1:00,23,6,17
6/21/2014 2:00,15,10,5
6/21/2014 3:00,3,1,2
6/21/2014 4:00,11,4,7
6/21/2014 5:00,20,16,4
6/21/2014 6:00,53,34,19
6/21/2014 7:00,70,41,29
6/21/2014 8:00,145,94,51
6/21/2014 9:00,178,96,82
6/21/2014 10:00,225,126,99
6/21/2014 11:00,267,125,142
6/21/2014 12:00,290,103,187
6/21/2014 13:00,259,85,174
6/21/2014 14:00,223,84,139
6/21/2014 15:00,81,35,46
6/21/2014 16:00,92,30,62
6/21/2014 17:00,187,78,109
6/21/2014 18:00,277,152,125
6/21/2014 19:00,237,120,117
6/21/2014 20:00,177,75,102
6/21/2014 21:00,151,84,67
6/21/2014 22:00,105,53,52
6/21/2014 23:00,88,48,40
6/22/2014 0:00,30,24,6
6/22/2014 1:00,25,19,6
6/22/2014 2:00,9,8,1
6/22/2014 3:00,7,4,3
6/22/2014 4:00,4,1,3
6/22/2014 5:00,17,12,5
6/22/2014 6:00,24,11,13
6/22/2014 7:00,76,50,26
6/22/2014 8:00,87,45,42
6/22/2014 9:00,157,93,64
6/22/2014 10:00,116,59,57
6/22/2014 11:00,206,115,91
6/22/2014 12:00,271,133,138
6/22/2014 13:00,301,130,171
6/22/2014 14:00,271,127,144
6/22/2014 15:00,212,113,99
6/22/2014 16:00,194,117,77
6/22/2014 17:00,188,105,83
6/22/2014 18:00,179,97,82
6/22/2014 19:00,141,52,89
6/22/2014 20:00,85,34,51
6/22/2014 21:00,75,47,28
6/22/2014 22:00,24,10,14
6/22/2014 23:00,15,5,10
6/23/2014 0:00,10,4,6
6/23/2014 1:00,7,3,4
6/23/2014 2:00,6,4,2
6/23/2014 3:00,6,3,3
6/23/2014 4:00,10,7,3
6/23/2014 5:00,47,30,17
6/23/2014 6:00,174,120,54
6/23/2014 7:00,433,321,112
6/23/2014 8:00,592,404,188
6/23/2014 9:00,344,184,160
6/23/2014 10:00,144,76,68
6/23/2014 11:00,125,62,63
6/23/2014 12:00,123,71,52
6/23/2014 13:00,117,67,50
6/23/2014 14:00,128,67,61
6/23/2014 15:00,175,89,86
6/23/2014 16:00,356,138,218
6/23/2014 17:00,716,206,510
6/23/2014 18:00,490,149,341
6/23/2014 19:00,228,109,119
6/23/2014 20:00,108,45,63
6/23/2014 21:00,71,25,46
6/23/2014 22:00,43,17,26
6/23/2014 23:00,24,10,14
6/24/2014 0:00,18,4,14
6/24/2014 1:00,5,1,4
6/24/2014 2:00,3,3,0
6/24/2014 3:00,4,1,3
6/24/2014 4:00,10,7,3
6/24/2014 5:00,48,27,21
6/24/2014 6:00,159,110,49
6/24/2014 7:00,407,306,101
6/24/2014 8:00,525,362,163
6/24/2014 9:00,280,156,124
6/24/2014 10:00,107,64,43
6/24/2014 11:00,96,58,38
6/24/2014 12:00,94,48,46
6/24/2014 13:00,114,54,60
6/24/2014 14:00,116,64,52
6/24/2014 15:00,169,85,84
6/24/2014 16:00,342,137,205
6/24/2014 17:00,642,201,441
6/24/2014 18:00,523,210,313
6/24/2014 19:00,294,123,171
6/24/2014 20:00,181,88,93
6/24/2014 21:00,90,49,41
6/24/2014 22:00,76,34,42
6/24/2014 23:00,39,14,25
6/25/2014 0:00,19,9,10
6/25/2014 1:00,11,4,7
6/25/2014 2:00,7,3,4
6/25/2014 3:00,9,3,6
6/25/2014 4:00,8,1,7
6/25/2014 5:00,45,28,17
6/25/2014 6:00,178,119,59
6/25/2014 7:00,457,332,125
6/25/2014 8:00,552,378,174
6/25/2014 9:00,282,159,123
6/25/2014 10:00,141,87,54
6/25/2014 11:00,84,48,36
6/25/2014 12:00,126,59,67
6/25/2014 13:00,111,57,54
6/25/2014 14:00,125,57,68
6/25/2014 15:00,167,70,97
6/25/2014 16:00,352,127,225
6/25/2014 17:00,707,200,507
6/25/2014 18:00,529,180,349
6/25/2014 19:00,264,101,163
6/25/2014 20:00,152,70,82
6/25/2014 21:00,100,48,52
6/25/2014 22:00,67,28,39
6/25/2014 23:00,39,20,19
6/26/2014 0:00,26,13,13
6/26/2014 1:00,8,2,6
6/26/2014 2:00,10,3,7
6/26/2014 3:00,5,3,2
6/26/2014 4:00,8,6,2
6/26/2014 5:00,51,35,16
6/26/2014 6:00,162,116,46
6/26/2014 7:00,354,264,90
6/26/2014 8:00,515,340,175
6/26/2014 9:00,217,135,82
6/26/2014 10:00,110,63,47
6/26/2014 11:00,136,74,62
6/26/2014 12:00,126,68,58
6/26/2014 13:00,109,62,47
6/26/2014 14:00,116,50,66
6/26/2014 15:00,157,76,81
6/26/2014 16:00,285,126,159
6/26/2014 17:00,524,151,373
6/26/2014 18:00,437,144,293
6/26/2014 19:00,221,99,122
6/26/2014 20:00,115,38,77
6/26/2014 21:00,98,49,49
6/26/2014 22:00,42,22,20
6/26/2014 23:00,25,9,16
6/27/2014 0:00,20,7,13
6/27/2014 1:00,14,4,10
6/27/2014 2:00,5,2,3
6/27/2014 3:00,5,0,5
6/27/2014 4:00,8,3,5
6/27/2014 5:00,31,23,8
6/27/2014 6:00,119,79,40
6/27/2014 7:00,245,180,65
6/27/2014 8:00,364,255,109
6/27/2014 9:00,197,118,79
6/27/2014 10:00,95,56,39
6/27/2014 11:00,71,46,25
6/27/2014 12:00,59,31,28
6/27/2014 13:00,65,38,27
6/27/2014 14:00,96,50,46
6/27/2014 15:00,126,58,68
6/27/2014 16:00,272,109,163
6/27/2014 17:00,425,151,274
6/27/2014 18:00,280,90,190
6/27/2014 19:00,161,60,101
6/27/2014 20:00,72,30,42
6/27/2014 21:00,60,30,30
6/27/2014 22:00,48,21,27
6/27/2014 23:00,33,15,18
6/28/2014 0:00,10,4,6
6/28/2014 1:00,16,10,6
6/28/2014 2:00,9,3,6
6/28/2014 3:00,2,2,0
6/28/2014 4:00,4,3,1
6/28/2014 5:00,9,5,4
6/28/2014 6:00,40,18,22
6/28/2014 7:00,62,35,27
6/28/2014 8:00,77,44,33
6/28/2014 9:00,108,59,49
6/28/2014 10:00,138,61,77
6/28/2014 11:00,106,50,56
6/28/2014 12:00,154,88,66
6/28/2014 13:00,131,70,61
6/28/2014 14:00,116,56,60
6/28/2014 15:00,126,73,53
6/28/2014 16:00,123,70,53
6/28/2014 17:00,149,70,79
6/28/2014 18:00,123,62,61
6/28/2014 19:00,90,52,38
6/28/2014 20:00,73,34,39
6/28/2014 21:00,56,22,34
6/28/2014 22:00,26,15,11
6/28/2014 23:00,32,17,15
6/29/2014 0:00,24,12,12
6/29/2014 1:00,6,4,2
6/29/2014 2:00,15,12,3
6/29/2014 3:00,3,3,0
6/29/2014 4:00,6,4,2
6/29/2014 5:00,10,6,4
6/29/2014 6:00,23,10,13
6/29/2014 7:00,56,32,24
6/29/2014 8:00,89,49,40
6/29/2014 9:00,94,54,40
6/29/2014 10:00,157,95,62
6/29/2014 11:00,198,120,78
6/29/2014 12:00,192,118,74
6/29/2014 13:00,197,111,86
6/29/2014 14:00,191,108,83
6/29/2014 15:00,227,103,124
6/29/2014 16:00,197,104,93
6/29/2014 17:00,203,110,93
6/29/2014 18:00,165,80,85
6/29/2014 19:00,100,44,56
6/29/2014 20:00,72,43,29
6/29/2014 21:00,44,16,28
6/29/2014 22:00,26,17,9
6/29/2014 23:00,17,7,10
6/30/2014 0:00,12,6,6
6/30/2014 1:00,4,2,2
6/30/2014 2:00,4,0,4
6/30/2014 3:00,6,2,4
6/30/2014 4:00,15,7,8
6/30/2014 5:00,56,39,17
6/30/2014 6:00,183,125,58
6/30/2014 7:00,417,309,108
6/30/2014 8:00,609,421,188
6/30/2014 9:00,295,171,124
6/30/2014 10:00,125,75,50
6/30/2014 11:00,112,69,43
6/30/2014 12:00,113,67,46
6/30/2014 13:00,131,65,66
6/30/2014 14:00,137,73,64
6/30/2014 15:00,195,80,115
6/30/2014 16:00,378,145,233
6/30/2014 17:00,744,217,527
6/30/2014 18:00,590,230,360
6/30/2014 19:00,333,142,191
6/30/2014 20:00,165,73,92
6/30/2014 21:00,92,44,48
6/30/2014 22:00,58,28,30
6/30/2014 23:00,28,13,15
7/1/2014 0:00,17,5,12
7/1/2014 1:00,7,4,3
7/1/2014 2:00,4,1,3
7/1/2014 3:00,4,2,2
7/1/2014 4:00,14,11,3
7/1/2014 5:00,61,38,23
7/1/2014 6:00,227,158,69
7/1/2014 7:00,525,394,131
7/1/2014 8:00,608,421,187
7/1/2014 9:00,303,188,115
7/1/2014 10:00,148,84,64
7/1/2014 11:00,119,58,61
7/1/2014 12:00,147,72,75
7/1/2014 13:00,145,81,64
7/1/2014 14:00,112,46,66
7/1/2014 15:00,182,91,91
7/1/2014 16:00,402,160,242
7/1/2014 17:00,736,247,489
7/1/2014 18:00,593,200,393
7/1/2014 19:00,341,150,191
7/1/2014 20:00,179,87,92
7/1/2014 21:00,145,87,58
7/1/2014 22:00,86,41,45
7/1/2014 23:00,42,20,22
7/2/2014 0:00,24,10,14
7/2/2014 1:00,17,6,11
7/2/2014 2:00,5,2,3
7/2/2014 3:00,4,2,2
7/2/2014 4:00,6,5,1
7/2/2014 5:00,62,37,25
7/2/2014 6:00,191,140,51
7/2/2014 7:00,424,302,122
7/2/2014 8:00,618,422,196
7/2/2014 9:00,316,178,138
7/2/2014 10:00,148,90,58
7/2/2014 11:00,79,42,37
7/2/2014 12:00,110,63,47
7/2/2014 13:00,123,62,61
7/2/2014 14:00,134,56,78
7/2/2014 15:00,166,84,82
7/2/2014 16:00,375,145,230
7/2/2014 17:00,691,196,495
7/2/2014 18:00,560,187,373
7/2/2014 19:00,269,103,166
7/2/2014 20:00,200,79,121
7/2/2014 21:00,122,61,61
7/2/2014 22:00,53,22,31
7/2/2014 23:00,45,19,26
7/3/2014 0:00,27,11,16
7/3/2014 1:00,8,3,5
7/3/2014 2:00,2,0,2
7/3/2014 3:00,5,2,3
7/3/2014 4:00,4,3,1
7/3/2014 5:00,48,27,21
7/3/2014 6:00,135,93,42
7/3/2014 7:00,357,247,110
7/3/2014 8:00,455,313,142
7/3/2014 9:00,233,142,91
7/3/2014 10:00,138,71,67
7/3/2014 11:00,86,40,46
7/3/2014 12:00,127,66,61
7/3/2014 13:00,132,78,54
7/3/2014 14:00,148,51,97
7/3/2014 15:00,214,110,104
7/3/2014 16:00,382,127,255
7/3/2014 17:00,491,158,333
7/3/2014 18:00,321,130,191
7/3/2014 19:00,153,72,81
7/3/2014 20:00,140,62,78
7/3/2014 21:00,62,24,38
7/3/2014 22:00,52,23,29
7/3/2014 23:00,39,11,28
7/4/2014 0:00,20,5,15
7/4/2014 1:00,15,7,8
7/4/2014 2:00,6,4,2
7/4/2014 3:00,6,1,5
7/4/2014 4:00,9,5,4
7/4/2014 5:00,20,13,7
7/4/2014 6:00,27,15,12
7/4/2014 7:00,61,38,23
7/4/2014 8:00,126,66,60
7/4/2014 9:00,155,79,76
7/4/2014 10:00,177,83,94
7/4/2014 11:00,208,111,97
7/4/2014 12:00,240,115,125
7/4/2014 13:00,244,106,138
7/4/2014 14:00,214,110,104
7/4/2014 15:00,282,130,152
7/4/2014 16:00,290,147,143
7/4/2014 17:00,236,107,129
7/4/2014 18:00,191,96,95
7/4/2014 19:00,149,72,77
7/4/2014 20:00,131,59,72
7/4/2014 21:00,127,57,70
7/4/2014 22:00,75,43,32
7/4/2014 23:00,275,76,199
7/5/2014 0:00,73,24,49
7/5/2014 1:00,34,14,20
7/5/2014 2:00,12,9,3
7/5/2014 3:00,2,0,2
7/5/2014 4:00,7,4,3
7/5/2014 5:00,9,6,3
7/5/2014 6:00,19,12,7
7/5/2014 7:00,59,38,21
7/5/2014 8:00,76,42,34
7/5/2014 9:00,98,49,49
7/5/2014 10:00,142,77,65
7/5/2014 11:00,155,94,61
7/5/2014 12:00,169,82,87
7/5/2014 13:00,167,85,82
7/5/2014 14:00,126,67,59
7/5/2014 15:00,120,69,51
7/5/2014 16:00,149,82,67
7/5/2014 17:00,151,79,72
7/5/2014 18:00,138,59,79
7/5/2014 19:00,95,40,55
7/5/2014 20:00,72,31,41
7/5/2014 21:00,44,12,32
7/5/2014 22:00,34,22,12
7/5/2014 23:00,25,7,18
7/6/2014 0:00,19,10,9
7/6/2014 1:00,11,7,4
7/6/2014 2:00,4,1,3
7/6/2014 3:00,5,3,2
7/6/2014 4:00,2,1,1
7/6/2014 5:00,7,4,3
7/6/2014 6:00,15,5,10
7/6/2014 7:00,33,19,14
7/6/2014 8:00,113,84,29
7/6/2014 9:00,125,71,54
7/6/2014 10:00,151,68,83
7/6/2014 11:00,215,129,86
7/6/2014 12:00,249,133,116
7/6/2014 13:00,302,148,154
7/6/2014 14:00,306,170,136
7/6/2014 15:00,291,173,118
7/6/2014 16:00,233,142,91
7/6/2014 17:00,228,120,108
7/6/2014 18:00,170,83,87
7/6/2014 19:00,153,64,89
7/6/2014 20:00,115,73,42
7/6/2014 21:00,66,33,33
7/6/2014 22:00,48,25,23
7/6/2014 23:00,21,11,10
7/7/2014 0:00,13,4,9
7/7/2014 1:00,6,2,4
7/7/2014 2:00,6,4,2
7/7/2014 3:00,6,3,3
7/7/2014 4:00,16,8,8
7/7/2014 5:00,44,28,16
7/7/2014 6:00,161,104,57
7/7/2014 7:00,464,355,109
7/7/2014 8:00,531,367,164
7/7/2014 9:00,285,176,109
7/7/2014 10:00,128,73,55
7/7/2014 11:00,95,55,40
7/7/2014 12:00,107,56,51
7/7/2014 13:00,134,67,67
7/7/2014 14:00,136,74,62
7/7/2014 15:00,197,89,108
7/7/2014 16:00,315,128,187
7/7/2014 17:00,668,191,477
7/7/2014 18:00,494,177,317
7/7/2014 19:00,299,122,177
7/7/2014 20:00,152,63,89
7/7/2014 21:00,104,68,36
7/7/2014 22:00,64,25,39
7/7/2014 23:00,31,15,16
7/8/2014 0:00,27,11,16
7/8/2014 1:00,7,4,3
7/8/2014 2:00,8,3,5
7/8/2014 3:00,3,2,1
7/8/2014 4:00,13,8,5
7/8/2014 5:00,58,37,21
7/8/2014 6:00,233,160,73
7/8/2014 7:00,506,375,131
7/8/2014 8:00,594,429,165
7/8/2014 9:00,295,171,124
7/8/2014 10:00,181,105,76
7/8/2014 11:00,131,81,50
7/8/2014 12:00,155,85,70
7/8/2014 13:00,129,70,59
7/8/2014 14:00,114,49,65
7/8/2014 15:00,220,96,124
7/8/2014 16:00,391,160,231
7/8/2014 17:00,795,242,553
7/8/2014 18:00,574,179,395
7/8/2014 19:00,300,121,179
7/8/2014 20:00,209,85,124
7/8/2014 21:00,163,85,78
7/8/2014 22:00,71,28,43
7/8/2014 23:00,38,23,15
7/9/2014 0:00,17,5,12
7/9/2014 1:00,14,5,9
7/9/2014 2:00,5,4,1
7/9/2014 3:00,5,3,2
7/9/2014 4:00,13,5,8
7/9/2014 5:00,56,32,24
7/9/2014 6:00,228,160,68
7/9/2014 7:00,504,373,131
7/9/2014 8:00,633,452,181
7/9/2014 9:00,320,202,118
7/9/2014 10:00,145,88,57
7/9/2014 11:00,141,88,53
7/9/2014 12:00,130,69,61
7/9/2014 13:00,129,56,73
7/9/2014 14:00,118,60,58
7/9/2014 15:00,183,92,91
7/9/2014 16:00,410,152,258
7/9/2014 17:00,738,219,519
7/9/2014 18:00,608,200,408
7/9/2014 19:00,312,131,181
7/9/2014 20:00,192,81,111
7/9/2014 21:00,137,68,69
7/9/2014 22:00,62,33,29
7/9/2014 23:00,35,13,22
7/10/2014 0:00,19,11,8
7/10/2014 1:00,9,1,8
7/10/2014 2:00,6,5,1
7/10/2014 3:00,6,3,3
7/10/2014 4:00,9,8,1
7/10/2014 5:00,49,32,17
7/10/2014 6:00,200,144,56
7/10/2014 7:00,455,343,112
7/10/2014 8:00,621,426,195
7/10/2014 9:00,286,186,100
7/10/2014 10:00,123,63,60
7/10/2014 11:00,116,74,42
7/10/2014 12:00,124,64,60
7/10/2014 13:00,104,54,50
7/10/2014 14:00,137,68,69
7/10/2014 15:00,182,90,92
7/10/2014 16:00,346,134,212
7/10/2014 17:00,701,248,453
7/10/2014 18:00,514,187,327
7/10/2014 19:00,338,133,205
7/10/2014 20:00,203,94,109
7/10/2014 21:00,143,66,77
7/10/2014 22:00,65,29,36
7/10/2014 23:00,44,15,29
7/11/2014 0:00,31,19,12
7/11/2014 1:00,26,22,4
7/11/2014 2:00,12,5,7
7/11/2014 3:00,2,1,1
7/11/2014 4:00,15,7,8
7/11/2014 5:00,35,23,12
7/11/2014 6:00,143,104,39
7/11/2014 7:00,376,281,95
7/11/2014 8:00,514,342,172
7/11/2014 9:00,308,203,105
7/11/2014 10:00,150,84,66
7/11/2014 11:00,148,84,64
7/11/2014 12:00,115,69,46
7/11/2014 13:00,119,72,47
7/11/2014 14:00,142,70,72
7/11/2014 15:00,193,85,108
7/11/2014 16:00,371,130,241
7/11/2014 17:00,612,198,414
7/11/2014 18:00,346,126,220
7/11/2014 19:00,178,74,104
7/11/2014 20:00,112,60,52
7/11/2014 21:00,107,66,41
7/11/2014 22:00,73,35,38
7/11/2014 23:00,40,26,14
7/12/2014 0:00,24,9,15
7/12/2014 1:00,21,8,13
7/12/2014 2:00,11,5,6
7/12/2014 3:00,6,1,5
7/12/2014 4:00,50,14,36
7/12/2014 5:00,57,17,40
7/12/2014 6:00,57,21,36
7/12/2014 7:00,94,57,37
7/12/2014 8:00,114,67,47
7/12/2014 9:00,152,74,78
7/12/2014 10:00,198,116,82
7/12/2014 11:00,162,93,69
7/12/2014 12:00,169,80,89
7/12/2014 13:00,170,94,76
7/12/2014 14:00,142,89,53
7/12/2014 15:00,215,98,117
7/12/2014 16:00,142,68,74
7/12/2014 17:00,146,66,80
7/12/2014 18:00,109,54,55
7/12/2014 19:00,113,42,71
7/12/2014 20:00,139,65,74
7/12/2014 21:00,76,40,36
7/12/2014 22:00,46,31,15
7/12/2014 23:00,67,35,32
7/13/2014 0:00,29,16,13
7/13/2014 1:00,23,12,11
7/13/2014 2:00,11,9,2
7/13/2014 3:00,4,3,1
7/13/2014 4:00,4,2,2
7/13/2014 5:00,9,5,4
7/13/2014 6:00,28,14,14
7/13/2014 7:00,64,41,23
7/13/2014 8:00,114,71,43
7/13/2014 9:00,146,80,66
7/13/2014 10:00,177,98,79
7/13/2014 11:00,197,104,93
7/13/2014 12:00,192,119,73
7/13/2014 13:00,112,63,49
7/13/2014 14:00,136,74,62
7/13/2014 15:00,194,113,81
7/13/2014 16:00,169,80,89
7/13/2014 17:00,161,84,77
7/13/2014 18:00,126,64,62
7/13/2014 19:00,146,95,51
7/13/2014 20:00,84,47,37
7/13/2014 21:00,58,28,30
7/13/2014 22:00,86,25,61
7/13/2014 23:00,28,17,11
7/14/2014 0:00,11,4,7
7/14/2014 1:00,7,3,4
7/14/2014 2:00,1,1,0
7/14/2014 3:00,7,4,3
7/14/2014 4:00,7,2,5
7/14/2014 5:00,49,30,19
7/14/2014 6:00,162,112,50
7/14/2014 7:00,435,315,120
7/14/2014 8:00,550,393,157
7/14/2014 9:00,312,195,117
7/14/2014 10:00,134,75,59
7/14/2014 11:00,104,59,45
7/14/2014 12:00,82,43,39
7/14/2014 13:00,109,76,33
7/14/2014 14:00,128,57,71
7/14/2014 15:00,149,73,76
7/14/2014 16:00,343,119,224
7/14/2014 17:00,658,198,460
7/14/2014 18:00,562,205,357
7/14/2014 19:00,244,91,153
7/14/2014 20:00,200,94,106
7/14/2014 21:00,96,41,55
7/14/2014 22:00,45,20,25
7/14/2014 23:00,16,6,10
7/15/2014 0:00,16,4,12
7/15/2014 1:00,7,4,3
7/15/2014 2:00,4,3,1
7/15/2014 3:00,4,3,1
7/15/2014 4:00,9,7,2
7/15/2014 5:00,53,36,17
7/15/2014 6:00,199,137,62
7/15/2014 7:00,501,378,123
7/15/2014 8:00,624,416,208
7/15/2014 9:00,316,204,112
7/15/2014 10:00,146,73,73
7/15/2014 11:00,97,57,40
7/15/2014 12:00,144,95,49
7/15/2014 13:00,97,48,49
7/15/2014 14:00,92,42,50
7/15/2014 15:00,151,77,74
7/15/2014 16:00,379,136,243
7/15/2014 17:00,732,219,513
7/15/2014 18:00,598,193,405
7/15/2014 19:00,339,139,200
7/15/2014 20:00,203,90,113
7/15/2014 21:00,118,60,58
7/15/2014 22:00,83,44,39
7/15/2014 23:00,29,11,18
7/16/2014 0:00,12,7,5
7/16/2014 1:00,17,10,7
7/16/2014 2:00,3,2,1
7/16/2014 3:00,4,3,1
7/16/2014 4:00,10,7,3
7/16/2014 5:00,58,42,16
7/16/2014 6:00,214,143,71
7/16/2014 7:00,507,372,135
7/16/2014 8:00,589,408,181
7/16/2014 9:00,302,188,114
7/16/2014 10:00,176,109,67
7/16/2014 11:00,109,65,44
7/16/2014 12:00,145,66,79
7/16/2014 13:00,142,78,64
7/16/2014 14:00,141,60,81
7/16/2014 15:00,192,74,118
7/16/2014 16:00,359,133,226
7/16/2014 17:00,706,191,515
7/16/2014 18:00,580,213,367
7/16/2014 19:00,285,119,166
7/16/2014 20:00,239,97,142
7/16/2014 21:00,133,58,75
7/16/2014 22:00,50,22,28
7/16/2014 23:00,36,15,21
7/17/2014 0:00,32,18,14
7/17/2014 1:00,9,6,3
7/17/2014 2:00,6,5,1
7/17/2014 3:00,2,1,1
7/17/2014 4:00,9,7,2
7/17/2014 5:00,45,28,17
7/17/2014 6:00,144,102,42
7/17/2014 7:00,424,318,106
7/17/2014 8:00,543,365,178
7/17/2014 9:00,298,193,105
7/17/2014 10:00,130,80,50
7/17/2014 11:00,122,71,51
7/17/2014 12:00,111,59,52
7/17/2014 13:00,110,51,59
7/17/2014 14:00,132,71,61
7/17/2014 15:00,143,62,81
7/17/2014 16:00,347,122,225
7/17/2014 17:00,682,205,477
7/17/2014 18:00,454,177,277
7/17/2014 19:00,320,144,176
7/17/2014 20:00,197,103,94
7/17/2014 21:00,140,59,81
7/17/2014 22:00,81,45,36
7/17/2014 23:00,54,18,36
7/18/2014 0:00,22,14,8
7/18/2014 1:00,8,4,4
7/18/2014 2:00,5,2,3
7/18/2014 3:00,4,3,1
7/18/2014 4:00,13,8,5
7/18/2014 5:00,35,22,13
7/18/2014 6:00,152,97,55
7/18/2014 7:00,349,262,87
7/18/2014 8:00,475,328,147
7/18/2014 9:00,273,180,93
7/18/2014 10:00,136,88,48
7/18/2014 11:00,108,48,60
7/18/2014 12:00,145,83,62
7/18/2014 13:00,126,55,71
7/18/2014 14:00,142,80,62
7/18/2014 15:00,220,102,118
7/18/2014 16:00,383,133,250
7/18/2014 17:00,635,212,423
7/18/2014 18:00,439,176,263
7/18/2014 19:00,202,78,124
7/18/2014 20:00,112,42,70
7/18/2014 21:00,70,44,26
7/18/2014 22:00,52,25,27
7/18/2014 23:00,29,13,16
7/19/2014 0:00,34,17,17
7/19/2014 1:00,19,6,13
7/19/2014 2:00,9,4,5
7/19/2014 3:00,0,0,0
7/19/2014 4:00,3,1,2
7/19/2014 5:00,10,6,4
7/19/2014 6:00,25,13,12
7/19/2014 7:00,56,32,24
7/19/2014 8:00,95,50,45
7/19/2014 9:00,129,60,69
7/19/2014 10:00,127,63,64
7/19/2014 11:00,129,79,50
7/19/2014 12:00,193,109,84
7/19/2014 13:00,181,78,103
7/19/2014 14:00,164,87,77
7/19/2014 15:00,206,87,119
7/19/2014 16:00,181,91,90
7/19/2014 17:00,145,75,70
7/19/2014 18:00,150,78,72
7/19/2014 19:00,89,36,53
7/19/2014 20:00,55,23,32
7/19/2014 21:00,53,26,27
7/19/2014 22:00,33,21,12
7/19/2014 23:00,34,17,17
7/20/2014 0:00,21,8,13
7/20/2014 1:00,14,7,7
7/20/2014 2:00,7,4,3
7/20/2014 3:00,5,4,1
7/20/2014 4:00,5,3,2
7/20/2014 5:00,4,3,1
7/20/2014 6:00,12,8,4
7/20/2014 7:00,30,19,11
7/20/2014 8:00,53,34,19
7/20/2014 9:00,68,34,34
7/20/2014 10:00,96,60,36
7/20/2014 11:00,102,63,39
7/20/2014 12:00,108,61,47
7/20/2014 13:00,172,105,67
7/20/2014 14:00,153,92,61
7/20/2014 15:00,174,77,97
7/20/2014 16:00,171,84,87
7/20/2014 17:00,79,39,40
7/20/2014 18:00,74,38,36
7/20/2014 19:00,71,24,47
7/20/2014 20:00,40,16,24
7/20/2014 21:00,39,17,22
7/20/2014 22:00,19,7,12
7/20/2014 23:00,18,2,16
7/21/2014 0:00,10,4,6
7/21/2014 1:00,1,1,0
7/21/2014 2:00,3,2,1
7/21/2014 3:00,7,5,2
7/21/2014 4:00,13,9,4
7/21/2014 5:00,45,34,11
7/21/2014 6:00,164,110,54
7/21/2014 7:00,422,303,119
7/21/2014 8:00,528,354,174
7/21/2014 9:00,303,192,111
7/21/2014 10:00,136,85,51
7/21/2014 11:00,97,48,49
7/21/2014 12:00,142,83,59
7/21/2014 13:00,93,42,51
7/21/2014 14:00,143,65,78
7/21/2014 15:00,176,84,92
7/21/2014 16:00,372,164,208
7/21/2014 17:00,715,225,490
7/21/2014 18:00,492,195,297
7/21/2014 19:00,303,124,179
7/21/2014 20:00,200,91,109
7/21/2014 21:00,78,28,50
7/21/2014 22:00,57,26,31
7/21/2014 23:00,25,11,14
7/22/2014 0:00,8,2,6
7/22/2014 1:00,4,4,0
7/22/2014 2:00,9,6,3
7/22/2014 3:00,3,1,2
7/22/2014 4:00,11,4,7
7/22/2014 5:00,62,47,15
7/22/2014 6:00,218,150,68
7/22/2014 7:00,542,405,137
7/22/2014 8:00,594,400,194
7/22/2014 9:00,313,200,113
7/22/2014 10:00,135,87,48
7/22/2014 11:00,107,55,52
7/22/2014 12:00,110,62,48
7/22/2014 13:00,108,49,59
7/22/2014 14:00,97,50,47
7/22/2014 15:00,186,86,100
7/22/2014 16:00,344,117,227
7/22/2014 17:00,702,211,491
7/22/2014 18:00,562,213,349
7/22/2014 19:00,299,120,179
7/22/2014 20:00,183,67,116
7/22/2014 21:00,86,41,45
7/22/2014 22:00,67,29,38
7/22/2014 23:00,28,10,18
7/23/2014 0:00,18,8,10
7/23/2014 1:00,5,3,2
7/23/2014 2:00,4,2,2
7/23/2014 3:00,3,1,2
7/23/2014 4:00,4,3,1
7/23/2014 5:00,38,30,8
7/23/2014 6:00,96,64,32
7/23/2014 7:00,197,144,53
7/23/2014 8:00,275,191,84
7/23/2014 9:00,140,86,54
7/23/2014 10:00,60,32,28
7/23/2014 11:00,38,19,19
7/23/2014 12:00,22,8,14
7/23/2014 13:00,38,22,16
7/23/2014 14:00,39,20,19
7/23/2014 15:00,42,16,26
7/23/2014 16:00,141,46,95
7/23/2014 17:00,280,88,192
7/23/2014 18:00,249,89,160
7/23/2014 19:00,122,43,79
7/23/2014 20:00,84,35,49
7/23/2014 21:00,45,20,25
7/23/2014 22:00,32,17,15
7/23/2014 23:00,17,6,11
7/24/2014 0:00,14,9,5
7/24/2014 1:00,8,7,1
7/24/2014 2:00,4,1,3
7/24/2014 3:00,2,1,1
7/24/2014 4:00,7,4,3
7/24/2014 5:00,38,29,9
7/24/2014 6:00,112,80,32
7/24/2014 7:00,282,214,68
7/24/2014 8:00,374,253,121
7/24/2014 9:00,231,151,80
7/24/2014 10:00,83,48,35
7/24/2014 11:00,70,36,34
7/24/2014 12:00,90,48,42
7/24/2014 13:00,80,41,39
7/24/2014 14:00,74,37,37
7/24/2014 15:00,116,42,74
7/24/2014 16:00,192,74,118
7/24/2014 17:00,461,134,327
7/24/2014 18:00,346,134,212
7/24/2014 19:00,207,81,126
7/24/2014 20:00,99,49,50
7/24/2014 21:00,52,14,38
7/24/2014 22:00,39,20,19
7/24/2014 23:00,21,9,12
7/25/2014 0:00,15,7,8
7/25/2014 1:00,6,4,2
7/25/2014 2:00,11,7,4
7/25/2014 3:00,2,1,1
7/25/2014 4:00,10,4,6
7/25/2014 5:00,43,28,15
7/25/2014 6:00,113,81,32
7/25/2014 7:00,308,218,90
7/25/2014 8:00,501,354,147
7/25/2014 9:00,261,170,91
7/25/2014 10:00,138,88,50
7/25/2014 11:00,116,73,43
7/25/2014 12:00,186,110,76
7/25/2014 13:00,165,84,81
7/25/2014 14:00,168,80,88
7/25/2014 15:00,168,79,89
7/25/2014 16:00,367,154,213
7/25/2014 17:00,562,178,384
7/25/2014 18:00,405,154,251
7/25/2014 19:00,200,76,124
7/25/2014 20:00,130,42,88
7/25/2014 21:00,96,60,36
7/25/2014 22:00,50,30,20
7/25/2014 23:00,51,18,33
7/26/2014 0:00,27,12,15
7/26/2014 1:00,18,10,8
7/26/2014 2:00,16,9,7
7/26/2014 3:00,5,5,0
7/26/2014 4:00,5,2,3
7/26/2014 5:00,15,12,3
7/26/2014 6:00,37,19,18
7/26/2014 7:00,74,34,40
7/26/2014 8:00,119,65,54
7/26/2014 9:00,150,70,80
7/26/2014 10:00,142,77,65
7/26/2014 11:00,235,124,111
7/26/2014 12:00,247,152,95
7/26/2014 13:00,192,136,56
7/26/2014 14:00,239,130,109
7/26/2014 15:00,252,139,113
7/26/2014 16:00,192,105,87
7/26/2014 17:00,219,118,101
7/26/2014 18:00,154,86,68
7/26/2014 19:00,141,79,62
7/26/2014 20:00,89,48,41
7/26/2014 21:00,58,26,32
7/26/2014 22:00,44,12,32
7/26/2014 23:00,40,18,22
7/27/2014 0:00,35,13,22
7/27/2014 1:00,17,10,7
7/27/2014 2:00,10,4,6
7/27/2014 3:00,6,4,2
7/27/2014 4:00,7,4,3
7/27/2014 5:00,7,6,1
7/27/2014 6:00,18,7,11
7/27/2014 7:00,41,20,21
7/27/2014 8:00,96,57,39
7/27/2014 9:00,130,63,67
7/27/2014 10:00,177,75,102
7/27/2014 11:00,211,114,97
7/27/2014 12:00,233,138,95
7/27/2014 13:00,231,127,104
7/27/2014 14:00,262,145,117
7/27/2014 15:00,238,138,100
7/27/2014 16:00,228,109,119
7/27/2014 17:00,194,115,79
7/27/2014 18:00,157,89,68
7/27/2014 19:00,130,77,53
7/27/2014 20:00,81,44,37
7/27/2014 21:00,73,41,32
7/27/2014 22:00,31,16,15
7/27/2014 23:00,14,3,11
7/28/2014 0:00,9,3,6
7/28/2014 1:00,14,9,5
7/28/2014 2:00,6,5,1
7/28/2014 3:00,5,4,1
7/28/2014 4:00,13,9,4
7/28/2014 5:00,65,42,23
7/28/2014 6:00,170,105,65
7/28/2014 7:00,455,334,121
7/28/2014 8:00,629,431,198
7/28/2014 9:00,284,184,100
7/28/2014 10:00,171,92,79
7/28/2014 11:00,138,77,61
7/28/2014 12:00,105,64,41
7/28/2014 13:00,104,42,62
7/28/2014 14:00,135,75,60
7/28/2014 15:00,176,90,86
7/28/2014 16:00,346,143,203
7/28/2014 17:00,679,210,469
7/28/2014 18:00,577,228,349
7/28/2014 19:00,293,109,184
7/28/2014 20:00,203,91,112
7/28/2014 21:00,119,43,76
7/28/2014 22:00,69,26,43
7/28/2014 23:00,31,15,16
7/29/2014 0:00,17,7,10
7/29/2014 1:00,9,3,6
7/29/2014 2:00,4,4,0
7/29/2014 3:00,2,0,2
7/29/2014 4:00,11,7,4
7/29/2014 5:00,58,39,19
7/29/2014 6:00,214,143,71
7/29/2014 7:00,532,382,150
7/29/2014 8:00,670,470,200
7/29/2014 9:00,338,202,136
7/29/2014 10:00,158,96,62
7/29/2014 11:00,117,60,57
7/29/2014 12:00,143,77,66
7/29/2014 13:00,134,60,74
7/29/2014 14:00,118,47,71
7/29/2014 15:00,168,65,103
7/29/2014 16:00,370,138,232
7/29/2014 17:00,801,230,571
7/29/2014 18:00,586,209,377
7/29/2014 19:00,333,156,177
7/29/2014 20:00,191,75,116
7/29/2014 21:00,155,78,77
7/29/2014 22:00,74,37,37
7/29/2014 23:00,45,21,24
7/30/2014 0:00,13,2,11
7/30/2014 1:00,10,8,2
7/30/2014 2:00,9,2,7
7/30/2014 3:00,3,1,2
7/30/2014 4:00,6,5,1
7/30/2014 5:00,54,38,16
7/30/2014 6:00,211,145,66
7/30/2014 7:00,482,350,132
7/30/2014 8:00,632,419,213
7/30/2014 9:00,337,205,132
7/30/2014 10:00,166,109,57
7/30/2014 11:00,118,68,50
7/30/2014 12:00,106,46,60
7/30/2014 13:00,137,54,83
7/30/2014 14:00,129,53,76
7/30/2014 15:00,199,88,111
7/30/2014 16:00,382,149,233
7/30/2014 17:00,755,227,528
7/30/2014 18:00,583,205,378
7/30/2014 19:00,279,105,174
7/30/2014 20:00,209,91,118
7/30/2014 21:00,126,68,58
7/30/2014 22:00,73,32,41
7/30/2014 23:00,40,15,25
7/31/2014 0:00,15,8,7
7/31/2014 1:00,10,7,3
7/31/2014 2:00,6,2,4
7/31/2014 3:00,4,1,3
7/31/2014 4:00,12,9,3
7/31/2014 5:00,42,29,13
7/31/2014 6:00,174,106,68
7/31/2014 7:00,483,369,114
7/31/2014 8:00,612,415,197
7/31/2014 9:00,314,192,122
7/31/2014 10:00,170,94,76
7/31/2014 11:00,116,70,46
7/31/2014 12:00,133,64,69
7/31/2014 13:00,121,55,66
7/31/2014 14:00,133,63,70
7/31/2014 15:00,180,84,96
7/31/2014 16:00,353,130,223
7/31/2014 17:00,670,204,466
7/31/2014 18:00,544,167,377
7/31/2014 19:00,289,105,184
7/31/2014 20:00,189,81,108
7/31/2014 21:00,123,72,51
7/31/2014 22:00,102,63,39
7/31/2014 23:00,40,15,25
8/1/2014 0:00,25,11,14
8/1/2014 1:00,8,3,5
8/1/2014 2:00,8,1,7
8/1/2014 3:00,3,2,1
8/1/2014 4:00,11,6,5
8/1/2014 5:00,41,24,17
8/1/2014 6:00,144,101,43
8/1/2014 7:00,338,241,97
8/1/2014 8:00,511,355,156
8/1/2014 9:00,306,192,114
8/1/2014 10:00,147,86,61
8/1/2014 11:00,138,69,69
8/1/2014 12:00,122,56,66
8/1/2014 13:00,131,58,73
8/1/2014 14:00,146,66,80
8/1/2014 15:00,190,89,101
8/1/2014 16:00,373,125,248
8/1/2014 17:00,537,201,336
8/1/2014 18:00,373,139,234
8/1/2014 19:00,202,93,109
8/1/2014 20:00,143,62,81
8/1/2014 21:00,87,37,50
8/1/2014 22:00,77,26,51
8/1/2014 23:00,45,9,36
8/2/2014 0:00,23,7,16
8/2/2014 1:00,47,6,41
8/2/2014 2:00,12,7,5
8/2/2014 3:00,6,3,3
8/2/2014 4:00,3,1,2
8/2/2014 5:00,12,5,7
8/2/2014 6:00,42,18,24
8/2/2014 7:00,71,44,27
8/2/2014 8:00,142,72,70
8/2/2014 9:00,138,81,57
8/2/2014 10:00,98,60,38
8/2/2014 11:00,129,76,53
8/2/2014 12:00,156,90,66
8/2/2014 13:00,151,85,66
8/2/2014 14:00,156,95,61
8/2/2014 15:00,166,87,79
8/2/2014 16:00,166,87,79
8/2/2014 17:00,112,60,52
8/2/2014 18:00,148,76,72
8/2/2014 19:00,120,63,57
8/2/2014 20:00,84,41,43
8/2/2014 21:00,41,26,15
8/2/2014 22:00,49,24,25
8/2/2014 23:00,38,22,16
8/3/2014 0:00,20,8,12
8/3/2014 1:00,8,2,6
8/3/2014 2:00,8,2,6
8/3/2014 3:00,4,3,1
8/3/2014 4:00,7,3,4
8/3/2014 5:00,7,2,5
8/3/2014 6:00,24,11,13
8/3/2014 7:00,53,28,25
8/3/2014 8:00,100,53,47
8/3/2014 9:00,147,81,66
8/3/2014 10:00,197,95,102
8/3/2014 11:00,197,121,76
8/3/2014 12:00,249,127,122
8/3/2014 13:00,212,128,84
8/3/2014 14:00,218,127,91
8/3/2014 15:00,223,117,106
8/3/2014 16:00,210,99,111
8/3/2014 17:00,193,101,92
8/3/2014 18:00,159,83,76
8/3/2014 19:00,100,47,53
8/3/2014 20:00,70,42,28
8/3/2014 21:00,52,22,30
8/3/2014 22:00,42,22,20
8/3/2014 23:00,17,6,11
8/4/2014 0:00,17,7,10
8/4/2014 1:00,9,4,5
8/4/2014 2:00,4,1,3
8/4/2014 3:00,6,3,3
8/4/2014 4:00,10,7,3
8/4/2014 5:00,52,28,24
8/4/2014 6:00,165,111,54
8/4/2014 7:00,439,315,124
8/4/2014 8:00,606,421,185
8/4/2014 9:00,326,204,122
8/4/2014 10:00,139,79,60
8/4/2014 11:00,88,47,41
8/4/2014 12:00,96,54,42
8/4/2014 13:00,107,61,46
8/4/2014 14:00,146,90,56
8/4/2014 15:00,178,80,98
8/4/2014 16:00,357,131,226
8/4/2014 17:00,748,209,539
8/4/2014 18:00,531,181,350
8/4/2014 19:00,303,121,182
8/4/2014 20:00,156,59,97
8/4/2014 21:00,99,49,50
8/4/2014 22:00,67,26,41
8/4/2014 23:00,41,11,30
8/5/2014 0:00,24,8,16
8/5/2014 1:00,7,4,3
8/5/2014 2:00,3,2,1
8/5/2014 3:00,6,2,4
8/5/2014 4:00,6,1,5
8/5/2014 5:00,55,38,17
8/5/2014 6:00,186,125,61
8/5/2014 7:00,463,344,119
8/5/2014 8:00,637,440,197
8/5/2014 9:00,308,179,129
8/5/2014 10:00,120,57,63
8/5/2014 11:00,138,69,69
8/5/2014 12:00,121,60,61
8/5/2014 13:00,124,65,59
8/5/2014 14:00,130,72,58
8/5/2014 15:00,170,81,89
8/5/2014 16:00,378,141,237
8/5/2014 17:00,743,210,533
8/5/2014 18:00,493,196,297
8/5/2014 19:00,332,112,220
8/5/2014 20:00,177,86,91
8/5/2014 21:00,95,50,45
8/5/2014 22:00,57,27,30
8/5/2014 23:00,46,23,23
8/6/2014 0:00,33,15,18
8/6/2014 1:00,11,4,7
8/6/2014 2:00,3,0,3
8/6/2014 3:00,5,2,3
8/6/2014 4:00,14,7,7
8/6/2014 5:00,41,24,17
8/6/2014 6:00,177,116,61
8/6/2014 7:00,418,302,116
8/6/2014 8:00,579,392,187
8/6/2014 9:00,320,204,116
8/6/2014 10:00,131,79,52
8/6/2014 11:00,125,64,61
8/6/2014 12:00,127,77,50
8/6/2014 13:00,134,57,77
8/6/2014 14:00,140,62,78
8/6/2014 15:00,188,85,103
8/6/2014 16:00,382,159,223
8/6/2014 17:00,727,228,499
8/6/2014 18:00,545,184,361
8/6/2014 19:00,295,132,163
8/6/2014 20:00,160,64,96
8/6/2014 21:00,117,63,54
8/6/2014 22:00,67,29,38
8/6/2014 23:00,39,18,21
8/7/2014 0:00,21,11,10
8/7/2014 1:00,4,3,1
8/7/2014 2:00,5,2,3
8/7/2014 3:00,6,2,4
8/7/2014 4:00,11,5,6
8/7/2014 5:00,53,37,16
8/7/2014 6:00,156,101,55
8/7/2014 7:00,415,305,110
8/7/2014 8:00,593,410,183
8/7/2014 9:00,323,199,124
8/7/2014 10:00,132,76,56
8/7/2014 11:00,74,30,44
8/7/2014 12:00,108,47,61
8/7/2014 13:00,97,41,56
8/7/2014 14:00,118,53,65
8/7/2014 15:00,194,93,101
8/7/2014 16:00,337,124,213
8/7/2014 17:00,697,225,472
8/7/2014 18:00,539,219,320
8/7/2014 19:00,275,108,167
8/7/2014 20:00,183,88,95
8/7/2014 21:00,100,37,63
8/7/2014 22:00,63,31,32
8/7/2014 23:00,49,14,35
8/8/2014 0:00,25,9,16
8/8/2014 1:00,11,5,6
8/8/2014 2:00,4,3,1
8/8/2014 3:00,6,0,6
8/8/2014 4:00,8,3,5
8/8/2014 5:00,43,27,16
8/8/2014 6:00,137,85,52
8/8/2014 7:00,295,193,102
8/8/2014 8:00,400,255,145
8/8/2014 9:00,259,154,105
8/8/2014 10:00,107,44,63
8/8/2014 11:00,106,43,63
8/8/2014 12:00,133,69,64
8/8/2014 13:00,159,84,75
8/8/2014 14:00,156,61,95
8/8/2014 15:00,201,100,101
8/8/2014 16:00,358,148,210
8/8/2014 17:00,586,189,397
8/8/2014 18:00,406,174,232
8/8/2014 19:00,209,100,109
8/8/2014 20:00,133,67,66
8/8/2014 21:00,93,48,45
8/8/2014 22:00,67,21,46
8/8/2014 23:00,54,19,35
8/9/2014 0:00,25,6,19
8/9/2014 1:00,18,10,8
8/9/2014 2:00,10,2,8
8/9/2014 3:00,6,5,1
8/9/2014 4:00,4,0,4
8/9/2014 5:00,11,5,6
8/9/2014 6:00,29,15,14
8/9/2014 7:00,57,29,28
8/9/2014 8:00,123,71,52
8/9/2014 9:00,174,114,60
8/9/2014 10:00,166,97,69
8/9/2014 11:00,180,101,79
8/9/2014 12:00,195,97,98
8/9/2014 13:00,214,111,103
8/9/2014 14:00,210,102,108
8/9/2014 15:00,199,114,85
8/9/2014 16:00,185,93,92
8/9/2014 17:00,139,80,59
8/9/2014 18:00,155,83,72
8/9/2014 19:00,117,46,71
8/9/2014 20:00,86,43,43
8/9/2014 21:00,54,33,21
8/9/2014 22:00,43,18,25
8/9/2014 23:00,29,14,15
8/10/2014 0:00,25,7,18
8/10/2014 1:00,18,10,8
8/10/2014 2:00,6,1,5
8/10/2014 3:00,6,5,1
8/10/2014 4:00,5,2,3
8/10/2014 5:00,6,2,4
8/10/2014 6:00,31,16,15
8/10/2014 7:00,67,40,27
8/10/2014 8:00,109,50,59
8/10/2014 9:00,139,64,75
8/10/2014 10:00,174,102,72
8/10/2014 11:00,175,103,72
8/10/2014 12:00,184,100,84
8/10/2014 13:00,232,134,98
8/10/2014 14:00,215,123,92
8/10/2014 15:00,208,107,101
8/10/2014 16:00,194,99,95
8/10/2014 17:00,154,76,78
8/10/2014 18:00,149,90,59
8/10/2014 19:00,152,67,85
8/10/2014 20:00,135,93,42
8/10/2014 21:00,81,47,34
8/10/2014 22:00,55,25,30
8/10/2014 23:00,30,17,13
8/11/2014 0:00,14,5,9
8/11/2014 1:00,16,8,8
8/11/2014 2:00,1,1,0
8/11/2014 3:00,6,2,4
8/11/2014 4:00,9,5,4
8/11/2014 5:00,52,33,19
8/11/2014 6:00,160,107,53
8/11/2014 7:00,415,312,103
8/11/2014 8:00,602,414,188
8/11/2014 9:00,276,179,97
8/11/2014 10:00,139,80,59
8/11/2014 11:00,104,59,45
8/11/2014 12:00,103,50,53
8/11/2014 13:00,106,49,57
8/11/2014 14:00,127,66,61
8/11/2014 15:00,165,57,108
8/11/2014 16:00,312,99,213
8/11/2014 17:00,621,158,463
8/11/2014 18:00,510,190,320
8/11/2014 19:00,233,100,133
8/11/2014 20:00,200,73,127
8/11/2014 21:00,68,32,36
8/11/2014 22:00,51,14,37
8/11/2014 23:00,35,17,18
8/12/2014 0:00,13,5,8
8/12/2014 1:00,4,2,2
8/12/2014 2:00,7,5,2
8/12/2014 3:00,4,1,3
8/12/2014 4:00,10,6,4
8/12/2014 5:00,39,30,9
8/12/2014 6:00,154,105,49
8/12/2014 7:00,414,316,98
8/12/2014 8:00,480,327,153
8/12/2014 9:00,257,150,107
8/12/2014 10:00,92,51,41
8/12/2014 11:00,80,46,34
8/12/2014 12:00,63,33,30
8/12/2014 13:00,89,48,41
8/12/2014 14:00,95,46,49
8/12/2014 15:00,134,64,70
8/12/2014 16:00,322,111,211
8/12/2014 17:00,580,186,394
8/12/2014 18:00,460,159,301
8/12/2014 19:00,229,97,132
8/12/2014 20:00,116,47,69
8/12/2014 21:00,57,25,32
8/12/2014 22:00,40,15,25
8/12/2014 23:00,28,14,14
8/13/2014 0:00,14,6,8
8/13/2014 1:00,5,2,3
8/13/2014 2:00,1,0,1
8/13/2014 3:00,8,5,3
8/13/2014 4:00,1,0,1
8/13/2014 5:00,26,21,5
8/13/2014 6:00,103,65,38
8/13/2014 7:00,277,192,85
8/13/2014 8:00,434,299,135
8/13/2014 9:00,225,135,90
8/13/2014 10:00,99,52,47
8/13/2014 11:00,75,48,27
8/13/2014 12:00,71,41,30
8/13/2014 13:00,82,49,33
8/13/2014 14:00,85,39,46
8/13/2014 15:00,133,60,73
8/13/2014 16:00,258,103,155
8/13/2014 17:00,499,147,352
8/13/2014 18:00,430,153,277
8/13/2014 19:00,190,76,114
8/13/2014 20:00,129,52,77
8/13/2014 21:00,69,33,36
8/13/2014 22:00,56,30,26
8/13/2014 23:00,16,5,11
8/14/2014 0:00,15,7,8
8/14/2014 1:00,9,3,6
8/14/2014 2:00,6,3,3
8/14/2014 3:00,4,1,3
8/14/2014 4:00,8,6,2
8/14/2014 5:00,36,23,13
8/14/2014 6:00,158,105,53
8/14/2014 7:00,381,273,108
8/14/2014 8:00,516,359,157
8/14/2014 9:00,310,196,114
8/14/2014 10:00,127,67,60
8/14/2014 11:00,82,45,37
8/14/2014 12:00,120,56,64
8/14/2014 13:00,113,56,57
8/14/2014 14:00,114,54,60
8/14/2014 15:00,149,65,84
8/14/2014 16:00,251,99,152
8/14/2014 17:00,597,177,420
8/14/2014 18:00,479,176,303
8/14/2014 19:00,229,89,140
8/14/2014 20:00,146,64,82
8/14/2014 21:00,84,36,48
8/14/2014 22:00,64,33,31
8/14/2014 23:00,31,16,15
8/15/2014 0:00,16,4,12
8/15/2014 1:00,11,4,7
8/15/2014 2:00,6,2,4
8/15/2014 3:00,3,0,3
8/15/2014 4:00,13,5,8
8/15/2014 5:00,52,31,21
8/15/2014 6:00,141,87,54
8/15/2014 7:00,290,202,88
8/15/2014 8:00,372,254,118
8/15/2014 9:00,183,105,78
8/15/2014 10:00,89,53,36
8/15/2014 11:00,70,45,25
8/15/2014 12:00,87,40,47
8/15/2014 13:00,93,41,52
8/15/2014 14:00,102,50,52
8/15/2014 15:00,166,71,95
8/15/2014 16:00,276,93,183
8/15/2014 17:00,480,154,326
8/15/2014 18:00,318,109,209
8/15/2014 19:00,138,58,80
8/15/2014 20:00,86,30,56
8/15/2014 21:00,49,17,32
8/15/2014 22:00,43,23,20
8/15/2014 23:00,38,12,26
8/16/2014 0:00,20,10,10
8/16/2014 1:00,10,3,7
8/16/2014 2:00,14,8,6
8/16/2014 3:00,11,9,2
8/16/2014 4:00,5,1,4
8/16/2014 5:00,13,6,7
8/16/2014 6:00,41,14,27
8/16/2014 7:00,61,30,31
8/16/2014 8:00,96,45,51
8/16/2014 9:00,148,82,66
8/16/2014 10:00,150,90,60
8/16/2014 11:00,190,94,96
8/16/2014 12:00,172,100,72
8/16/2014 13:00,197,113,84
8/16/2014 14:00,210,112,98
8/16/2014 15:00,221,123,98
8/16/2014 16:00,206,113,93
8/16/2014 17:00,172,77,95
8/16/2014 18:00,154,58,96
8/16/2014 19:00,118,52,66
8/16/2014 20:00,82,39,43
8/16/2014 21:00,36,12,24
8/16/2014 22:00,39,18,21
8/16/2014 23:00,18,9,9
8/17/2014 0:00,27,8,19
8/17/2014 1:00,12,3,9
8/17/2014 2:00,8,1,7
8/17/2014 3:00,4,3,1
8/17/2014 4:00,7,1,6
8/17/2014 5:00,7,4,3
8/17/2014 6:00,18,12,6
8/17/2014 7:00,46,20,26
8/17/2014 8:00,77,37,40
8/17/2014 9:00,113,49,64
8/17/2014 10:00,126,74,52
8/17/2014 11:00,196,111,85
8/17/2014 12:00,229,123,106
8/17/2014 13:00,216,129,87
8/17/2014 14:00,254,131,123
8/17/2014 15:00,236,143,93
8/17/2014 16:00,217,97,120
8/17/2014 17:00,207,116,91
8/17/2014 18:00,139,82,57
8/17/2014 19:00,99,42,57
8/17/2014 20:00,107,61,46
8/17/2014 21:00,49,20,29
8/17/2014 22:00,26,12,14
8/17/2014 23:00,26,14,12
8/18/2014 0:00,12,3,9
8/18/2014 1:00,5,4,1
8/18/2014 2:00,4,0,4
8/18/2014 3:00,5,2,3
8/18/2014 4:00,9,7,2
8/18/2014 5:00,40,25,15
8/18/2014 6:00,170,113,57
8/18/2014 7:00,461,331,130
8/18/2014 8:00,587,407,180
8/18/2014 9:00,449,201,248
8/18/2014 10:00,128,75,53
8/18/2014 11:00,105,46,59
8/18/2014 12:00,100,63,37
8/18/2014 13:00,136,60,76
8/18/2014 14:00,147,68,79
8/18/2014 15:00,172,80,92
8/18/2014 16:00,306,115,191
8/18/2014 17:00,716,201,515
8/18/2014 18:00,536,193,343
8/18/2014 19:00,257,97,160
8/18/2014 20:00,150,64,86
8/18/2014 21:00,71,32,39
8/18/2014 22:00,46,18,28
8/18/2014 23:00,24,9,15
8/19/2014 0:00,26,13,13
8/19/2014 1:00,7,4,3
8/19/2014 2:00,4,2,2
8/19/2014 3:00,7,4,3
8/19/2014 4:00,8,5,3
8/19/2014 5:00,44,32,12
8/19/2014 6:00,247,185,62
8/19/2014 7:00,472,341,131
8/19/2014 8:00,612,412,200
8/19/2014 9:00,343,200,143
8/19/2014 10:00,150,80,70
8/19/2014 11:00,143,82,61
8/19/2014 12:00,128,60,68
8/19/2014 13:00,124,62,62
8/19/2014 14:00,122,50,72
8/19/2014 15:00,194,87,107
8/19/2014 16:00,357,132,225
8/19/2014 17:00,749,229,520
8/19/2014 18:00,565,200,365
8/19/2014 19:00,294,122,172
8/19/2014 20:00,150,52,98
8/19/2014 21:00,102,47,55
8/19/2014 22:00,51,23,28
8/19/2014 23:00,35,11,24
8/20/2014 0:00,17,11,6
8/20/2014 1:00,11,3,8
8/20/2014 2:00,6,4,2
8/20/2014 3:00,5,2,3
8/20/2014 4:00,10,6,4
8/20/2014 5:00,39,27,12
8/20/2014 6:00,170,111,59
8/20/2014 7:00,463,329,134
8/20/2014 8:00,512,350,162
8/20/2014 9:00,311,177,134
8/20/2014 10:00,115,60,55
8/20/2014 11:00,102,63,39
8/20/2014 12:00,94,44,50
8/20/2014 13:00,90,42,48
8/20/2014 14:00,118,57,61
8/20/2014 15:00,182,80,102
8/20/2014 16:00,354,134,220
8/20/2014 17:00,646,190,456
8/20/2014 18:00,320,120,200
8/20/2014 19:00,241,106,135
8/20/2014 20:00,164,63,101
8/20/2014 21:00,125,48,77
8/20/2014 22:00,66,22,44
8/20/2014 23:00,28,12,16
8/21/2014 0:00,10,5,5
8/21/2014 1:00,2,2,0
8/21/2014 2:00,8,6,2
8/21/2014 3:00,5,3,2
8/21/2014 4:00,12,8,4
8/21/2014 5:00,30,18,12
8/21/2014 6:00,152,102,50
8/21/2014 7:00,418,303,115
8/21/2014 8:00,529,359,170
8/21/2014 9:00,293,177,116
8/21/2014 10:00,137,77,60
8/21/2014 11:00,97,52,45
8/21/2014 12:00,81,49,32
8/21/2014 13:00,111,49,62
8/21/2014 14:00,135,61,74
8/21/2014 15:00,182,74,108
8/21/2014 16:00,310,119,191
8/21/2014 17:00,617,197,420
8/21/2014 18:00,560,223,337
8/21/2014 19:00,286,131,155
8/21/2014 20:00,184,85,99
8/21/2014 21:00,78,32,46
8/21/2014 22:00,55,28,27
8/21/2014 23:00,32,16,16
8/22/2014 0:00,15,7,8
8/22/2014 1:00,7,4,3
8/22/2014 2:00,13,2,11
8/22/2014 3:00,3,0,3
8/22/2014 4:00,10,8,2
8/22/2014 5:00,33,18,15
8/22/2014 6:00,132,91,41
8/22/2014 7:00,355,256,99
8/22/2014 8:00,463,308,155
8/22/2014 9:00,301,168,133
8/22/2014 10:00,129,71,58
8/22/2014 11:00,101,50,51
8/22/2014 12:00,133,70,63
8/22/2014 13:00,144,67,77
8/22/2014 14:00,138,67,71
8/22/2014 15:00,185,93,92
8/22/2014 16:00,337,117,220
8/22/2014 17:00,534,171,363
8/22/2014 18:00,380,140,240
8/22/2014 19:00,164,70,94
8/22/2014 20:00,105,32,73
8/22/2014 21:00,57,23,34
8/22/2014 22:00,64,27,37
8/22/2014 23:00,32,13,19
8/23/2014 0:00,31,9,22
8/23/2014 1:00,21,8,13
8/23/2014 2:00,13,9,4
8/23/2014 3:00,3,1,2
8/23/2014 4:00,4,2,2
8/23/2014 5:00,15,8,7
8/23/2014 6:00,26,13,13
8/23/2014 7:00,61,36,25
8/23/2014 8:00,107,63,44
8/23/2014 9:00,132,79,53
8/23/2014 10:00,239,178,61
8/23/2014 11:00,143,77,66
8/23/2014 12:00,201,123,78
8/23/2014 13:00,197,86,111
8/23/2014 14:00,185,84,101
8/23/2014 15:00,202,94,108
8/23/2014 16:00,220,109,111
8/23/2014 17:00,166,103,63
8/23/2014 18:00,173,83,90
8/23/2014 19:00,107,57,50
8/23/2014 20:00,76,36,40
8/23/2014 21:00,56,20,36
8/23/2014 22:00,20,10,10
8/23/2014 23:00,32,15,17
8/24/2014 0:00,18,4,14
8/24/2014 1:00,20,10,10
8/24/2014 2:00,10,8,2
8/24/2014 3:00,8,6,2
8/24/2014 4:00,5,4,1
8/24/2014 5:00,14,10,4
8/24/2014 6:00,21,9,12
8/24/2014 7:00,42,24,18
8/24/2014 8:00,84,47,37
8/24/2014 9:00,109,61,48
8/24/2014 10:00,190,104,86
8/24/2014 11:00,188,110,78
8/24/2014 12:00,192,92,100
8/24/2014 13:00,211,115,96
8/24/2014 14:00,197,105,92
8/24/2014 15:00,196,103,93
8/24/2014 16:00,252,129,123
8/24/2014 17:00,176,88,88
8/24/2014 18:00,177,89,88
8/24/2014 19:00,128,71,57
8/24/2014 20:00,77,38,39
8/24/2014 21:00,53,34,19
8/24/2014 22:00,37,14,23
8/24/2014 23:00,14,6,8
8/25/2014 0:00,9,3,6
8/25/2014 1:00,7,2,5
8/25/2014 2:00,6,1,5
8/25/2014 3:00,4,2,2
8/25/2014 4:00,7,5,2
8/25/2014 5:00,56,35,21
8/25/2014 6:00,187,124,63
8/25/2014 7:00,490,377,113
8/25/2014 8:00,686,519,167
8/25/2014 9:00,366,229,137
8/25/2014 10:00,121,63,58
8/25/2014 11:00,114,73,41
8/25/2014 12:00,99,55,44
8/25/2014 13:00,131,61,70
8/25/2014 14:00,127,54,73
8/25/2014 15:00,179,78,101
8/25/2014 16:00,356,130,226
8/25/2014 17:00,769,192,577
8/25/2014 18:00,637,214,423
8/25/2014 19:00,324,129,195
8/25/2014 20:00,146,60,86
8/25/2014 21:00,73,34,39
8/25/2014 22:00,58,25,33
8/25/2014 23:00,31,14,17
8/26/2014 0:00,18,4,14
8/26/2014 1:00,6,2,4
8/26/2014 2:00,10,5,5
8/26/2014 3:00,3,2,1
8/26/2014 4:00,13,8,5
8/26/2014 5:00,46,33,13
8/26/2014 6:00,210,152,58
8/26/2014 7:00,595,471,124
8/26/2014 8:00,758,532,226
8/26/2014 9:00,363,230,133
8/26/2014 10:00,163,82,81
8/26/2014 11:00,108,59,49
8/26/2014 12:00,143,71,72
8/26/2014 13:00,126,54,72
8/26/2014 14:00,111,56,55
8/26/2014 15:00,194,78,116
8/26/2014 16:00,408,135,273
8/26/2014 17:00,877,238,639
8/26/2014 18:00,629,202,427
8/26/2014 19:00,369,127,242
8/26/2014 20:00,193,92,101
8/26/2014 21:00,95,41,54
8/26/2014 22:00,72,39,33
8/26/2014 23:00,41,14,27
8/27/2014 0:00,22,8,14
8/27/2014 1:00,9,6,3
8/27/2014 2:00,5,2,3
8/27/2014 3:00,8,3,5
8/27/2014 4:00,16,14,2
8/27/2014 5:00,40,25,15
8/27/2014 6:00,178,125,53
8/27/2014 7:00,511,384,127
8/27/2014 8:00,677,477,200
8/27/2014 9:00,326,198,128
8/27/2014 10:00,118,63,55
8/27/2014 11:00,147,79,68
8/27/2014 12:00,110,53,57
8/27/2014 13:00,93,47,46
8/27/2014 14:00,148,57,91
8/27/2014 15:00,173,75,98
8/27/2014 16:00,394,150,244
8/27/2014 17:00,743,212,531
8/27/2014 18:00,610,229,381
8/27/2014 19:00,326,124,202
8/27/2014 20:00,183,69,114
8/27/2014 21:00,105,57,48
8/27/2014 22:00,62,26,36
8/27/2014 23:00,42,18,24
8/28/2014 0:00,20,10,10
8/28/2014 1:00,10,7,3
8/28/2014 2:00,3,1,2
8/28/2014 3:00,7,4,3
8/28/2014 4:00,13,8,5
8/28/2014 5:00,40,29,11
8/28/2014 6:00,172,109,63
8/28/2014 7:00,426,314,112
8/28/2014 8:00,561,403,158
8/28/2014 9:00,339,211,128
8/28/2014 10:00,112,60,52
8/28/2014 11:00,122,62,60
8/28/2014 12:00,110,55,55
8/28/2014 13:00,97,49,48
8/28/2014 14:00,113,55,58
8/28/2014 15:00,158,83,75
8/28/2014 16:00,346,125,221
8/28/2014 17:00,661,208,453
8/28/2014 18:00,509,184,325
8/28/2014 19:00,252,86,166
8/28/2014 20:00,153,62,91
8/28/2014 21:00,98,38,60
8/28/2014 22:00,49,23,26
8/28/2014 23:00,38,22,16
8/29/2014 0:00,12,4,8
8/29/2014 1:00,7,2,5
8/29/2014 2:00,4,3,1
8/29/2014 3:00,5,1,4
8/29/2014 4:00,12,6,6
8/29/2014 5:00,30,15,15
8/29/2014 6:00,105,70,35
8/29/2014 7:00,288,203,85
8/29/2014 8:00,414,285,129
8/29/2014 9:00,239,146,93
8/29/2014 10:00,119,73,46
8/29/2014 11:00,93,39,54
8/29/2014 12:00,83,48,35
8/29/2014 13:00,107,49,58
8/29/2014 14:00,114,55,59
8/29/2014 15:00,156,62,94
8/29/2014 16:00,305,103,202
8/29/2014 17:00,414,130,284
8/29/2014 18:00,316,102,214
8/29/2014 19:00,154,72,82
8/29/2014 20:00,94,36,58
8/29/2014 21:00,46,22,24
8/29/2014 22:00,38,11,27
8/29/2014 23:00,33,9,24
8/30/2014 0:00,16,9,7
8/30/2014 1:00,11,4,7
8/30/2014 2:00,5,4,1
8/30/2014 3:00,6,4,2
8/30/2014 4:00,2,1,1
8/30/2014 5:00,6,2,4
8/30/2014 6:00,20,12,8
8/30/2014 7:00,35,20,15
8/30/2014 8:00,46,26,20
8/30/2014 9:00,54,33,21
8/30/2014 10:00,33,16,17
8/30/2014 11:00,39,19,20
8/30/2014 12:00,58,38,20
8/30/2014 13:00,53,28,25
8/30/2014 14:00,54,33,21
8/30/2014 15:00,52,26,26
8/30/2014 16:00,77,40,37
8/30/2014 17:00,73,42,31
8/30/2014 18:00,63,24,39
8/30/2014 19:00,44,27,17
8/30/2014 20:00,28,11,17
8/30/2014 21:00,32,17,15
8/30/2014 22:00,31,15,16
8/30/2014 23:00,21,5,16
8/31/2014 0:00,6,2,4
8/31/2014 1:00,5,2,3
8/31/2014 2:00,3,0,3
8/31/2014 3:00,2,2,0
8/31/2014 4:00,7,4,3
8/31/2014 5:00,10,6,4
8/31/2014 6:00,10,7,3
8/31/2014 7:00,23,8,15
8/31/2014 8:00,44,28,16
8/31/2014 9:00,80,45,35
8/31/2014 10:00,95,56,39
8/31/2014 11:00,117,66,51
8/31/2014 12:00,179,99,80
8/31/2014 13:00,155,81,74
8/31/2014 14:00,167,99,68
8/31/2014 15:00,202,104,98
8/31/2014 16:00,161,93,68
8/31/2014 17:00,150,79,71
8/31/2014 18:00,117,53,64
8/31/2014 19:00,104,47,57
8/31/2014 20:00,55,32,23
8/31/2014 21:00,43,13,30
8/31/2014 22:00,44,14,30
8/31/2014 23:00,41,11,30
9/1/2014 0:00,26,4,22
9/1/2014 1:00,4,2,2
9/1/2014 2:00,9,5,4
9/1/2014 3:00,2,1,1
9/1/2014 4:00,5,2,3
9/1/2014 5:00,8,4,4
9/1/2014 6:00,14,7,7
9/1/2014 7:00,36,22,14
9/1/2014 8:00,66,35,31
9/1/2014 9:00,114,60,54
9/1/2014 10:00,85,53,32
9/1/2014 11:00,160,89,71
9/1/2014 12:00,197,115,82
9/1/2014 13:00,251,139,112
9/1/2014 14:00,229,131,98
9/1/2014 15:00,259,142,117
9/1/2014 16:00,242,133,109
9/1/2014 17:00,223,116,107
9/1/2014 18:00,133,66,67
9/1/2014 19:00,101,55,46
9/1/2014 20:00,75,33,42
9/1/2014 21:00,49,22,27
9/1/2014 22:00,39,13,26
9/1/2014 23:00,29,7,22
9/2/2014 0:00,18,7,11
9/2/2014 1:00,7,1,6
9/2/2014 2:00,2,2,0
9/2/2014 3:00,4,4,0
9/2/2014 4:00,12,6,6
9/2/2014 5:00,41,28,13
9/2/2014 6:00,133,91,42
9/2/2014 7:00,366,282,84
9/2/2014 8:00,512,376,136
9/2/2014 9:00,258,162,96
9/2/2014 10:00,113,65,48
9/2/2014 11:00,87,46,41
9/2/2014 12:00,82,47,35
9/2/2014 13:00,87,40,47
9/2/2014 14:00,103,35,68
9/2/2014 15:00,130,56,74
9/2/2014 16:00,271,110,161
9/2/2014 17:00,533,163,370
9/2/2014 18:00,415,165,250
9/2/2014 19:00,161,57,104
9/2/2014 20:00,92,35,57
9/2/2014 21:00,30,11,19
9/2/2014 22:00,25,12,13
9/2/2014 23:00,11,3,8
9/3/2014 0:00,7,5,2
9/3/2014 1:00,3,1,2
9/3/2014 2:00,2,1,1
9/3/2014 3:00,6,1,5
9/3/2014 4:00,9,5,4
9/3/2014 5:00,32,25,7
9/3/2014 6:00,153,105,48
9/3/2014 7:00,406,307,99
9/3/2014 8:00,535,389,146
9/3/2014 9:00,251,232,19
9/3/2014 10:00,137,128,9
9/3/2014 11:00,78,0,78
9/3/2014 12:00,72,3,69
9/3/2014 13:00,96,52,44
9/3/2014 14:00,128,66,62
9/3/2014 15:00,168,84,84
9/3/2014 16:00,300,116,184
9/3/2014 17:00,635,176,459
9/3/2014 18:00,554,211,343
9/3/2014 19:00,276,115,161
9/3/2014 20:00,143,74,69
9/3/2014 21:00,66,30,36
9/3/2014 22:00,52,35,17
9/3/2014 23:00,12,3,9
9/4/2014 0:00,24,7,17
9/4/2014 1:00,10,4,6
9/4/2014 2:00,10,4,6
9/4/2014 3:00,4,1,3
9/4/2014 4:00,12,10,2
9/4/2014 5:00,49,34,15
9/4/2014 6:00,160,120,40
9/4/2014 7:00,548,414,134
9/4/2014 8:00,645,475,170
9/4/2014 9:00,335,205,130
9/4/2014 10:00,126,76,50
9/4/2014 11:00,115,60,55
9/4/2014 12:00,135,72,63
9/4/2014 13:00,138,68,70
9/4/2014 14:00,164,77,87
9/4/2014 15:00,225,100,125
9/4/2014 16:00,438,152,286
9/4/2014 17:00,778,240,538
9/4/2014 18:00,470,146,324
9/4/2014 19:00,227,81,146
9/4/2014 20:00,123,63,60
9/4/2014 21:00,99,31,68
9/4/2014 22:00,74,25,49
9/4/2014 23:00,31,13,18
9/5/2014 0:00,23,10,13
9/5/2014 1:00,5,3,2
9/5/2014 2:00,6,5,1
9/5/2014 3:00,6,4,2
9/5/2014 4:00,18,13,5
9/5/2014 5:00,27,19,8
9/5/2014 6:00,143,91,52
9/5/2014 7:00,361,266,95
9/5/2014 8:00,559,410,149
9/5/2014 9:00,271,152,119
9/5/2014 10:00,141,71,70
9/5/2014 11:00,111,68,43
9/5/2014 12:00,108,58,50
9/5/2014 13:00,129,59,70
9/5/2014 14:00,164,76,88
9/5/2014 15:00,240,108,132
9/5/2014 16:00,372,147,225
9/5/2014 17:00,592,187,405
9/5/2014 18:00,432,173,259
9/5/2014 19:00,239,98,141
9/5/2014 20:00,112,39,73
9/5/2014 21:00,53,34,19
9/5/2014 22:00,48,20,28
9/5/2014 23:00,27,11,16
9/6/2014 0:00,8,4,4
9/6/2014 1:00,14,0,14
9/6/2014 2:00,2,1,1
9/6/2014 3:00,0,0,0
9/6/2014 4:00,0,0,0
9/6/2014 5:00,17,2,15
9/6/2014 6:00,20,7,13
9/6/2014 7:00,73,37,36
9/6/2014 8:00,99,62,37
9/6/2014 9:00,124,78,46
9/6/2014 10:00,149,72,77
9/6/2014 11:00,203,91,112
9/6/2014 12:00,194,115,79
9/6/2014 13:00,197,102,95
9/6/2014 14:00,190,104,86
9/6/2014 15:00,211,115,96
9/6/2014 16:00,229,113,116
9/6/2014 17:00,191,121,70
9/6/2014 18:00,139,72,67
9/6/2014 19:00,125,56,69
9/6/2014 20:00,51,27,24
9/6/2014 21:00,67,39,28
9/6/2014 22:00,57,43,14
9/6/2014 23:00,40,6,34
9/7/2014 0:00,10,7,3
9/7/2014 1:00,0,0,0
9/7/2014 2:00,3,0,3
9/7/2014 3:00,3,2,1
9/7/2014 4:00,0,0,0
9/7/2014 5:00,4,3,1
9/7/2014 6:00,15,8,7
9/7/2014 7:00,43,18,25
9/7/2014 8:00,77,43,34
9/7/2014 9:00,132,68,64
9/7/2014 10:00,131,59,72
9/7/2014 11:00,167,114,53
9/7/2014 12:00,205,119,86
9/7/2014 13:00,226,109,117
9/7/2014 14:00,203,119,84
9/7/2014 15:00,189,104,85
9/7/2014 16:00,205,107,98
9/7/2014 17:00,172,94,78
9/7/2014 18:00,129,68,61
9/7/2014 19:00,117,73,44
9/7/2014 20:00,91,48,43
9/7/2014 21:00,37,17,20
9/7/2014 22:00,30,13,17
9/7/2014 23:00,25,11,14
9/8/2014 0:00,11,2,9
9/8/2014 1:00,5,4,1
9/8/2014 2:00,1,1,0
9/8/2014 3:00,6,4,2
9/8/2014 4:00,14,10,4
9/8/2014 5:00,47,35,12
9/8/2014 6:00,150,96,54
9/8/2014 7:00,423,310,113
9/8/2014 8:00,569,386,183
9/8/2014 9:00,262,238,24
9/8/2014 10:00,102,102,0
9/8/2014 11:00,86,86,0
9/8/2014 12:00,62,62,0
9/8/2014 13:00,58,58,0
9/8/2014 14:00,90,80,10
9/8/2014 15:00,125,54,71
9/8/2014 16:00,313,121,192
9/8/2014 17:00,665,201,464
9/8/2014 18:00,446,145,301
9/8/2014 19:00,183,67,116
9/8/2014 20:00,83,38,45
9/8/2014 21:00,51,26,25
9/8/2014 22:00,40,17,23
9/8/2014 23:00,17,8,9
9/9/2014 0:00,8,4,4
9/9/2014 1:00,8,4,4
9/9/2014 2:00,5,4,1
9/9/2014 3:00,6,3,3
9/9/2014 4:00,11,9,2
9/9/2014 5:00,44,27,17
9/9/2014 6:00,143,100,43
9/9/2014 7:00,426,311,115
9/9/2014 8:00,572,409,163
9/9/2014 9:00,238,225,13
9/9/2014 10:00,94,94,0
9/9/2014 11:00,72,72,0
9/9/2014 12:00,55,54,1
9/9/2014 13:00,66,66,0
9/9/2014 14:00,85,85,0
9/9/2014 15:00,169,97,72
9/9/2014 16:00,314,115,199
9/9/2014 17:00,641,196,445
9/9/2014 18:00,513,199,314
9/9/2014 19:00,237,92,145
9/9/2014 20:00,119,53,66
9/9/2014 21:00,78,30,48
9/9/2014 22:00,53,24,29
9/9/2014 23:00,31,9,22
9/10/2014 0:00,16,8,8
9/10/2014 1:00,9,3,6
9/10/2014 2:00,15,12,3
9/10/2014 3:00,7,5,2
9/10/2014 4:00,9,4,5
9/10/2014 5:00,42,30,12
9/10/2014 6:00,141,90,51
9/10/2014 7:00,405,292,113
9/10/2014 8:00,588,411,177
9/10/2014 9:00,202,32,170
9/10/2014 10:00,104,4,100
9/10/2014 11:00,62,0,62
9/10/2014 12:00,83,0,83
9/10/2014 13:00,69,1,68
9/10/2014 14:00,88,2,86
9/10/2014 15:00,184,84,100
9/10/2014 16:00,308,120,188
9/10/2014 17:00,658,204,454
9/10/2014 18:00,510,204,306
9/10/2014 19:00,261,85,176
9/10/2014 20:00,102,45,57
9/10/2014 21:00,62,26,36
9/10/2014 22:00,61,21,40
9/10/2014 23:00,29,12,17
9/11/2014 0:00,15,5,10
9/11/2014 1:00,5,3,2
9/11/2014 2:00,3,3,0
9/11/2014 3:00,6,2,4
9/11/2014 4:00,7,5,2
9/11/2014 5:00,38,23,15
9/11/2014 6:00,137,89,48
9/11/2014 7:00,386,267,119
9/11/2014 8:00,596,427,169
9/11/2014 9:00,232,36,196
9/11/2014 10:00,88,1,87
9/11/2014 11:00,72,6,66
9/11/2014 12:00,95,52,43
9/11/2014 13:00,98,91,7
9/11/2014 14:00,100,100,0
9/11/2014 15:00,156,86,70
9/11/2014 16:00,339,129,210
9/11/2014 17:00,663,198,465
9/11/2014 18:00,495,163,332
9/11/2014 19:00,218,96,122
9/11/2014 20:00,131,63,68
9/11/2014 21:00,75,28,47
9/11/2014 22:00,54,25,29
9/11/2014 23:00,33,18,15
9/12/2014 0:00,10,6,4
9/12/2014 1:00,9,4,5
9/12/2014 2:00,7,3,4
9/12/2014 3:00,4,1,3
9/12/2014 4:00,10,6,4
9/12/2014 5:00,40,21,19
9/12/2014 6:00,110,78,32
9/12/2014 7:00,371,269,102
9/12/2014 8:00,520,359,161
9/12/2014 9:00,299,182,117
9/12/2014 10:00,138,77,61
9/12/2014 11:00,109,61,48
9/12/2014 12:00,108,60,48
9/12/2014 13:00,143,82,61
9/12/2014 14:00,124,69,55
9/12/2014 15:00,162,72,90
9/12/2014 16:00,349,136,213
9/12/2014 17:00,557,169,388
9/12/2014 18:00,379,159,220
9/12/2014 19:00,178,71,107
9/12/2014 20:00,89,36,53
9/12/2014 21:00,52,18,34
9/12/2014 22:00,76,29,47
9/12/2014 23:00,59,18,41
9/13/2014 0:00,18,3,15
9/13/2014 1:00,86,0,86
9/13/2014 2:00,7,0,7
9/13/2014 3:00,1,0,1
9/13/2014 4:00,5,0,5
9/13/2014 5:00,15,0,15
9/13/2014 6:00,14,5,9
9/13/2014 7:00,57,28,29
9/13/2014 8:00,95,38,57
9/13/2014 9:00,132,77,55
9/13/2014 10:00,151,78,73
9/13/2014 11:00,163,78,85
9/13/2014 12:00,218,128,90
9/13/2014 13:00,174,96,78
9/13/2014 14:00,156,83,73
9/13/2014 15:00,227,135,92
9/13/2014 16:00,219,124,95
9/13/2014 17:00,247,115,132
9/13/2014 18:00,138,81,57
9/13/2014 19:00,73,39,34
9/13/2014 20:00,65,40,25
9/13/2014 21:00,34,16,18
9/13/2014 22:00,44,15,29
9/13/2014 23:00,28,11,17
9/14/2014 0:00,28,6,22
9/14/2014 1:00,12,0,12
9/14/2014 2:00,8,0,8
9/14/2014 3:00,4,0,4
9/14/2014 4:00,3,0,3
9/14/2014 5:00,0,0,0
9/14/2014 6:00,19,9,10
9/14/2014 7:00,40,22,18
9/14/2014 8:00,68,47,21
9/14/2014 9:00,117,61,56
9/14/2014 10:00,129,64,65
9/14/2014 11:00,179,99,80
9/14/2014 12:00,203,107,96
9/14/2014 13:00,228,102,126
9/14/2014 14:00,160,80,80
9/14/2014 15:00,203,131,72
9/14/2014 16:00,217,101,116
9/14/2014 17:00,175,96,79
9/14/2014 18:00,144,89,55
9/14/2014 19:00,108,61,47
9/14/2014 20:00,57,29,28
9/14/2014 21:00,37,18,19
9/14/2014 22:00,24,12,12
9/14/2014 23:00,18,8,10
9/15/2014 0:00,9,5,4
9/15/2014 1:00,3,2,1
9/15/2014 2:00,3,3,0
9/15/2014 3:00,7,2,5
9/15/2014 4:00,8,6,2
9/15/2014 5:00,41,32,9
9/15/2014 6:00,132,89,43
9/15/2014 7:00,466,342,124
9/15/2014 8:00,634,450,184
9/15/2014 9:00,314,302,12
9/15/2014 10:00,120,120,0
9/15/2014 11:00,107,107,0
9/15/2014 12:00,87,87,0
9/15/2014 13:00,99,99,0
9/15/2014 14:00,96,81,15
9/15/2014 15:00,186,97,89
9/15/2014 16:00,353,142,211
9/15/2014 17:00,727,238,489
9/15/2014 18:00,563,204,359
9/15/2014 19:00,250,109,141
9/15/2014 20:00,95,30,65
9/15/2014 21:00,79,37,42
9/15/2014 22:00,43,16,27
9/15/2014 23:00,28,14,14
9/16/2014 0:00,14,9,5
9/16/2014 1:00,10,3,7
9/16/2014 2:00,8,6,2
9/16/2014 3:00,4,2,2
9/16/2014 4:00,9,7,2
9/16/2014 5:00,38,24,14
9/16/2014 6:00,160,115,45
9/16/2014 7:00,463,340,123
9/16/2014 8:00,587,413,174
9/16/2014 9:00,290,287,3
9/16/2014 10:00,111,111,0
9/16/2014 11:00,102,95,7
9/16/2014 12:00,75,3,72
9/16/2014 13:00,86,0,86
9/16/2014 14:00,132,20,112
9/16/2014 15:00,157,66,91
9/16/2014 16:00,355,146,209
9/16/2014 17:00,678,204,474
9/16/2014 18:00,546,176,370
9/16/2014 19:00,251,106,145
9/16/2014 20:00,120,49,71
9/16/2014 21:00,81,39,42
9/16/2014 22:00,39,18,21
9/16/2014 23:00,22,8,14
9/17/2014 0:00,12,7,5
9/17/2014 1:00,4,1,3
9/17/2014 2:00,2,2,0
9/17/2014 3:00,7,3,4
9/17/2014 4:00,7,4,3
9/17/2014 5:00,38,29,9
9/17/2014 6:00,147,95,52
9/17/2014 7:00,419,302,117
9/17/2014 8:00,556,414,142
9/17/2014 9:00,235,222,13
9/17/2014 10:00,83,82,1
9/17/2014 11:00,70,21,49
9/17/2014 12:00,61,0,61
9/17/2014 13:00,60,0,60
9/17/2014 14:00,121,32,89
9/17/2014 15:00,138,61,77
9/17/2014 16:00,293,106,187
9/17/2014 17:00,619,178,441
9/17/2014 18:00,442,154,288
9/17/2014 19:00,181,60,121
9/17/2014 20:00,93,30,63
9/17/2014 21:00,67,26,41
9/17/2014 22:00,48,23,25
9/17/2014 23:00,22,9,13
9/18/2014 0:00,5,0,5
9/18/2014 1:00,9,6,3
9/18/2014 2:00,5,5,0
9/18/2014 3:00,6,2,4
9/18/2014 4:00,9,5,4
9/18/2014 5:00,29,18,11
9/18/2014 6:00,123,84,39
9/18/2014 7:00,313,225,88
9/18/2014 8:00,435,308,127
9/18/2014 9:00,240,164,76
9/18/2014 10:00,97,55,42
9/18/2014 11:00,63,32,31
9/18/2014 12:00,74,41,33
9/18/2014 13:00,94,50,44
9/18/2014 14:00,94,41,53
9/18/2014 15:00,130,61,69
9/18/2014 16:00,242,79,163
9/18/2014 17:00,546,169,377
9/18/2014 18:00,382,138,244
9/18/2014 19:00,161,57,104
9/18/2014 20:00,88,33,55
9/18/2014 21:00,62,19,43
9/18/2014 22:00,42,16,26
9/18/2014 23:00,23,8,15
9/19/2014 0:00,21,10,11
9/19/2014 1:00,8,4,4
9/19/2014 2:00,3,2,1
9/19/2014 3:00,8,6,2
9/19/2014 4:00,11,5,6
9/19/2014 5:00,35,24,11
9/19/2014 6:00,111,73,38
9/19/2014 7:00,360,253,107
9/19/2014 8:00,477,322,155
9/19/2014 9:00,252,169,83
9/19/2014 10:00,137,88,49
9/19/2014 11:00,93,58,35
9/19/2014 12:00,98,48,50
9/19/2014 13:00,107,53,54
9/19/2014 14:00,148,75,73
9/19/2014 15:00,194,87,107
9/19/2014 16:00,346,134,212
9/19/2014 17:00,545,178,367
9/19/2014 18:00,350,126,224
9/19/2014 19:00,217,87,130
9/19/2014 20:00,78,32,46
9/19/2014 21:00,48,19,29
9/19/2014 22:00,58,28,30
9/19/2014 23:00,29,12,17
9/20/2014 0:00,29,16,13
9/20/2014 1:00,10,3,7
9/20/2014 2:00,11,4,7
9/20/2014 3:00,5,4,1
9/20/2014 4:00,0,0,0
9/20/2014 5:00,14,8,6
9/20/2014 6:00,15,7,8
9/20/2014 7:00,49,26,23
9/20/2014 8:00,82,43,39
9/20/2014 9:00,99,61,38
9/20/2014 10:00,106,56,50
9/20/2014 11:00,142,83,59
9/20/2014 12:00,188,99,89
9/20/2014 13:00,190,91,99
9/20/2014 14:00,177,78,99
9/20/2014 15:00,196,98,98
9/20/2014 16:00,190,104,86
9/20/2014 17:00,226,129,97
9/20/2014 18:00,185,93,92
9/20/2014 19:00,109,54,55
9/20/2014 20:00,70,28,42
9/20/2014 21:00,55,30,25
9/20/2014 22:00,53,26,27
9/20/2014 23:00,24,13,11
9/21/2014 0:00,25,11,14
9/21/2014 1:00,12,4,8
9/21/2014 2:00,13,7,6
9/21/2014 3:00,5,3,2
9/21/2014 4:00,1,0,1
9/21/2014 5:00,4,3,1
9/21/2014 6:00,16,6,10
9/21/2014 7:00,44,25,19
9/21/2014 8:00,83,49,34
9/21/2014 9:00,119,60,59
9/21/2014 10:00,141,73,68
9/21/2014 11:00,214,114,100
9/21/2014 12:00,229,137,92
9/21/2014 13:00,193,109,84
9/21/2014 14:00,199,103,96
9/21/2014 15:00,163,94,69
9/21/2014 16:00,189,98,91
9/21/2014 17:00,185,91,94
9/21/2014 18:00,160,75,85
9/21/2014 19:00,79,42,37
9/21/2014 20:00,52,19,33
9/21/2014 21:00,45,19,26
9/21/2014 22:00,32,17,15
9/21/2014 23:00,14,6,8
9/22/2014 0:00,10,2,8
9/22/2014 1:00,1,1,0
9/22/2014 2:00,4,1,3
9/22/2014 3:00,5,2,3
9/22/2014 4:00,12,7,5
9/22/2014 5:00,44,28,16
9/22/2014 6:00,128,85,43
9/22/2014 7:00,399,281,118
9/22/2014 8:00,537,361,176
9/22/2014 9:00,261,238,23
9/22/2014 10:00,93,89,4
9/22/2014 11:00,94,88,6
9/22/2014 12:00,53,52,1
9/22/2014 13:00,71,69,2
9/22/2014 14:00,93,72,21
9/22/2014 15:00,142,75,67
9/22/2014 16:00,287,113,174
9/22/2014 17:00,659,201,458
9/22/2014 18:00,480,175,305
9/22/2014 19:00,195,72,123
9/22/2014 20:00,101,43,58
9/22/2014 21:00,56,27,29
9/22/2014 22:00,34,22,12
9/22/2014 23:00,27,12,15
9/23/2014 0:00,21,13,8
9/23/2014 1:00,6,3,3
9/23/2014 2:00,4,3,1
9/23/2014 3:00,4,1,3
9/23/2014 4:00,6,4,2
9/23/2014 5:00,32,24,8
9/23/2014 6:00,150,109,41
9/23/2014 7:00,398,285,113
9/23/2014 8:00,545,375,170
9/23/2014 9:00,264,237,27
9/23/2014 10:00,98,96,2
9/23/2014 11:00,75,75,0
9/23/2014 12:00,60,57,3
9/23/2014 13:00,70,49,21
9/23/2014 14:00,68,26,42
9/23/2014 15:00,126,54,72
9/23/2014 16:00,239,89,150
9/23/2014 17:00,551,140,411
9/23/2014 18:00,382,121,261
9/23/2014 19:00,149,57,92
9/23/2014 20:00,54,17,37
9/23/2014 21:00,41,14,27
9/23/2014 22:00,58,43,15
9/23/2014 23:00,15,9,6
9/24/2014 0:00,9,4,5
9/24/2014 1:00,2,1,1
9/24/2014 2:00,1,1,0
9/24/2014 3:00,2,1,1
9/24/2014 4:00,3,2,1
9/24/2014 5:00,19,12,7
9/24/2014 6:00,86,57,29
9/24/2014 7:00,209,154,55
9/24/2014 8:00,278,193,85
9/24/2014 9:00,149,102,47
9/24/2014 10:00,56,35,21
9/24/2014 11:00,34,21,13
9/24/2014 12:00,38,20,18
9/24/2014 13:00,61,32,29
9/24/2014 14:00,57,34,23
9/24/2014 15:00,99,48,51
9/24/2014 16:00,152,65,87
9/24/2014 17:00,362,116,246
9/24/2014 18:00,268,98,170
9/24/2014 19:00,119,49,70
9/24/2014 20:00,64,24,40
9/24/2014 21:00,40,24,16
9/24/2014 22:00,32,11,21
9/24/2014 23:00,26,13,13
9/25/2014 0:00,5,5,0
9/25/2014 1:00,8,2,6
9/25/2014 2:00,4,2,2
9/25/2014 3:00,9,6,3
9/25/2014 4:00,9,5,4
9/25/2014 5:00,23,18,5
9/25/2014 6:00,94,63,31
9/25/2014 7:00,268,195,73
9/25/2014 8:00,419,279,140
9/25/2014 9:00,217,139,78
9/25/2014 10:00,96,64,32
9/25/2014 11:00,43,20,23
9/25/2014 12:00,45,24,21
9/25/2014 13:00,67,30,37
9/25/2014 14:00,91,52,39
9/25/2014 15:00,135,67,68
9/25/2014 16:00,268,108,160
9/25/2014 17:00,479,156,323
9/25/2014 18:00,354,133,221
9/25/2014 19:00,149,57,92
9/25/2014 20:00,73,32,41
9/25/2014 21:00,47,24,23
9/25/2014 22:00,34,13,21
9/25/2014 23:00,25,10,15
9/26/2014 0:00,10,3,7
9/26/2014 1:00,7,3,4
9/26/2014 2:00,5,1,4
9/26/2014 3:00,1,0,1
9/26/2014 4:00,7,4,3
9/26/2014 5:00,27,20,7
9/26/2014 6:00,58,39,19
9/26/2014 7:00,189,141,48
9/26/2014 8:00,377,287,90
9/26/2014 9:00,168,112,56
9/26/2014 10:00,75,39,36
9/26/2014 11:00,59,32,27
9/26/2014 12:00,67,37,30
9/26/2014 13:00,69,38,31
9/26/2014 14:00,114,58,56
9/26/2014 15:00,141,71,70
9/26/2014 16:00,242,92,150
9/26/2014 17:00,366,127,239
9/26/2014 18:00,269,126,143
9/26/2014 19:00,108,44,64
9/26/2014 20:00,60,21,39
9/26/2014 21:00,35,14,21
9/26/2014 22:00,28,18,10
9/26/2014 23:00,29,9,20
9/27/2014 0:00,22,11,11
9/27/2014 1:00,15,8,7
9/27/2014 2:00,12,6,6
9/27/2014 3:00,5,2,3
9/27/2014 4:00,2,1,1
9/27/2014 5:00,8,5,3
9/27/2014 6:00,23,11,12
9/27/2014 7:00,44,25,19
9/27/2014 8:00,78,50,28
9/27/2014 9:00,132,84,48
9/27/2014 10:00,150,88,62
9/27/2014 11:00,184,103,81
9/27/2014 12:00,233,134,99
9/27/2014 13:00,199,97,102
9/27/2014 14:00,184,103,81
9/27/2014 15:00,217,110,107
9/27/2014 16:00,216,106,110
9/27/2014 17:00,221,117,104
9/27/2014 18:00,150,85,65
9/27/2014 19:00,87,45,42
9/27/2014 20:00,53,29,24
9/27/2014 21:00,33,17,16
9/27/2014 22:00,33,13,20
9/27/2014 23:00,24,9,15
9/28/2014 0:00,18,8,10
9/28/2014 1:00,10,5,5
9/28/2014 2:00,13,7,6
9/28/2014 3:00,7,6,1
9/28/2014 4:00,4,3,1
9/28/2014 5:00,4,2,2
9/28/2014 6:00,18,9,9
9/28/2014 7:00,38,25,13
9/28/2014 8:00,65,35,30
9/28/2014 9:00,91,44,47
9/28/2014 10:00,123,79,44
9/28/2014 11:00,125,69,56
9/28/2014 12:00,178,85,93
9/28/2014 13:00,143,82,61
9/28/2014 14:00,148,99,49
9/28/2014 15:00,163,97,66
9/28/2014 16:00,178,90,88
9/28/2014 17:00,184,101,83
9/28/2014 18:00,128,69,59
9/28/2014 19:00,71,32,39
9/28/2014 20:00,41,18,23
9/28/2014 21:00,25,12,13
9/28/2014 22:00,24,8,16
9/28/2014 23:00,19,8,11
9/29/2014 0:00,4,1,3
9/29/2014 1:00,3,2,1
9/29/2014 2:00,3,2,1
9/29/2014 3:00,5,3,2
9/29/2014 4:00,11,7,4
9/29/2014 5:00,32,24,8
9/29/2014 6:00,119,80,39
9/29/2014 7:00,324,239,85
9/29/2014 8:00,489,337,152
9/29/2014 9:00,240,154,86
9/29/2014 10:00,100,61,39
9/29/2014 11:00,60,29,31
9/29/2014 12:00,58,29,29
9/29/2014 13:00,79,39,40
9/29/2014 14:00,79,44,35
9/29/2014 15:00,106,55,51
9/29/2014 16:00,244,102,142
9/29/2014 17:00,509,158,351
9/29/2014 18:00,300,97,203
9/29/2014 19:00,144,51,93
9/29/2014 20:00,56,18,38
9/29/2014 21:00,39,13,26
9/29/2014 22:00,17,8,9
9/29/2014 23:00,14,8,6
9/30/2014 0:00,4,2,2
9/30/2014 1:00,4,2,2
9/30/2014 2:00,5,5,0
9/30/2014 3:00,2,1,1
9/30/2014 4:00,5,3,2
9/30/2014 5:00,30,20,10
9/30/2014 6:00,109,74,35
9/30/2014 7:00,356,250,106
9/30/2014 8:00,515,354,161
9/30/2014 9:00,242,221,21
9/30/2014 10:00,115,115,0
9/30/2014 11:00,79,79,0
9/30/2014 12:00,75,75,0
9/30/2014 13:00,86,86,0
9/30/2014 14:00,89,75,14
9/30/2014 15:00,158,85,73
9/30/2014 16:00,255,90,165
9/30/2014 17:00,570,191,379
9/30/2014 18:00,443,151,292
9/30/2014 19:00,202,96,106
9/30/2014 20:00,95,31,64
9/30/2014 21:00,69,21,48
9/30/2014 22:00,34,13,21
9/30/2014 23:00,20,9,11
10/1/2014 0:00,11,5,6
10/1/2014 1:00,6,4,2
10/1/2014 2:00,4,0,4
10/1/2014 3:00,4,1,3
10/1/2014 4:00,10,7,3
10/1/2014 5:00,37,23,14
10/1/2014 6:00,132,93,39
10/1/2014 7:00,391,283,108
10/1/2014 8:00,550,380,170
10/1/2014 9:00,235,218,17
10/1/2014 10:00,109,109,0
10/1/2014 11:00,77,77,0
10/1/2014 12:00,71,70,1
10/1/2014 13:00,71,71,0
10/1/2014 14:00,110,75,35
10/1/2014 15:00,166,82,84
10/1/2014 16:00,326,123,203
10/1/2014 17:00,639,200,439
10/1/2014 18:00,478,169,309
10/1/2014 19:00,185,78,107
10/1/2014 20:00,94,45,49
10/1/2014 21:00,60,24,36
10/1/2014 22:00,49,27,22
10/1/2014 23:00,22,10,12
10/2/2014 0:00,21,13,8
10/2/2014 1:00,1,0,1
10/2/2014 2:00,5,2,3
10/2/2014 3:00,3,3,0
10/2/2014 4:00,8,5,3
10/2/2014 5:00,33,23,10
10/2/2014 6:00,108,71,37
10/2/2014 7:00,394,284,110
10/2/2014 8:00,577,397,180
10/2/2014 9:00,259,236,23
10/2/2014 10:00,112,112,0
10/2/2014 11:00,94,93,1
10/2/2014 12:00,101,101,0
10/2/2014 13:00,77,77,0
10/2/2014 14:00,101,92,9
10/2/2014 15:00,164,73,91
10/2/2014 16:00,300,119,181
10/2/2014 17:00,611,188,423
10/2/2014 18:00,457,170,287
10/2/2014 19:00,217,79,138
10/2/2014 20:00,106,37,69
10/2/2014 21:00,75,25,50
10/2/2014 22:00,39,19,20
10/2/2014 23:00,33,13,20
10/3/2014 0:00,12,9,3
10/3/2014 1:00,16,7,9
10/3/2014 2:00,8,2,6
10/3/2014 3:00,3,3,0
10/3/2014 4:00,7,5,2
10/3/2014 5:00,31,23,8
10/3/2014 6:00,120,78,42
10/3/2014 7:00,336,249,87
10/3/2014 8:00,480,334,146
10/3/2014 9:00,253,230,23
10/3/2014 10:00,114,114,0
10/3/2014 11:00,84,83,1
10/3/2014 12:00,97,96,1
10/3/2014 13:00,94,94,0
10/3/2014 14:00,148,134,14
10/3/2014 15:00,191,92,99
10/3/2014 16:00,356,144,212
10/3/2014 17:00,565,184,381
10/3/2014 18:00,409,151,258
10/3/2014 19:00,166,75,91
10/3/2014 20:00,86,43,43
10/3/2014 21:00,48,18,30
10/3/2014 22:00,54,29,25
10/3/2014 23:00,31,21,10
10/4/2014 0:00,28,14,14
10/4/2014 1:00,12,7,5
10/4/2014 2:00,6,2,4
10/4/2014 3:00,5,3,2
10/4/2014 4:00,5,3,2
10/4/2014 5:00,6,4,2
10/4/2014 6:00,20,10,10
10/4/2014 7:00,49,26,23
10/4/2014 8:00,83,44,39
10/4/2014 9:00,128,82,46
10/4/2014 10:00,119,70,49
10/4/2014 11:00,163,94,69
10/4/2014 12:00,163,110,53
10/4/2014 13:00,192,107,85
10/4/2014 14:00,178,88,90
10/4/2014 15:00,161,87,74
10/4/2014 16:00,163,84,79
10/4/2014 17:00,153,88,65
10/4/2014 18:00,109,49,60
10/4/2014 19:00,64,33,31
10/4/2014 20:00,49,18,31
10/4/2014 21:00,31,12,19
10/4/2014 22:00,27,12,15
10/4/2014 23:00,26,13,13
10/5/2014 0:00,19,7,12
10/5/2014 1:00,10,3,7
10/5/2014 2:00,8,3,5
10/5/2014 3:00,0,0,0
10/5/2014 4:00,5,1,4
10/5/2014 5:00,10,5,5
10/5/2014 6:00,14,7,7
10/5/2014 7:00,35,18,17
10/5/2014 8:00,90,52,38
10/5/2014 9:00,117,73,44
10/5/2014 10:00,146,75,71
10/5/2014 11:00,168,96,72
10/5/2014 12:00,214,116,98
10/5/2014 13:00,201,118,83
10/5/2014 14:00,206,121,85
10/5/2014 15:00,228,124,104
10/5/2014 16:00,245,156,89
10/5/2014 17:00,172,83,89
10/5/2014 18:00,110,69,41
10/5/2014 19:00,59,29,30
10/5/2014 20:00,43,22,21
10/5/2014 21:00,27,13,14
10/5/2014 22:00,24,14,10
10/5/2014 23:00,11,7,4
10/6/2014 0:00,9,4,5
10/6/2014 1:00,5,4,1
10/6/2014 2:00,0,0,0
10/6/2014 3:00,7,5,2
10/6/2014 4:00,10,4,6
10/6/2014 5:00,37,24,13
10/6/2014 6:00,134,88,46
10/6/2014 7:00,400,292,108
10/6/2014 8:00,593,392,201
10/6/2014 9:00,267,257,10
10/6/2014 10:00,105,105,0
10/6/2014 11:00,94,94,0
10/6/2014 12:00,78,78,0
10/6/2014 13:00,80,80,0
10/6/2014 14:00,103,80,23
10/6/2014 15:00,170,74,96
10/6/2014 16:00,361,144,217
10/6/2014 17:00,733,221,512
10/6/2014 18:00,427,153,274
10/6/2014 19:00,202,79,123
10/6/2014 20:00,93,34,59
10/6/2014 21:00,96,36,60
10/6/2014 22:00,36,18,18
10/6/2014 23:00,34,15,19
10/7/2014 0:00,15,7,8
10/7/2014 1:00,7,4,3
10/7/2014 2:00,4,4,0
10/7/2014 3:00,3,1,2
10/7/2014 4:00,7,4,3
10/7/2014 5:00,44,25,19
10/7/2014 6:00,136,96,40
10/7/2014 7:00,416,315,101
10/7/2014 8:00,580,408,172
10/7/2014 9:00,237,216,21
10/7/2014 10:00,110,108,2
10/7/2014 11:00,84,83,1
10/7/2014 12:00,80,77,3
10/7/2014 13:00,73,71,2
10/7/2014 14:00,99,80,19
10/7/2014 15:00,142,64,78
10/7/2014 16:00,289,113,176
10/7/2014 17:00,639,213,426
10/7/2014 18:00,462,143,319
10/7/2014 19:00,229,87,142
10/7/2014 20:00,80,32,48
10/7/2014 21:00,65,30,35
10/7/2014 22:00,36,18,18
10/7/2014 23:00,27,12,15
10/8/2014 0:00,8,7,1
10/8/2014 1:00,5,1,4
10/8/2014 2:00,10,7,3
10/8/2014 3:00,4,3,1
10/8/2014 4:00,12,5,7
10/8/2014 5:00,33,22,11
10/8/2014 6:00,139,95,44
10/8/2014 7:00,386,292,94
10/8/2014 8:00,584,420,164
10/8/2014 9:00,247,219,28
10/8/2014 10:00,82,82,0
10/8/2014 11:00,61,57,4
10/8/2014 12:00,68,63,5
10/8/2014 13:00,77,75,2
10/8/2014 14:00,111,96,15
10/8/2014 15:00,147,68,79
10/8/2014 16:00,307,126,181
10/8/2014 17:00,626,195,431
10/8/2014 18:00,490,184,306
10/8/2014 19:00,167,62,105
10/8/2014 20:00,87,21,66
10/8/2014 21:00,71,23,48
10/8/2014 22:00,38,24,14
10/8/2014 23:00,20,11,9
10/9/2014 0:00,15,9,6
10/9/2014 1:00,8,1,7
10/9/2014 2:00,3,3,0
10/9/2014 3:00,0,0,0
10/9/2014 4:00,11,9,2
10/9/2014 5:00,39,24,15
10/9/2014 6:00,126,77,49
10/9/2014 7:00,377,273,104
10/9/2014 8:00,526,361,165
10/9/2014 9:00,256,239,17
10/9/2014 10:00,90,89,1
10/9/2014 11:00,86,85,1
10/9/2014 12:00,82,79,3
10/9/2014 13:00,91,91,0
10/9/2014 14:00,75,72,3
10/9/2014 15:00,142,68,74
10/9/2014 16:00,277,113,164
10/9/2014 17:00,576,188,388
10/9/2014 18:00,470,167,303
10/9/2014 19:00,169,60,109
10/9/2014 20:00,107,34,73
10/9/2014 21:00,58,27,31
10/9/2014 22:00,52,23,29
10/9/2014 23:00,27,14,13
10/10/2014 0:00,32,18,14
10/10/2014 1:00,7,6,1
10/10/2014 2:00,11,6,5
10/10/2014 3:00,4,2,2
10/10/2014 4:00,6,5,1
10/10/2014 5:00,30,19,11
10/10/2014 6:00,91,60,31
10/10/2014 7:00,278,197,81
10/10/2014 8:00,441,320,121
10/10/2014 9:00,196,172,24
10/10/2014 10:00,88,84,4
10/10/2014 11:00,74,72,2
10/10/2014 12:00,59,56,3
10/10/2014 13:00,76,73,3
10/10/2014 14:00,89,82,7
10/10/2014 15:00,134,67,67
10/10/2014 16:00,265,106,159
10/10/2014 17:00,466,164,302
10/10/2014 18:00,294,123,171
10/10/2014 19:00,129,40,89
10/10/2014 20:00,59,21,38
10/10/2014 21:00,40,14,26
10/10/2014 22:00,53,14,39
10/10/2014 23:00,35,21,14
10/11/2014 0:00,14,3,11
10/11/2014 1:00,15,5,10
10/11/2014 2:00,7,5,2
10/11/2014 3:00,3,3,0
10/11/2014 4:00,5,4,1
10/11/2014 5:00,12,9,3
10/11/2014 6:00,18,10,8
10/11/2014 7:00,26,18,8
10/11/2014 8:00,81,53,28
10/11/2014 9:00,91,63,28
10/11/2014 10:00,68,34,34
10/11/2014 11:00,84,53,31
10/11/2014 12:00,78,51,27
10/11/2014 13:00,62,27,35
10/11/2014 14:00,82,47,35
10/11/2014 15:00,99,52,47
10/11/2014 16:00,92,59,33
10/11/2014 17:00,102,58,44
10/11/2014 18:00,58,35,23
10/11/2014 19:00,41,18,23
10/11/2014 20:00,26,10,16
10/11/2014 21:00,30,16,14
10/11/2014 22:00,20,9,11
10/11/2014 23:00,17,6,11
10/12/2014 0:00,22,7,15
10/12/2014 1:00,5,0,5
10/12/2014 2:00,11,8,3
10/12/2014 3:00,4,4,0
10/12/2014 4:00,7,4,3
10/12/2014 5:00,3,2,1
10/12/2014 6:00,8,4,4
10/12/2014 7:00,22,16,6
10/12/2014 8:00,67,34,33
10/12/2014 9:00,137,78,59
10/12/2014 10:00,134,78,56
10/12/2014 11:00,140,95,45
10/12/2014 12:00,152,80,72
10/12/2014 13:00,132,86,46
10/12/2014 14:00,136,65,71
10/12/2014 15:00,134,67,67
10/12/2014 16:00,127,65,62
10/12/2014 17:00,117,65,52
10/12/2014 18:00,71,39,32
10/12/2014 19:00,44,15,29
10/12/2014 20:00,30,7,23
10/12/2014 21:00,14,6,8
10/12/2014 22:00,26,9,17
10/12/2014 23:00,16,5,11
10/13/2014 0:00,13,8,5
10/13/2014 1:00,3,2,1
10/13/2014 2:00,4,0,4
10/13/2014 3:00,4,3,1
10/13/2014 4:00,9,5,4
10/13/2014 5:00,37,23,14
10/13/2014 6:00,115,72,43
10/13/2014 7:00,327,246,81
10/13/2014 8:00,498,344,154
10/13/2014 9:00,255,234,21
10/13/2014 10:00,108,108,0
10/13/2014 11:00,82,79,3
10/13/2014 12:00,91,91,0
10/13/2014 13:00,81,77,4
10/13/2014 14:00,117,110,7
10/13/2014 15:00,126,69,57
10/13/2014 16:00,303,115,188
10/13/2014 17:00,536,156,380
10/13/2014 18:00,364,116,248
10/13/2014 19:00,135,52,83
10/13/2014 20:00,69,22,47
10/13/2014 21:00,39,15,24
10/13/2014 22:00,26,13,13
10/13/2014 23:00,13,7,6
10/14/2014 0:00,6,2,4
10/14/2014 1:00,3,3,0
10/14/2014 2:00,2,1,1
10/14/2014 3:00,2,1,1
10/14/2014 4:00,6,5,1
10/14/2014 5:00,26,19,7
10/14/2014 6:00,114,77,37
10/14/2014 7:00,313,231,82
10/14/2014 8:00,482,328,154
10/14/2014 9:00,235,158,77
10/14/2014 10:00,87,62,25
10/14/2014 11:00,67,44,23
10/14/2014 12:00,63,40,23
10/14/2014 13:00,78,44,34
10/14/2014 14:00,80,46,34
10/14/2014 15:00,130,56,74
10/14/2014 16:00,231,93,138
10/14/2014 17:00,521,156,365
10/14/2014 18:00,414,157,257
10/14/2014 19:00,159,52,107
10/14/2014 20:00,61,23,38
10/14/2014 21:00,65,27,38
10/14/2014 22:00,30,16,14
10/14/2014 23:00,22,6,16
10/15/2014 0:00,9,5,4
10/15/2014 1:00,8,3,5
10/15/2014 2:00,5,2,3
10/15/2014 3:00,4,2,2
10/15/2014 4:00,8,6,2
10/15/2014 5:00,34,23,11
10/15/2014 6:00,97,69,28
10/15/2014 7:00,295,208,87
10/15/2014 8:00,336,237,99
10/15/2014 9:00,165,139,26
10/15/2014 10:00,76,76,0
10/15/2014 11:00,52,50,2
10/15/2014 12:00,33,33,0
10/15/2014 13:00,43,41,2
10/15/2014 14:00,58,33,25
10/15/2014 15:00,81,35,46
10/15/2014 16:00,200,75,125
10/15/2014 17:00,426,126,300
10/15/2014 18:00,319,128,191
10/15/2014 19:00,130,42,88
10/15/2014 20:00,63,18,45
10/15/2014 21:00,60,31,29
10/15/2014 22:00,35,25,10
10/15/2014 23:00,18,8,10
10/16/2014 0:00,14,5,9
10/16/2014 1:00,4,1,3
10/16/2014 2:00,3,3,0
10/16/2014 3:00,1,1,0
10/16/2014 4:00,7,6,1
10/16/2014 5:00,32,20,12
10/16/2014 6:00,123,82,41
10/16/2014 7:00,312,233,79
10/16/2014 8:00,510,358,152
10/16/2014 9:00,279,260,19
10/16/2014 10:00,99,98,1
10/16/2014 11:00,69,67,2
10/16/2014 12:00,65,64,1
10/16/2014 13:00,71,70,1
10/16/2014 14:00,113,103,10
10/16/2014 15:00,183,80,103
10/16/2014 16:00,299,119,180
10/16/2014 17:00,585,199,386
10/16/2014 18:00,463,184,279
10/16/2014 19:00,171,70,101
10/16/2014 20:00,92,37,55
10/16/2014 21:00,72,32,40
10/16/2014 22:00,40,22,18
10/16/2014 23:00,22,12,10
10/17/2014 0:00,18,11,7
10/17/2014 1:00,10,7,3
10/17/2014 2:00,4,2,2
10/17/2014 3:00,1,1,0
10/17/2014 4:00,9,4,5
10/17/2014 5:00,24,18,6
10/17/2014 6:00,86,62,24
10/17/2014 7:00,194,138,56
10/17/2014 8:00,353,257,96
10/17/2014 9:00,186,159,27
10/17/2014 10:00,79,76,3
10/17/2014 11:00,61,57,4
10/17/2014 12:00,36,29,7
10/17/2014 13:00,52,28,24
10/17/2014 14:00,50,28,22
10/17/2014 15:00,62,26,36
10/17/2014 16:00,187,58,129
10/17/2014 17:00,338,103,235
10/17/2014 18:00,258,91,167
10/17/2014 19:00,88,31,57
10/17/2014 20:00,41,22,19
10/17/2014 21:00,30,14,16
10/17/2014 22:00,23,7,16
10/17/2014 23:00,19,7,12
10/18/2014 0:00,8,2,6
10/18/2014 1:00,12,7,5
10/18/2014 2:00,5,2,3
10/18/2014 3:00,2,2,0
10/18/2014 4:00,0,0,0
10/18/2014 5:00,6,5,1
10/18/2014 6:00,19,12,7
10/18/2014 7:00,31,21,10
10/18/2014 8:00,53,29,24
10/18/2014 9:00,103,68,35
10/18/2014 10:00,68,51,17
10/18/2014 11:00,89,52,37
10/18/2014 12:00,96,58,38
10/18/2014 13:00,132,77,55
10/18/2014 14:00,108,50,58
10/18/2014 15:00,116,68,48
10/18/2014 16:00,120,72,48
10/18/2014 17:00,108,65,43
10/18/2014 18:00,95,51,44
10/18/2014 19:00,78,41,37
10/18/2014 20:00,35,20,15
10/18/2014 21:00,39,19,20
10/18/2014 22:00,33,16,17
10/18/2014 23:00,22,7,15
10/19/2014 0:00,32,8,24
10/19/2014 1:00,9,6,3
10/19/2014 2:00,19,8,11
10/19/2014 3:00,5,1,4
10/19/2014 4:00,3,2,1
10/19/2014 5:00,0,0,0
10/19/2014 6:00,21,11,10
10/19/2014 7:00,22,18,4
10/19/2014 8:00,67,36,31
10/19/2014 9:00,112,59,53
10/19/2014 10:00,120,84,36
10/19/2014 11:00,156,87,69
10/19/2014 12:00,204,127,77
10/19/2014 13:00,219,115,104
10/19/2014 14:00,291,149,142
10/19/2014 15:00,266,160,106
10/19/2014 16:00,222,129,93
10/19/2014 17:00,222,121,101
10/19/2014 18:00,114,57,57
10/19/2014 19:00,43,25,18
10/19/2014 20:00,38,23,15
10/19/2014 21:00,27,11,16
10/19/2014 22:00,20,9,11
10/19/2014 23:00,16,8,8
10/20/2014 0:00,13,8,5
10/20/2014 1:00,8,4,4
10/20/2014 2:00,5,3,2
10/20/2014 3:00,2,2,0
10/20/2014 4:00,5,3,2
10/20/2014 5:00,29,20,9
10/20/2014 6:00,109,74,35
10/20/2014 7:00,286,208,78
10/20/2014 8:00,413,291,122
10/20/2014 9:00,223,154,69
10/20/2014 10:00,83,17,66
10/20/2014 11:00,45,0,45
10/20/2014 12:00,37,0,37
10/20/2014 13:00,48,0,48
10/20/2014 14:00,84,18,66
10/20/2014 15:00,106,53,53
10/20/2014 16:00,235,91,144
10/20/2014 17:00,460,146,314
10/20/2014 18:00,374,121,253
10/20/2014 19:00,129,43,86
10/20/2014 20:00,82,20,62
10/20/2014 21:00,50,27,23
10/20/2014 22:00,22,8,14
10/20/2014 23:00,10,3,7
10/21/2014 0:00,7,3,4
10/21/2014 1:00,7,5,2
10/21/2014 2:00,1,1,0
10/21/2014 3:00,2,2,0
10/21/2014 4:00,8,6,2
10/21/2014 5:00,28,21,7
10/21/2014 6:00,123,89,34
10/21/2014 7:00,255,185,70
10/21/2014 8:00,467,312,155
10/21/2014 9:00,252,168,84
10/21/2014 10:00,81,7,74
10/21/2014 11:00,66,0,66
10/21/2014 12:00,59,0,59
10/21/2014 13:00,70,0,70
10/21/2014 14:00,72,6,66
10/21/2014 15:00,119,56,63
10/21/2014 16:00,221,88,133
10/21/2014 17:00,482,147,335
10/21/2014 18:00,353,126,227
10/21/2014 19:00,124,45,79
10/21/2014 20:00,74,26,48
10/21/2014 21:00,50,21,29
10/21/2014 22:00,22,9,13
10/21/2014 23:00,21,8,13
10/22/2014 0:00,10,6,4
10/22/2014 1:00,8,3,5
10/22/2014 2:00,4,2,2
10/22/2014 3:00,2,1,1
10/22/2014 4:00,5,3,2
10/22/2014 5:00,26,18,8
10/22/2014 6:00,71,52,19
10/22/2014 7:00,199,140,59
10/22/2014 8:00,367,264,103
10/22/2014 9:00,214,148,66
10/22/2014 10:00,48,34,14
10/22/2014 11:00,47,24,23
10/22/2014 12:00,21,11,10
10/22/2014 13:00,33,20,13
10/22/2014 14:00,41,23,18
10/22/2014 15:00,50,22,28
10/22/2014 16:00,119,55,64
10/22/2014 17:00,332,108,224
10/22/2014 18:00,260,87,173
10/22/2014 19:00,113,45,68
10/22/2014 20:00,48,14,34
10/22/2014 21:00,36,20,16
10/22/2014 22:00,19,6,13
10/22/2014 23:00,14,7,7
10/23/2014 0:00,9,6,3
10/23/2014 1:00,3,0,3
10/23/2014 2:00,5,4,1
10/23/2014 3:00,4,2,2
10/23/2014 4:00,13,9,4
10/23/2014 5:00,23,16,7
10/23/2014 6:00,106,69,37
10/23/2014 7:00,209,149,60
10/23/2014 8:00,338,223,115
10/23/2014 9:00,188,123,65
10/23/2014 10:00,60,34,26
10/23/2014 11:00,63,36,27
10/23/2014 12:00,58,35,23
10/23/2014 13:00,54,23,31
10/23/2014 14:00,52,24,28
10/23/2014 15:00,99,51,48
10/23/2014 16:00,116,49,67
10/23/2014 17:00,384,116,268
10/23/2014 18:00,300,117,183
10/23/2014 19:00,115,38,77
10/23/2014 20:00,83,25,58
10/23/2014 21:00,50,20,30
10/23/2014 22:00,29,14,15
10/23/2014 23:00,20,9,11
10/24/2014 0:00,26,19,7
10/24/2014 1:00,7,6,1
10/24/2014 2:00,5,2,3
10/24/2014 3:00,4,2,2
10/24/2014 4:00,9,5,4
10/24/2014 5:00,23,15,8
10/24/2014 6:00,91,60,31
10/24/2014 7:00,246,189,57
10/24/2014 8:00,413,294,119
10/24/2014 9:00,241,153,88
10/24/2014 10:00,103,12,91
10/24/2014 11:00,62,1,61
10/24/2014 12:00,73,0,73
10/24/2014 13:00,70,1,69
10/24/2014 14:00,81,0,81
10/24/2014 15:00,133,50,83
10/24/2014 16:00,234,83,151
10/24/2014 17:00,421,129,292
10/24/2014 18:00,302,95,207
10/24/2014 19:00,110,42,68
10/24/2014 20:00,53,21,32
10/24/2014 21:00,32,11,21
10/24/2014 22:00,18,6,12
10/24/2014 23:00,21,12,9
10/25/2014 0:00,19,11,8
10/25/2014 1:00,7,4,3
10/25/2014 2:00,14,7,7
10/25/2014 3:00,7,5,2
10/25/2014 4:00,3,3,0
10/25/2014 5:00,5,3,2
10/25/2014 6:00,10,4,6
10/25/2014 7:00,15,6,9
10/25/2014 8:00,49,28,21
10/25/2014 9:00,41,20,21
10/25/2014 10:00,78,45,33
10/25/2014 11:00,78,41,37
10/25/2014 12:00,68,36,32
10/25/2014 13:00,60,34,26
10/25/2014 14:00,43,16,27
10/25/2014 15:00,57,24,33
10/25/2014 16:00,50,22,28
10/25/2014 17:00,42,18,24
10/25/2014 18:00,40,22,18
10/25/2014 19:00,11,4,7
10/25/2014 20:00,5,1,4
10/25/2014 21:00,11,4,7
10/25/2014 22:00,9,2,7
10/25/2014 23:00,18,12,6
10/26/2014 0:00,8,3,5
10/26/2014 1:00,3,3,0
10/26/2014 2:00,5,2,3
10/26/2014 3:00,1,1,0
10/26/2014 4:00,4,4,0
10/26/2014 5:00,5,1,4
10/26/2014 6:00,10,6,4
10/26/2014 7:00,15,8,7
10/26/2014 8:00,35,22,13
10/26/2014 9:00,71,38,33
10/26/2014 10:00,79,58,21
10/26/2014 11:00,64,37,27
10/26/2014 12:00,56,32,24
10/26/2014 13:00,80,37,43
10/26/2014 14:00,77,41,36
10/26/2014 15:00,61,38,23
10/26/2014 16:00,88,58,30
10/26/2014 17:00,76,46,30
10/26/2014 18:00,65,29,36
10/26/2014 19:00,45,19,26
10/26/2014 20:00,20,8,12
10/26/2014 21:00,23,4,19
10/26/2014 22:00,13,7,6
10/26/2014 23:00,12,5,7
10/27/2014 0:00,6,5,1
10/27/2014 1:00,2,1,1
10/27/2014 2:00,5,3,2
10/27/2014 3:00,5,2,3
10/27/2014 4:00,8,5,3
10/27/2014 5:00,45,30,15
10/27/2014 6:00,117,75,42
10/27/2014 7:00,307,228,79
10/27/2014 8:00,470,314,156
10/27/2014 9:00,301,194,107
10/27/2014 10:00,76,0,76
10/27/2014 11:00,69,0,69
10/27/2014 12:00,74,1,73
10/27/2014 13:00,93,1,92
10/27/2014 14:00,94,9,85
10/27/2014 15:00,144,64,80
10/27/2014 16:00,256,109,147
10/27/2014 17:00,512,162,350
10/27/2014 18:00,430,145,285
10/27/2014 19:00,152,53,99
10/27/2014 20:00,71,17,54
10/27/2014 21:00,51,18,33
10/27/2014 22:00,26,10,16
10/27/2014 23:00,16,7,9
10/28/2014 0:00,9,7,2
10/28/2014 1:00,2,1,1
10/28/2014 2:00,1,1,0
10/28/2014 3:00,0,0,0
10/28/2014 4:00,4,2,2
10/28/2014 5:00,24,17,7
10/28/2014 6:00,96,68,28
10/28/2014 7:00,236,164,72
10/28/2014 8:00,353,236,117
10/28/2014 9:00,197,132,65
10/28/2014 10:00,46,33,13
10/28/2014 11:00,21,11,10
10/28/2014 12:00,34,20,14
10/28/2014 13:00,43,23,20
10/28/2014 14:00,57,27,30
10/28/2014 15:00,82,31,51
10/28/2014 16:00,146,51,95
10/28/2014 17:00,383,122,261
10/28/2014 18:00,294,109,185
10/28/2014 19:00,107,34,73
10/28/2014 20:00,59,22,37
10/28/2014 21:00,31,11,20
10/28/2014 22:00,26,18,8
10/28/2014 23:00,10,3,7
10/29/2014 0:00,7,2,5
10/29/2014 1:00,4,2,2
10/29/2014 2:00,1,1,0
10/29/2014 3:00,1,1,0
10/29/2014 4:00,5,4,1
10/29/2014 5:00,31,26,5
10/29/2014 6:00,91,62,29
10/29/2014 7:00,309,223,86
10/29/2014 8:00,472,322,150
10/29/2014 9:00,281,188,93
10/29/2014 10:00,106,14,92
10/29/2014 11:00,76,2,74
10/29/2014 12:00,73,2,71
10/29/2014 13:00,87,2,85
10/29/2014 14:00,118,2,116
10/29/2014 15:00,140,56,84
10/29/2014 16:00,287,121,166
10/29/2014 17:00,562,177,385
10/29/2014 18:00,388,142,246
10/29/2014 19:00,138,56,82
10/29/2014 20:00,79,34,45
10/29/2014 21:00,70,26,44
10/29/2014 22:00,47,17,30
10/29/2014 23:00,23,9,14
10/30/2014 0:00,8,2,6
10/30/2014 1:00,7,4,3
10/30/2014 2:00,6,2,4
10/30/2014 3:00,2,1,1
10/30/2014 4:00,6,4,2
10/30/2014 5:00,27,22,5
10/30/2014 6:00,95,69,26
10/30/2014 7:00,262,191,71
10/30/2014 8:00,400,270,130
10/30/2014 9:00,226,147,79
10/30/2014 10:00,67,39,28
10/30/2014 11:00,64,33,31
10/30/2014 12:00,38,25,13
10/30/2014 13:00,37,21,16
10/30/2014 14:00,46,27,19
10/30/2014 15:00,74,33,41
10/30/2014 16:00,160,52,108
10/30/2014 17:00,356,112,244
10/30/2014 18:00,277,96,181
10/30/2014 19:00,102,33,69
10/30/2014 20:00,59,19,40
10/30/2014 21:00,31,12,19
10/30/2014 22:00,23,6,17
10/30/2014 23:00,19,6,13
10/31/2014 0:00,9,6,3
10/31/2014 1:00,2,0,2
10/31/2014 2:00,3,2,1
10/31/2014 3:00,3,2,1
10/31/2014 4:00,4,3,1
10/31/2014 5:00,29,22,7
10/31/2014 6:00,75,57,18
10/31/2014 7:00,180,128,52
10/31/2014 8:00,269,203,66
10/31/2014 9:00,136,94,42
10/31/2014 10:00,52,34,18
10/31/2014 11:00,36,22,14
10/31/2014 12:00,33,16,17
10/31/2014 13:00,41,25,16
10/31/2014 14:00,52,27,25
10/31/2014 15:00,120,44,76
10/31/2014 16:00,215,81,134
10/31/2014 17:00,328,100,228
10/31/2014 18:00,181,75,106
10/31/2014 19:00,65,21,44
10/31/2014 20:00,31,9,22
10/31/2014 21:00,32,12,20
10/31/2014 22:00,24,11,13
10/31/2014 23:00,18,12,6
11/1/2014 0:00,13,6,7
11/1/2014 1:00,13,5,8
11/1/2014 2:00,11,4,7
11/1/2014 3:00,6,3,3
11/1/2014 4:00,4,2,2
11/1/2014 5:00,5,2,3
11/1/2014 6:00,14,9,5
11/1/2014 7:00,19,12,7
11/1/2014 8:00,47,16,31
11/1/2014 9:00,78,43,35
11/1/2014 10:00,113,78,35
11/1/2014 11:00,87,49,38
11/1/2014 12:00,90,59,31
11/1/2014 13:00,126,74,52
11/1/2014 14:00,139,71,68
11/1/2014 15:00,126,73,53
11/1/2014 16:00,104,53,51
11/1/2014 17:00,90,54,36
11/1/2014 18:00,73,42,31
11/1/2014 19:00,36,15,21
11/1/2014 20:00,34,8,26
11/1/2014 21:00,25,9,16
11/1/2014 22:00,23,14,9
11/1/2014 23:00,18,12,6
11/2/2014 0:00,13,5,8
11/2/2014 1:00,14,6,8
11/2/2014 2:00,2,0,2
11/2/2014 3:00,0,0,0
11/2/2014 4:00,6,5,1
11/2/2014 5:00,4,1,3
11/2/2014 6:00,15,10,5
11/2/2014 7:00,31,18,13
11/2/2014 8:00,60,35,25
11/2/2014 9:00,95,46,49
11/2/2014 10:00,106,68,38
11/2/2014 11:00,136,82,54
11/2/2014 12:00,143,89,54
11/2/2014 13:00,121,63,58
11/2/2014 14:00,69,40,29
11/2/2014 15:00,40,25,15
11/2/2014 16:00,49,25,24
11/2/2014 17:00,50,16,34
11/2/2014 18:00,38,24,14
11/2/2014 19:00,18,8,10
11/2/2014 20:00,22,10,12
11/2/2014 21:00,8,4,4
11/2/2014 22:00,18,5,13
11/2/2014 23:00,14,6,8
11/3/2014 0:00,2,1,1
11/3/2014 1:00,6,5,1
11/3/2014 2:00,2,1,1
11/3/2014 3:00,0,0,0
11/3/2014 4:00,8,5,3
11/3/2014 5:00,36,24,12
11/3/2014 6:00,117,80,37
11/3/2014 7:00,328,234,94
11/3/2014 8:00,409,281,128
11/3/2014 9:00,160,109,51
11/3/2014 10:00,63,39,24
11/3/2014 11:00,42,25,17
11/3/2014 12:00,47,15,32
11/3/2014 13:00,43,21,22
11/3/2014 14:00,64,40,24
11/3/2014 15:00,78,36,42
11/3/2014 16:00,156,67,89
11/3/2014 17:00,426,141,285
11/3/2014 18:00,292,90,202
11/3/2014 19:00,115,40,75
11/3/2014 20:00,51,10,41
11/3/2014 21:00,26,5,21
11/3/2014 22:00,20,8,12
11/3/2014 23:00,12,7,5
11/4/2014 0:00,7,4,3
11/4/2014 1:00,4,3,1
11/4/2014 2:00,1,0,1
11/4/2014 3:00,4,3,1
11/4/2014 4:00,10,3,7
11/4/2014 5:00,32,26,6
11/4/2014 6:00,94,68,26
11/4/2014 7:00,294,208,86
11/4/2014 8:00,444,311,133
11/4/2014 9:00,208,128,80
11/4/2014 10:00,66,36,30
11/4/2014 11:00,53,29,24
11/4/2014 12:00,66,27,39
11/4/2014 13:00,60,33,27
11/4/2014 14:00,57,29,28
11/4/2014 15:00,92,34,58
11/4/2014 16:00,189,73,116
11/4/2014 17:00,450,154,296
11/4/2014 18:00,328,120,208
11/4/2014 19:00,160,60,100
11/4/2014 20:00,61,28,33
11/4/2014 21:00,53,19,34
11/4/2014 22:00,32,16,16
11/4/2014 23:00,25,13,12
11/5/2014 0:00,4,1,3
11/5/2014 1:00,2,1,1
11/5/2014 2:00,3,1,2
11/5/2014 3:00,9,6,3
11/5/2014 4:00,2,1,1
11/5/2014 5:00,32,26,6
11/5/2014 6:00,128,84,44
11/5/2014 7:00,319,242,77
11/5/2014 8:00,396,261,135
11/5/2014 9:00,211,112,99
11/5/2014 10:00,85,12,73
11/5/2014 11:00,69,1,68
11/5/2014 12:00,65,0,65
11/5/2014 13:00,67,0,67
11/5/2014 14:00,69,8,61
11/5/2014 15:00,101,37,64
11/5/2014 16:00,196,81,115
11/5/2014 17:00,404,125,279
11/5/2014 18:00,317,104,213
11/5/2014 19:00,144,57,87
11/5/2014 20:00,70,28,42
11/5/2014 21:00,34,10,24
11/5/2014 22:00,26,12,14
11/5/2014 23:00,19,9,10
11/6/2014 0:00,12,5,7
11/6/2014 1:00,6,5,1
11/6/2014 2:00,3,2,1
11/6/2014 3:00,4,3,1
11/6/2014 4:00,5,4,1
11/6/2014 5:00,31,22,9
11/6/2014 6:00,87,63,24
11/6/2014 7:00,261,183,78
11/6/2014 8:00,276,194,82
11/6/2014 9:00,161,106,55
11/6/2014 10:00,80,53,27
11/6/2014 11:00,54,29,25
11/6/2014 12:00,55,28,27
11/6/2014 13:00,49,23,26
11/6/2014 14:00,55,32,23
11/6/2014 15:00,97,53,44
11/6/2014 16:00,162,65,97
11/6/2014 17:00,346,112,234
11/6/2014 18:00,235,73,162
11/6/2014 19:00,136,51,85
11/6/2014 20:00,49,22,27
11/6/2014 21:00,36,8,28
11/6/2014 22:00,21,6,15
11/6/2014 23:00,27,11,16
11/7/2014 0:00,13,5,8
11/7/2014 1:00,5,3,2
11/7/2014 2:00,4,2,2
11/7/2014 3:00,3,2,1
11/7/2014 4:00,6,3,3
11/7/2014 5:00,32,26,6
11/7/2014 6:00,93,60,33
11/7/2014 7:00,278,212,66
11/7/2014 8:00,381,236,145
11/7/2014 9:00,247,160,87
11/7/2014 10:00,149,29,120
11/7/2014 11:00,90,13,77
11/7/2014 12:00,96,13,83
11/7/2014 13:00,124,14,110
11/7/2014 14:00,146,19,127
11/7/2014 15:00,135,47,88
11/7/2014 16:00,273,100,173
11/7/2014 17:00,460,131,329
11/7/2014 18:00,278,81,197
11/7/2014 19:00,118,37,81
11/7/2014 20:00,60,17,43
11/7/2014 21:00,33,16,17
11/7/2014 22:00,28,10,18
11/7/2014 23:00,26,16,10
11/8/2014 0:00,14,7,7
11/8/2014 1:00,8,5,3
11/8/2014 2:00,6,3,3
11/8/2014 3:00,7,2,5
11/8/2014 4:00,3,3,0
11/8/2014 5:00,6,2,4
11/8/2014 6:00,13,5,8
11/8/2014 7:00,41,12,29
11/8/2014 8:00,81,23,58
11/8/2014 9:00,110,39,71
11/8/2014 10:00,126,48,78
11/8/2014 11:00,174,60,114
11/8/2014 12:00,183,55,128
11/8/2014 13:00,238,61,177
11/8/2014 14:00,247,60,187
11/8/2014 15:00,153,69,84
11/8/2014 16:00,129,51,78
11/8/2014 17:00,95,40,55
11/8/2014 18:00,57,18,39
11/8/2014 19:00,35,15,20
11/8/2014 20:00,48,5,43
11/8/2014 21:00,25,8,17
11/8/2014 22:00,28,9,19
11/8/2014 23:00,27,8,19
11/9/2014 0:00,22,5,17
11/9/2014 1:00,6,4,2
11/9/2014 2:00,6,3,3
11/9/2014 3:00,4,3,1
11/9/2014 4:00,3,1,2
11/9/2014 5:00,6,2,4
11/9/2014 6:00,10,5,5
11/9/2014 7:00,12,9,3
11/9/2014 8:00,29,14,15
11/9/2014 9:00,55,34,21
11/9/2014 10:00,60,30,30
11/9/2014 11:00,64,40,24
11/9/2014 12:00,73,45,28
11/9/2014 13:00,77,52,25
11/9/2014 14:00,72,51,21
11/9/2014 15:00,57,38,19
11/9/2014 16:00,51,27,24
11/9/2014 17:00,42,23,19
11/9/2014 18:00,32,22,10
11/9/2014 19:00,25,9,16
11/9/2014 20:00,15,7,8
11/9/2014 21:00,9,6,3
11/9/2014 22:00,11,8,3
11/9/2014 23:00,11,6,5
11/10/2014 0:00,7,6,1
11/10/2014 1:00,4,4,0
11/10/2014 2:00,5,1,4
11/10/2014 3:00,3,3,0
11/10/2014 4:00,6,5,1
11/10/2014 5:00,32,20,12
11/10/2014 6:00,108,72,36
11/10/2014 7:00,320,250,70
11/10/2014 8:00,477,336,141
11/10/2014 9:00,250,155,95
11/10/2014 10:00,126,39,87
11/10/2014 11:00,95,14,81
11/10/2014 12:00,80,15,65
11/10/2014 13:00,112,17,95
11/10/2014 14:00,111,29,82
11/10/2014 15:00,122,43,79
11/10/2014 16:00,275,98,177
11/10/2014 17:00,482,154,328
11/10/2014 18:00,328,96,232
11/10/2014 19:00,130,53,77
11/10/2014 20:00,62,26,36
11/10/2014 21:00,53,12,41
11/10/2014 22:00,49,16,33
11/10/2014 23:00,17,9,8
11/11/2014 0:00,16,4,12
11/11/2014 1:00,5,3,2
11/11/2014 2:00,10,1,9
11/11/2014 3:00,3,2,1
11/11/2014 4:00,5,4,1
11/11/2014 5:00,22,17,5
11/11/2014 6:00,87,61,26
11/11/2014 7:00,266,201,65
11/11/2014 8:00,354,248,106
11/11/2014 9:00,209,127,82
11/11/2014 10:00,114,34,80
11/11/2014 11:00,93,17,76
11/11/2014 12:00,120,15,105
11/11/2014 13:00,92,24,68
11/11/2014 14:00,130,20,110
11/11/2014 15:00,117,49,68
11/11/2014 16:00,217,84,133
11/11/2014 17:00,370,128,242
11/11/2014 18:00,296,86,210
11/11/2014 19:00,121,45,76
11/11/2014 20:00,60,18,42
11/11/2014 21:00,42,14,28
11/11/2014 22:00,28,10,18
11/11/2014 23:00,14,6,8
11/12/2014 0:00,7,3,4
11/12/2014 1:00,6,2,4
11/12/2014 2:00,3,1,2
11/12/2014 3:00,2,2,0
11/12/2014 4:00,7,6,1
11/12/2014 5:00,24,18,6
11/12/2014 6:00,91,66,25
11/12/2014 7:00,250,180,70
11/12/2014 8:00,403,271,132
11/12/2014 9:00,224,146,78
11/12/2014 10:00,104,29,75
11/12/2014 11:00,66,12,54
11/12/2014 12:00,68,10,58
11/12/2014 13:00,71,11,60
11/12/2014 14:00,95,19,76
11/12/2014 15:00,96,46,50
11/12/2014 16:00,204,91,113
11/12/2014 17:00,397,126,271
11/12/2014 18:00,327,106,221
11/12/2014 19:00,136,48,88
11/12/2014 20:00,70,32,38
11/12/2014 21:00,43,14,29
11/12/2014 22:00,29,13,16
11/12/2014 23:00,19,6,13
11/13/2014 0:00,8,4,4
11/13/2014 1:00,3,2,1
11/13/2014 2:00,3,1,2
11/13/2014 3:00,3,2,1
11/13/2014 4:00,6,4,2
11/13/2014 5:00,30,23,7
11/13/2014 6:00,82,59,23
11/13/2014 7:00,267,195,72
11/13/2014 8:00,388,281,107
11/13/2014 9:00,223,149,74
11/13/2014 10:00,108,28,80
11/13/2014 11:00,53,9,44
11/13/2014 12:00,64,10,54
11/13/2014 13:00,64,15,49
11/13/2014 14:00,94,18,76
11/13/2014 15:00,104,43,61
11/13/2014 16:00,198,71,127
11/13/2014 17:00,357,129,228
11/13/2014 18:00,268,90,178
11/13/2014 19:00,143,59,84
11/13/2014 20:00,57,21,36
11/13/2014 21:00,47,13,34
11/13/2014 22:00,26,9,17
11/13/2014 23:00,20,9,11
11/14/2014 0:00,12,6,6
11/14/2014 1:00,5,3,2
11/14/2014 2:00,3,2,1
11/14/2014 3:00,3,1,2
11/14/2014 4:00,5,5,0
11/14/2014 5:00,27,17,10
11/14/2014 6:00,80,48,32
11/14/2014 7:00,202,151,51
11/14/2014 8:00,319,223,96
11/14/2014 9:00,204,178,26
11/14/2014 10:00,93,91,2
11/14/2014 11:00,27,24,3
11/14/2014 12:00,27,24,3
11/14/2014 13:00,33,26,7
11/14/2014 14:00,51,47,4
11/14/2014 15:00,100,37,63
11/14/2014 16:00,200,78,122
11/14/2014 17:00,351,104,247
11/14/2014 18:00,221,66,155
11/14/2014 19:00,83,35,48
11/14/2014 20:00,49,14,35
11/14/2014 21:00,30,8,22
11/14/2014 22:00,27,8,19
11/14/2014 23:00,25,10,15
11/15/2014 0:00,10,4,6
11/15/2014 1:00,9,4,5
11/15/2014 2:00,9,4,5
11/15/2014 3:00,1,0,1
11/15/2014 4:00,1,1,0
11/15/2014 5:00,2,1,1
11/15/2014 6:00,19,8,11
11/15/2014 7:00,15,9,6
11/15/2014 8:00,49,26,23
11/15/2014 9:00,57,34,23
11/15/2014 10:00,79,53,26
11/15/2014 11:00,71,39,32
11/15/2014 12:00,96,55,41
11/15/2014 13:00,119,66,53
11/15/2014 14:00,115,61,54
11/15/2014 15:00,114,59,55
11/15/2014 16:00,112,76,36
11/15/2014 17:00,69,34,35
11/15/2014 18:00,59,27,32
11/15/2014 19:00,18,3,15
11/15/2014 20:00,14,4,10
11/15/2014 21:00,14,6,8
11/15/2014 22:00,15,8,7
11/15/2014 23:00,16,8,8
11/16/2014 0:00,11,3,8
11/16/2014 1:00,3,2,1
11/16/2014 2:00,3,3,0
11/16/2014 3:00,0,0,0
11/16/2014 4:00,4,2,2
11/16/2014 5:00,1,0,1
11/16/2014 6:00,8,2,6
11/16/2014 7:00,11,7,4
11/16/2014 8:00,28,11,17
11/16/2014 9:00,67,42,25
11/16/2014 10:00,52,27,25
11/16/2014 11:00,71,41,30
11/16/2014 12:00,97,50,47
11/16/2014 13:00,150,78,72
11/16/2014 14:00,116,70,46
11/16/2014 15:00,127,70,57
11/16/2014 16:00,94,55,39
11/16/2014 17:00,57,30,27
11/16/2014 18:00,44,15,29
11/16/2014 19:00,14,4,10
11/16/2014 20:00,18,7,11
11/16/2014 21:00,8,2,6
11/16/2014 22:00,11,5,6
11/16/2014 23:00,9,4,5
11/17/2014 0:00,6,3,3
11/17/2014 1:00,3,1,2
11/17/2014 2:00,1,1,0
11/17/2014 3:00,2,2,0
11/17/2014 4:00,6,5,1
11/17/2014 5:00,29,18,11
11/17/2014 6:00,89,54,35
11/17/2014 7:00,274,213,61
11/17/2014 8:00,423,301,122
11/17/2014 9:00,206,180,26
11/17/2014 10:00,85,76,9
11/17/2014 11:00,50,47,3
11/17/2014 12:00,60,53,7
11/17/2014 13:00,66,62,4
11/17/2014 14:00,70,66,4
11/17/2014 15:00,93,46,47
11/17/2014 16:00,211,86,125
11/17/2014 17:00,430,129,301
11/17/2014 18:00,333,95,238
11/17/2014 19:00,130,40,90
11/17/2014 20:00,53,17,36
11/17/2014 21:00,34,12,22
11/17/2014 22:00,31,14,17
11/17/2014 23:00,13,3,10
11/18/2014 0:00,4,3,1
11/18/2014 1:00,2,2,0
11/18/2014 2:00,4,2,2
11/18/2014 3:00,1,1,0
11/18/2014 4:00,7,6,1
11/18/2014 5:00,26,18,8
11/18/2014 6:00,95,70,25
11/18/2014 7:00,294,215,79
11/18/2014 8:00,419,298,121
11/18/2014 9:00,211,182,29
11/18/2014 10:00,82,73,9
11/18/2014 11:00,57,52,5
11/18/2014 12:00,56,12,44
11/18/2014 13:00,63,0,63
11/18/2014 14:00,66,2,64
11/18/2014 15:00,120,47,73
11/18/2014 16:00,218,84,134
11/18/2014 17:00,422,129,293
11/18/2014 18:00,368,102,266
11/18/2014 19:00,151,52,99
11/18/2014 20:00,64,19,45
11/18/2014 21:00,54,19,35
11/18/2014 22:00,26,7,19
11/18/2014 23:00,23,9,14
11/19/2014 0:00,5,3,2
11/19/2014 1:00,5,5,0
11/19/2014 2:00,2,2,0
11/19/2014 3:00,1,1,0
11/19/2014 4:00,5,2,3
11/19/2014 5:00,33,24,9
11/19/2014 6:00,83,54,29
11/19/2014 7:00,292,213,79
11/19/2014 8:00,432,293,139
11/19/2014 9:00,229,146,83
11/19/2014 10:00,82,13,69
11/19/2014 11:00,52,0,52
11/19/2014 12:00,49,0,49
11/19/2014 13:00,56,0,56
11/19/2014 14:00,86,5,81
11/19/2014 15:00,99,45,54
11/19/2014 16:00,201,93,108
11/19/2014 17:00,429,136,293
11/19/2014 18:00,348,104,244
11/19/2014 19:00,155,49,106
11/19/2014 20:00,82,26,56
11/19/2014 21:00,64,28,36
11/19/2014 22:00,29,12,17
11/19/2014 23:00,16,6,10
11/20/2014 0:00,15,8,7
11/20/2014 1:00,2,2,0
11/20/2014 2:00,2,1,1
11/20/2014 3:00,1,1,0
11/20/2014 4:00,4,2,2
11/20/2014 5:00,24,17,7
11/20/2014 6:00,102,70,32
11/20/2014 7:00,253,189,64
11/20/2014 8:00,415,287,128
11/20/2014 9:00,238,157,81
11/20/2014 10:00,101,8,93
11/20/2014 11:00,54,1,53
11/20/2014 12:00,47,3,44
11/20/2014 13:00,48,1,47
11/20/2014 14:00,71,14,57
11/20/2014 15:00,111,51,60
11/20/2014 16:00,179,70,109
11/20/2014 17:00,386,125,261
11/20/2014 18:00,295,87,208
11/20/2014 19:00,145,46,99
11/20/2014 20:00,125,29,96
11/20/2014 21:00,44,13,31
11/20/2014 22:00,37,16,21
11/20/2014 23:00,26,10,16
11/21/2014 0:00,10,4,6
11/21/2014 1:00,0,0,0
11/21/2014 2:00,8,4,4
11/21/2014 3:00,2,1,1
11/21/2014 4:00,7,6,1
11/21/2014 5:00,26,24,2
11/21/2014 6:00,78,52,26
11/21/2014 7:00,196,139,57
11/21/2014 8:00,267,177,90
11/21/2014 9:00,166,112,54
11/21/2014 10:00,66,36,30
11/21/2014 11:00,35,22,13
11/21/2014 12:00,28,12,16
11/21/2014 13:00,33,16,17
11/21/2014 14:00,35,16,19
11/21/2014 15:00,39,14,25
11/21/2014 16:00,128,47,81
11/21/2014 17:00,273,87,186
11/21/2014 18:00,181,58,123
11/21/2014 19:00,76,27,49
11/21/2014 20:00,34,7,27
11/21/2014 21:00,32,14,18
11/21/2014 22:00,25,16,9
11/21/2014 23:00,13,8,5
11/22/2014 0:00,7,2,5
11/22/2014 1:00,8,2,6
11/22/2014 2:00,5,3,2
11/22/2014 3:00,2,0,2
11/22/2014 4:00,2,0,2
11/22/2014 5:00,7,4,3
11/22/2014 6:00,11,3,8
11/22/2014 7:00,18,10,8
11/22/2014 8:00,44,27,17
11/22/2014 9:00,64,33,31
11/22/2014 10:00,85,38,47
11/22/2014 11:00,94,59,35
11/22/2014 12:00,76,45,31
11/22/2014 13:00,84,44,40
11/22/2014 14:00,97,49,48
11/22/2014 15:00,116,66,50
11/22/2014 16:00,97,49,48
11/22/2014 17:00,62,33,29
11/22/2014 18:00,60,23,37
11/22/2014 19:00,34,20,14
11/22/2014 20:00,23,12,11
11/22/2014 21:00,21,7,14
11/22/2014 22:00,21,11,10
11/22/2014 23:00,16,10,6
11/23/2014 0:00,12,3,9
11/23/2014 1:00,6,3,3
11/23/2014 2:00,8,7,1
11/23/2014 3:00,3,2,1
11/23/2014 4:00,3,2,1
11/23/2014 5:00,3,1,2
11/23/2014 6:00,6,4,2
11/23/2014 7:00,8,5,3
11/23/2014 8:00,20,6,14
11/23/2014 9:00,39,29,10
11/23/2014 10:00,31,18,13
11/23/2014 11:00,60,35,25
11/23/2014 12:00,63,40,23
11/23/2014 13:00,80,43,37
11/23/2014 14:00,95,50,45
11/23/2014 15:00,96,53,43
11/23/2014 16:00,81,42,39
11/23/2014 17:00,58,29,29
11/23/2014 18:00,35,14,21
11/23/2014 19:00,26,14,12
11/23/2014 20:00,23,10,13
11/23/2014 21:00,10,3,7
11/23/2014 22:00,12,5,7
11/23/2014 23:00,9,7,2
11/24/2014 0:00,2,0,2
11/24/2014 1:00,2,1,1
11/24/2014 2:00,2,1,1
11/24/2014 3:00,2,2,0
11/24/2014 4:00,8,6,2
11/24/2014 5:00,26,17,9
11/24/2014 6:00,95,66,29
11/24/2014 7:00,260,196,64
11/24/2014 8:00,407,278,129
11/24/2014 9:00,173,155,18
11/24/2014 10:00,73,72,1
11/24/2014 11:00,49,49,0
11/24/2014 12:00,39,39,0
11/24/2014 13:00,47,47,0
11/24/2014 14:00,49,45,4
11/24/2014 15:00,78,36,42
11/24/2014 16:00,177,76,101
11/24/2014 17:00,390,117,273
11/24/2014 18:00,287,69,218
11/24/2014 19:00,117,40,77
11/24/2014 20:00,56,19,37
11/24/2014 21:00,40,17,23
11/24/2014 22:00,26,14,12
11/24/2014 23:00,13,5,8
11/25/2014 0:00,8,6,2
11/25/2014 1:00,1,0,1
11/25/2014 2:00,5,4,1
11/25/2014 3:00,2,1,1
11/25/2014 4:00,8,6,2
11/25/2014 5:00,22,15,7
11/25/2014 6:00,74,50,24
11/25/2014 7:00,195,152,43
11/25/2014 8:00,290,200,90
11/25/2014 9:00,153,134,19
11/25/2014 10:00,69,68,1
11/25/2014 11:00,34,33,1
11/25/2014 12:00,30,30,0
11/25/2014 13:00,47,27,20
11/25/2014 14:00,60,26,34
11/25/2014 15:00,57,19,38
11/25/2014 16:00,145,62,83
11/25/2014 17:00,283,83,200
11/25/2014 18:00,239,70,169
11/25/2014 19:00,116,42,74
11/25/2014 20:00,50,22,28
11/25/2014 21:00,27,12,15
11/25/2014 22:00,19,10,9
11/25/2014 23:00,17,6,11
11/26/2014 0:00,10,4,6
11/26/2014 1:00,3,2,1
11/26/2014 2:00,0,0,0
11/26/2014 3:00,1,0,1
11/26/2014 4:00,2,2,0
11/26/2014 5:00,25,22,3
11/26/2014 6:00,57,37,20
11/26/2014 7:00,179,130,49
11/26/2014 8:00,292,191,101
11/26/2014 9:00,193,113,80
11/26/2014 10:00,91,62,29
11/26/2014 11:00,65,40,25
11/26/2014 12:00,87,51,36
11/26/2014 13:00,120,59,61
11/26/2014 14:00,117,58,59
11/26/2014 15:00,184,71,113
11/26/2014 16:00,230,89,141
11/26/2014 17:00,245,92,153
11/26/2014 18:00,160,63,97
11/26/2014 19:00,59,26,33
11/26/2014 20:00,58,21,37
11/26/2014 21:00,25,14,11
11/26/2014 22:00,15,5,10
11/26/2014 23:00,21,10,11
11/27/2014 0:00,10,4,6
11/27/2014 1:00,3,2,1
11/27/2014 2:00,2,1,1
11/27/2014 3:00,2,2,0
11/27/2014 4:00,1,1,0
11/27/2014 5:00,2,1,1
11/27/2014 6:00,14,12,2
11/27/2014 7:00,9,6,3
11/27/2014 8:00,30,20,10
11/27/2014 9:00,40,19,21
11/27/2014 10:00,48,30,18
11/27/2014 11:00,73,45,28
11/27/2014 12:00,61,36,25
11/27/2014 13:00,59,43,16
11/27/2014 14:00,23,15,8
11/27/2014 15:00,30,17,13
11/27/2014 16:00,17,10,7
11/27/2014 17:00,11,1,10
11/27/2014 18:00,4,0,4
11/27/2014 19:00,5,3,2
11/27/2014 20:00,13,9,4
11/27/2014 21:00,19,9,10
11/27/2014 22:00,9,5,4
11/27/2014 23:00,15,4,11
11/28/2014 0:00,8,7,1
11/28/2014 1:00,0,0,0
11/28/2014 2:00,2,2,0
11/28/2014 3:00,5,1,4
11/28/2014 4:00,13,9,4
11/28/2014 5:00,8,5,3
11/28/2014 6:00,13,6,7
11/28/2014 7:00,17,12,5
11/28/2014 8:00,26,19,7
11/28/2014 9:00,19,12,7
11/28/2014 10:00,12,6,6
11/28/2014 11:00,9,3,6
11/28/2014 12:00,15,12,3
11/28/2014 13:00,19,12,7
11/28/2014 14:00,25,13,12
11/28/2014 15:00,16,5,11
11/28/2014 16:00,25,9,16
11/28/2014 17:00,20,10,10
11/28/2014 18:00,15,7,8
11/28/2014 19:00,17,7,10
11/28/2014 20:00,14,4,10
11/28/2014 21:00,6,3,3
11/28/2014 22:00,9,3,6
11/28/2014 23:00,11,4,7
11/29/2014 0:00,5,2,3
11/29/2014 1:00,2,2,0
11/29/2014 2:00,4,2,2
11/29/2014 3:00,1,1,0
11/29/2014 4:00,1,0,1
11/29/2014 5:00,5,3,2
11/29/2014 6:00,7,3,4
11/29/2014 7:00,8,4,4
11/29/2014 8:00,19,6,13
11/29/2014 9:00,33,25,8
11/29/2014 10:00,20,11,9
11/29/2014 11:00,18,10,8
11/29/2014 12:00,26,10,16
11/29/2014 13:00,29,19,10
11/29/2014 14:00,29,14,15
11/29/2014 15:00,26,11,15
11/29/2014 16:00,24,10,14
11/29/2014 17:00,23,12,11
11/29/2014 18:00,14,8,6
11/29/2014 19:00,14,3,11
11/29/2014 20:00,16,5,11
11/29/2014 21:00,8,3,5
11/29/2014 22:00,9,4,5
11/29/2014 23:00,4,1,3
11/30/2014 0:00,6,1,5
11/30/2014 1:00,1,0,1
11/30/2014 2:00,4,1,3
11/30/2014 3:00,1,1,0
11/30/2014 4:00,2,1,1
11/30/2014 5:00,3,1,2
11/30/2014 6:00,3,2,1
11/30/2014 7:00,5,3,2
11/30/2014 8:00,24,12,12
11/30/2014 9:00,27,15,12
11/30/2014 10:00,28,10,18
11/30/2014 11:00,28,18,10
11/30/2014 12:00,38,17,21
11/30/2014 13:00,54,29,25
11/30/2014 14:00,61,37,24
11/30/2014 15:00,40,21,19
11/30/2014 16:00,52,27,25
11/30/2014 17:00,35,18,17
11/30/2014 18:00,24,11,13
11/30/2014 19:00,10,5,5
11/30/2014 20:00,11,3,8
11/30/2014 21:00,16,3,13
11/30/2014 22:00,13,5,8
11/30/2014 23:00,7,2,5
12/1/2014 0:00,5,4,1
12/1/2014 1:00,0,0,0
12/1/2014 2:00,3,2,1
12/1/2014 3:00,2,1,1
12/1/2014 4:00,1,0,1
12/1/2014 5:00,24,20,4
12/1/2014 6:00,53,32,21
12/1/2014 7:00,176,144,32
12/1/2014 8:00,287,213,74
12/1/2014 9:00,160,110,50
12/1/2014 10:00,60,37,23
12/1/2014 11:00,47,24,23
12/1/2014 12:00,36,19,17
12/1/2014 13:00,39,13,26
12/1/2014 14:00,52,26,26
12/1/2014 15:00,64,26,38
12/1/2014 16:00,110,44,66
12/1/2014 17:00,278,83,195
12/1/2014 18:00,217,69,148
12/1/2014 19:00,90,35,55
12/1/2014 20:00,49,23,26
12/1/2014 21:00,25,9,16
12/1/2014 22:00,15,7,8
12/1/2014 23:00,16,3,13
12/2/2014 0:00,4,3,1
12/2/2014 1:00,5,2,3
12/2/2014 2:00,1,1,0
12/2/2014 3:00,6,3,3
12/2/2014 4:00,2,1,1
12/2/2014 5:00,26,20,6
12/2/2014 6:00,83,55,28
12/2/2014 7:00,207,149,58
12/2/2014 8:00,340,232,108
12/2/2014 9:00,162,149,13
12/2/2014 10:00,63,47,16
12/2/2014 11:00,29,0,29
12/2/2014 12:00,58,0,58
12/2/2014 13:00,45,0,45
12/2/2014 14:00,58,3,55
12/2/2014 15:00,80,31,49
12/2/2014 16:00,163,73,90
12/2/2014 17:00,304,91,213
12/2/2014 18:00,262,80,182
12/2/2014 19:00,113,39,74
12/2/2014 20:00,58,22,36
12/2/2014 21:00,39,21,18
12/2/2014 22:00,19,12,7
12/2/2014 23:00,12,3,9
12/3/2014 0:00,4,1,3
12/3/2014 1:00,3,2,1
12/3/2014 2:00,2,2,0
12/3/2014 3:00,3,2,1
12/3/2014 4:00,3,3,0
12/3/2014 5:00,23,21,2
12/3/2014 6:00,61,40,21
12/3/2014 7:00,223,162,61
12/3/2014 8:00,346,236,110
12/3/2014 9:00,209,140,69
12/3/2014 10:00,70,9,61
12/3/2014 11:00,46,0,46
12/3/2014 12:00,54,0,54
12/3/2014 13:00,37,0,37
12/3/2014 14:00,69,2,67
12/3/2014 15:00,81,22,59
12/3/2014 16:00,147,66,81
12/3/2014 17:00,349,119,230
12/3/2014 18:00,280,84,196
12/3/2014 19:00,123,43,80
12/3/2014 20:00,68,21,47
12/3/2014 21:00,49,26,23
12/3/2014 22:00,25,11,14
12/3/2014 23:00,19,7,12
12/4/2014 0:00,10,4,6
12/4/2014 1:00,3,2,1
12/4/2014 2:00,3,3,0
12/4/2014 3:00,3,1,2
12/4/2014 4:00,3,0,3
12/4/2014 5:00,23,19,4
12/4/2014 6:00,80,58,22
12/4/2014 7:00,212,150,62
12/4/2014 8:00,339,234,105
12/4/2014 9:00,192,136,56
12/4/2014 10:00,63,13,50
12/4/2014 11:00,35,0,35
12/4/2014 12:00,33,0,33
12/4/2014 13:00,44,0,44
12/4/2014 14:00,51,0,51
12/4/2014 15:00,72,29,43
12/4/2014 16:00,137,60,77
12/4/2014 17:00,300,95,205
12/4/2014 18:00,239,67,172
12/4/2014 19:00,120,41,79
12/4/2014 20:00,60,17,43
12/4/2014 21:00,44,13,31
12/4/2014 22:00,19,6,13
12/4/2014 23:00,11,3,8
12/5/2014 0:00,8,2,6
12/5/2014 1:00,2,2,0
12/5/2014 2:00,1,1,0
12/5/2014 3:00,4,3,1
12/5/2014 4:00,3,3,0
12/5/2014 5:00,21,17,4
12/5/2014 6:00,70,45,25
12/5/2014 7:00,163,117,46
12/5/2014 8:00,280,174,106
12/5/2014 9:00,177,117,60
12/5/2014 10:00,61,33,28
12/5/2014 11:00,54,29,25
12/5/2014 12:00,40,26,14
12/5/2014 13:00,49,20,29
12/5/2014 14:00,53,27,26
12/5/2014 15:00,77,38,39
12/5/2014 16:00,152,64,88
12/5/2014 17:00,274,81,193
12/5/2014 18:00,210,57,153
12/5/2014 19:00,104,41,63
12/5/2014 20:00,41,15,26
12/5/2014 21:00,28,8,20
12/5/2014 22:00,39,19,20
12/5/2014 23:00,17,5,12
12/6/2014 0:00,17,6,11
12/6/2014 1:00,11,3,8
12/6/2014 2:00,8,4,4
12/6/2014 3:00,0,0,0
12/6/2014 4:00,4,2,2
12/6/2014 5:00,6,5,1
12/6/2014 6:00,13,4,9
12/6/2014 7:00,22,13,9
12/6/2014 8:00,44,29,15
12/6/2014 9:00,75,39,36
12/6/2014 10:00,63,34,29
12/6/2014 11:00,58,32,26
12/6/2014 12:00,77,46,31
12/6/2014 13:00,73,41,32
12/6/2014 14:00,81,51,30
12/6/2014 15:00,86,43,43
12/6/2014 16:00,71,29,42
12/6/2014 17:00,56,34,22
12/6/2014 18:00,34,15,19
12/6/2014 19:00,24,14,10
12/6/2014 20:00,27,14,13
12/6/2014 21:00,16,3,13
12/6/2014 22:00,14,6,8
12/6/2014 23:00,22,11,11
12/7/2014 0:00,8,6,2
12/7/2014 1:00,9,6,3
12/7/2014 2:00,6,0,6
12/7/2014 3:00,6,4,2
12/7/2014 4:00,2,1,1
12/7/2014 5:00,6,3,3
12/7/2014 6:00,6,2,4
12/7/2014 7:00,10,7,3
12/7/2014 8:00,57,36,21
12/7/2014 9:00,70,41,29
12/7/2014 10:00,135,73,62
12/7/2014 11:00,105,61,44
12/7/2014 12:00,130,55,75
12/7/2014 13:00,118,64,54
12/7/2014 14:00,101,65,36
12/7/2014 15:00,125,64,61
12/7/2014 16:00,90,39,51
12/7/2014 17:00,68,41,27
12/7/2014 18:00,42,16,26
12/7/2014 19:00,31,14,17
12/7/2014 20:00,21,10,11
12/7/2014 21:00,15,2,13
12/7/2014 22:00,17,9,8
12/7/2014 23:00,16,9,7
12/8/2014 0:00,4,2,2
12/8/2014 1:00,2,1,1
12/8/2014 2:00,3,3,0
12/8/2014 3:00,2,0,2
12/8/2014 4:00,2,2,0
12/8/2014 5:00,33,22,11
12/8/2014 6:00,102,64,38
12/8/2014 7:00,285,227,58
12/8/2014 8:00,390,275,115
12/8/2014 9:00,193,25,168
12/8/2014 10:00,65,0,65
12/8/2014 11:00,56,1,55
12/8/2014 12:00,44,3,41
12/8/2014 13:00,49,2,47
12/8/2014 14:00,66,11,55
12/8/2014 15:00,78,38,40
12/8/2014 16:00,161,65,96
12/8/2014 17:00,380,112,268
12/8/2014 18:00,303,84,219
12/8/2014 19:00,86,35,51
12/8/2014 20:00,43,16,27
12/8/2014 21:00,19,6,13
12/8/2014 22:00,16,4,12
12/8/2014 23:00,7,1,6
12/9/2014 0:00,3,3,0
12/9/2014 1:00,3,3,0
12/9/2014 2:00,2,2,0
12/9/2014 3:00,5,2,3
12/9/2014 4:00,1,1,0
12/9/2014 5:00,28,22,6
12/9/2014 6:00,85,59,26
12/9/2014 7:00,227,156,71
12/9/2014 8:00,327,217,110
12/9/2014 9:00,120,115,5
12/9/2014 10:00,48,48,0
12/9/2014 11:00,43,43,0
12/9/2014 12:00,28,28,0
12/9/2014 13:00,35,35,0
12/9/2014 14:00,51,51,0
12/9/2014 15:00,88,44,44
12/9/2014 16:00,182,87,95
12/9/2014 17:00,327,103,224
12/9/2014 18:00,280,95,185
12/9/2014 19:00,113,41,72
12/9/2014 20:00,58,23,35
12/9/2014 21:00,33,11,22
12/9/2014 22:00,21,8,13
12/9/2014 23:00,11,3,8
12/10/2014 0:00,5,3,2
12/10/2014 1:00,5,2,3
12/10/2014 2:00,3,3,0
12/10/2014 3:00,2,1,1
12/10/2014 4:00,2,1,1
12/10/2014 5:00,15,12,3
12/10/2014 6:00,80,52,28
12/10/2014 7:00,199,157,42
12/10/2014 8:00,298,298,0
12/10/2014 9:00,155,155,0
12/10/2014 10:00,75,75,0
12/10/2014 11:00,34,34,0
12/10/2014 12:00,37,37,0
12/10/2014 13:00,37,29,8
12/10/2014 14:00,31,18,13
12/10/2014 15:00,59,31,28
12/10/2014 16:00,136,43,93
12/10/2014 17:00,297,105,192
12/10/2014 18:00,241,67,174
12/10/2014 19:00,100,29,71
12/10/2014 20:00,67,25,42
12/10/2014 21:00,40,16,24
12/10/2014 22:00,18,9,9
12/10/2014 23:00,21,6,15
12/11/2014 0:00,7,2,5
12/11/2014 1:00,3,1,2
12/11/2014 2:00,4,2,2
12/11/2014 3:00,1,0,1
12/11/2014 4:00,4,3,1
12/11/2014 5:00,21,14,7
12/11/2014 6:00,64,47,17
12/11/2014 7:00,141,37,104
12/11/2014 8:00,194,0,194
12/11/2014 9:00,110,0,110
12/11/2014 10:00,55,0,55
12/11/2014 11:00,33,0,33
12/11/2014 12:00,18,0,18
12/11/2014 13:00,35,2,33
12/11/2014 14:00,42,20,22
12/11/2014 15:00,76,33,43
12/11/2014 16:00,146,64,82
12/11/2014 17:00,263,70,193
12/11/2014 18:00,208,58,150
12/11/2014 19:00,92,34,58
12/11/2014 20:00,29,9,20
12/11/2014 21:00,38,12,26
12/11/2014 22:00,22,11,11
12/11/2014 23:00,15,3,12
12/12/2014 0:00,4,1,3
12/12/2014 1:00,3,2,1
12/12/2014 2:00,3,0,3
12/12/2014 3:00,2,1,1
12/12/2014 4:00,4,3,1
12/12/2014 5:00,18,13,5
12/12/2014 6:00,74,44,30
12/12/2014 7:00,189,126,63
12/12/2014 8:00,319,221,98
12/12/2014 9:00,155,148,7
12/12/2014 10:00,66,66,0
12/12/2014 11:00,75,51,24
12/12/2014 12:00,60,29,31
12/12/2014 13:00,74,35,39
12/12/2014 14:00,91,50,41
12/12/2014 15:00,117,51,66
12/12/2014 16:00,200,73,127
12/12/2014 17:00,365,96,269
12/12/2014 18:00,223,75,148
12/12/2014 19:00,94,26,68
12/12/2014 20:00,71,26,45
12/12/2014 21:00,41,23,18
12/12/2014 22:00,27,15,12
12/12/2014 23:00,26,6,20
12/13/2014 0:00,13,2,11
12/13/2014 1:00,5,3,2
12/13/2014 2:00,9,6,3
12/13/2014 3:00,6,2,4
12/13/2014 4:00,2,0,2
12/13/2014 5:00,6,5,1
12/13/2014 6:00,16,9,7
12/13/2014 7:00,24,12,12
12/13/2014 8:00,50,22,28
12/13/2014 9:00,60,27,33
12/13/2014 10:00,85,51,34
12/13/2014 11:00,108,65,43
12/13/2014 12:00,110,69,41
12/13/2014 13:00,104,58,46
12/13/2014 14:00,146,76,70
12/13/2014 15:00,165,93,72
12/13/2014 16:00,97,46,51
12/13/2014 17:00,45,32,13
12/13/2014 18:00,43,24,19
12/13/2014 19:00,22,8,14
12/13/2014 20:00,20,7,13
12/13/2014 21:00,28,6,22
12/13/2014 22:00,16,9,7
12/13/2014 23:00,23,9,14
12/14/2014 0:00,16,6,10
12/14/2014 1:00,13,9,4
12/14/2014 2:00,6,1,5
12/14/2014 3:00,3,1,2
12/14/2014 4:00,3,2,1
12/14/2014 5:00,3,2,1
12/14/2014 6:00,10,2,8
12/14/2014 7:00,11,8,3
12/14/2014 8:00,47,25,22
12/14/2014 9:00,83,48,35
12/14/2014 10:00,92,58,34
12/14/2014 11:00,109,66,43
12/14/2014 12:00,125,84,41
12/14/2014 13:00,158,73,85
12/14/2014 14:00,134,86,48
12/14/2014 15:00,108,55,53
12/14/2014 16:00,107,58,49
12/14/2014 17:00,60,29,31
12/14/2014 18:00,43,21,22
12/14/2014 19:00,37,15,22
12/14/2014 20:00,24,9,15
12/14/2014 21:00,20,8,12
12/14/2014 22:00,11,8,3
12/14/2014 23:00,9,3,6
12/15/2014 0:00,4,2,2
12/15/2014 1:00,2,0,2
12/15/2014 2:00,1,1,0
12/15/2014 3:00,4,3,1
12/15/2014 4:00,2,2,0
12/15/2014 5:00,35,28,7
12/15/2014 6:00,99,66,33
12/15/2014 7:00,177,26,151
12/15/2014 8:00,242,0,242
12/15/2014 9:00,155,0,155
12/15/2014 10:00,53,0,53
12/15/2014 11:00,56,2,54
12/15/2014 12:00,44,1,43
12/15/2014 13:00,56,0,56
12/15/2014 14:00,61,2,59
12/15/2014 15:00,119,54,65
12/15/2014 16:00,200,77,123
12/15/2014 17:00,392,114,278
12/15/2014 18:00,310,75,235
12/15/2014 19:00,125,43,82
12/15/2014 20:00,59,15,44
12/15/2014 21:00,49,21,28
12/15/2014 22:00,23,9,14
12/15/2014 23:00,15,7,8
12/16/2014 0:00,10,3,7
12/16/2014 1:00,4,1,3
12/16/2014 2:00,3,1,2
12/16/2014 3:00,7,3,4
12/16/2014 4:00,4,4,0
12/16/2014 5:00,24,21,3
12/16/2014 6:00,93,65,28
12/16/2014 7:00,235,220,15
12/16/2014 8:00,319,319,0
12/16/2014 9:00,170,169,1
12/16/2014 10:00,64,64,0
12/16/2014 11:00,63,63,0
12/16/2014 12:00,62,60,2
12/16/2014 13:00,50,0,50
12/16/2014 14:00,67,5,62
12/16/2014 15:00,111,51,60
12/16/2014 16:00,183,72,111
12/16/2014 17:00,365,106,259
12/16/2014 18:00,329,99,230
12/16/2014 19:00,127,49,78
12/16/2014 20:00,62,23,39
12/16/2014 21:00,30,10,20
12/16/2014 22:00,23,8,15
12/16/2014 23:00,19,4,15
12/17/2014 0:00,7,4,3
12/17/2014 1:00,5,3,2
12/17/2014 2:00,3,2,1
12/17/2014 3:00,3,2,1
12/17/2014 4:00,5,4,1
12/17/2014 5:00,23,20,3
12/17/2014 6:00,71,54,17
12/17/2014 7:00,168,25,143
12/17/2014 8:00,246,6,240
12/17/2014 9:00,135,0,135
12/17/2014 10:00,59,1,58
12/17/2014 11:00,38,0,38
12/17/2014 12:00,33,31,2
12/17/2014 13:00,36,36,0
12/17/2014 14:00,51,44,7
12/17/2014 15:00,80,36,44
12/17/2014 16:00,146,54,92
12/17/2014 17:00,319,93,226
12/17/2014 18:00,289,78,211
12/17/2014 19:00,122,44,78
12/17/2014 20:00,61,18,43
12/17/2014 21:00,32,17,15
12/17/2014 22:00,22,9,13
12/17/2014 23:00,25,6,19
12/18/2014 0:00,9,2,7
12/18/2014 1:00,4,2,2
12/18/2014 2:00,3,2,1
12/18/2014 3:00,2,0,2
12/18/2014 4:00,4,2,2
12/18/2014 5:00,23,18,5
12/18/2014 6:00,78,58,20
12/18/2014 7:00,176,165,11
12/18/2014 8:00,308,305,3
12/18/2014 9:00,143,143,0
12/18/2014 10:00,76,76,0
12/18/2014 11:00,39,39,0
12/18/2014 12:00,41,38,3
12/18/2014 13:00,50,50,0
12/18/2014 14:00,44,39,5
12/18/2014 15:00,66,32,34
12/18/2014 16:00,137,49,88
12/18/2014 17:00,288,84,204
12/18/2014 18:00,238,63,175
12/18/2014 19:00,101,35,66
12/18/2014 20:00,49,11,38
12/18/2014 21:00,34,9,25
12/18/2014 22:00,17,5,12
12/18/2014 23:00,11,2,9
12/19/2014 0:00,7,2,5
12/19/2014 1:00,3,0,3
12/19/2014 2:00,1,1,0
12/19/2014 3:00,1,1,0
12/19/2014 4:00,4,4,0
12/19/2014 5:00,14,10,4
12/19/2014 6:00,66,46,20
12/19/2014 7:00,139,95,44
12/19/2014 8:00,223,144,79
12/19/2014 9:00,190,129,61
12/19/2014 10:00,70,50,20
12/19/2014 11:00,69,38,31
12/19/2014 12:00,70,38,32
12/19/2014 13:00,74,40,34
12/19/2014 14:00,66,28,38
12/19/2014 15:00,89,42,47
12/19/2014 16:00,178,61,117
12/19/2014 17:00,238,85,153
12/19/2014 18:00,167,63,104
12/19/2014 19:00,84,27,57
12/19/2014 20:00,48,23,25
12/19/2014 21:00,32,9,23
12/19/2014 22:00,21,11,10
12/19/2014 23:00,16,6,10
12/20/2014 0:00,14,5,9
12/20/2014 1:00,12,6,6
12/20/2014 2:00,6,5,1
12/20/2014 3:00,2,0,2
12/20/2014 4:00,1,1,0
12/20/2014 5:00,6,4,2
12/20/2014 6:00,12,5,7
12/20/2014 7:00,12,7,5
12/20/2014 8:00,29,18,11
12/20/2014 9:00,14,6,8
12/20/2014 10:00,31,16,15
12/20/2014 11:00,21,12,9
12/20/2014 12:00,29,12,17
12/20/2014 13:00,31,17,14
12/20/2014 14:00,31,18,13
12/20/2014 15:00,25,15,10
12/20/2014 16:00,37,23,14
12/20/2014 17:00,21,10,11
12/20/2014 18:00,25,14,11
12/20/2014 19:00,9,4,5
12/20/2014 20:00,17,11,6
12/20/2014 21:00,6,3,3
12/20/2014 22:00,7,2,5
12/20/2014 23:00,6,2,4
12/21/2014 0:00,14,7,7
12/21/2014 1:00,8,1,7
12/21/2014 2:00,12,2,10
12/21/2014 3:00,5,4,1
12/21/2014 4:00,4,3,1
12/21/2014 5:00,4,3,1
12/21/2014 6:00,9,2,7
12/21/2014 7:00,15,8,7
12/21/2014 8:00,29,18,11
12/21/2014 9:00,50,30,20
12/21/2014 10:00,58,31,27
12/21/2014 11:00,78,50,28
12/21/2014 12:00,79,39,40
12/21/2014 13:00,93,55,38
12/21/2014 14:00,71,50,21
12/21/2014 15:00,95,51,44
12/21/2014 16:00,54,23,31
12/21/2014 17:00,52,18,34
12/21/2014 18:00,31,18,13
12/21/2014 19:00,16,7,9
12/21/2014 20:00,11,8,3
12/21/2014 21:00,16,10,6
12/21/2014 22:00,25,9,16
12/21/2014 23:00,15,7,8
12/22/2014 0:00,8,4,4
12/22/2014 1:00,1,0,1
12/22/2014 2:00,3,2,1
12/22/2014 3:00,3,3,0
12/22/2014 4:00,3,3,0
12/22/2014 5:00,29,21,8
12/22/2014 6:00,76,47,29
12/22/2014 7:00,204,145,59
12/22/2014 8:00,299,211,88
12/22/2014 9:00,163,112,51
12/22/2014 10:00,81,47,34
12/22/2014 11:00,86,46,40
12/22/2014 12:00,49,29,20
12/22/2014 13:00,69,38,31
12/22/2014 14:00,104,58,46
12/22/2014 15:00,113,52,61
12/22/2014 16:00,182,56,126
12/22/2014 17:00,346,103,243
12/22/2014 18:00,219,59,160
12/22/2014 19:00,100,36,64
12/22/2014 20:00,39,18,21
12/22/2014 21:00,35,17,18
12/22/2014 22:00,28,16,12
12/22/2014 23:00,16,9,7
12/23/2014 0:00,13,3,10
12/23/2014 1:00,8,3,5
12/23/2014 2:00,5,4,1
12/23/2014 3:00,2,2,0
12/23/2014 4:00,4,3,1
12/23/2014 5:00,19,15,4
12/23/2014 6:00,53,40,13
12/23/2014 7:00,147,101,46
12/23/2014 8:00,193,143,50
12/23/2014 9:00,117,72,45
12/23/2014 10:00,72,36,36
12/23/2014 11:00,46,26,20
12/23/2014 12:00,63,35,28
12/23/2014 13:00,66,47,19
12/23/2014 14:00,53,23,30
12/23/2014 15:00,69,24,45
12/23/2014 16:00,109,37,72
12/23/2014 17:00,167,43,124
12/23/2014 18:00,106,39,67
12/23/2014 19:00,31,11,20
12/23/2014 20:00,24,3,21
12/23/2014 21:00,8,4,4
12/23/2014 22:00,12,6,6
12/23/2014 23:00,13,10,3
12/24/2014 0:00,5,1,4
12/24/2014 1:00,6,4,2
12/24/2014 2:00,1,1,0
12/24/2014 3:00,4,1,3
12/24/2014 4:00,2,2,0
12/24/2014 5:00,6,6,0
12/24/2014 6:00,27,19,8
12/24/2014 7:00,61,46,15
12/24/2014 8:00,77,51,26
12/24/2014 9:00,62,40,22
12/24/2014 10:00,44,30,14
12/24/2014 11:00,50,24,26
12/24/2014 12:00,59,29,30
12/24/2014 13:00,63,30,33
12/24/2014 14:00,70,26,44
12/24/2014 15:00,105,49,56
12/24/2014 16:00,72,32,40
12/24/2014 17:00,45,17,28
12/24/2014 18:00,16,6,10
12/24/2014 19:00,12,3,9
12/24/2014 20:00,8,3,5
12/24/2014 21:00,6,2,4
12/24/2014 22:00,7,5,2
12/24/2014 23:00,5,3,2
12/25/2014 0:00,1,0,1
12/25/2014 1:00,3,1,2
12/25/2014 2:00,1,0,1
12/25/2014 3:00,0,0,0
12/25/2014 4:00,1,0,1
12/25/2014 5:00,3,3,0
12/25/2014 6:00,4,2,2
12/25/2014 7:00,4,1,3
12/25/2014 8:00,7,2,5
12/25/2014 9:00,20,16,4
12/25/2014 10:00,31,23,8
12/25/2014 11:00,27,14,13
12/25/2014 12:00,34,24,10
12/25/2014 13:00,77,45,32
12/25/2014 14:00,74,36,38
12/25/2014 15:00,64,41,23
12/25/2014 16:00,26,11,15
12/25/2014 17:00,12,5,7
12/25/2014 18:00,13,4,9
12/25/2014 19:00,18,11,7
12/25/2014 20:00,8,2,6
12/25/2014 21:00,5,2,3
12/25/2014 22:00,11,5,6
12/25/2014 23:00,7,5,2
12/26/2014 0:00,6,4,2
12/26/2014 1:00,4,3,1
12/26/2014 2:00,1,1,0
12/26/2014 3:00,1,1,0
12/26/2014 4:00,1,0,1
12/26/2014 5:00,11,7,4
12/26/2014 6:00,21,10,11
12/26/2014 7:00,50,31,19
12/26/2014 8:00,52,32,20
12/26/2014 9:00,76,45,31
12/26/2014 10:00,51,31,20
12/26/2014 11:00,48,30,18
12/26/2014 12:00,73,38,35
12/26/2014 13:00,88,47,41
12/26/2014 14:00,105,47,58
12/26/2014 15:00,112,43,69
12/26/2014 16:00,102,47,55
12/26/2014 17:00,73,26,47
12/26/2014 18:00,49,12,37
12/26/2014 19:00,25,14,11
12/26/2014 20:00,8,2,6
12/26/2014 21:00,17,5,12
12/26/2014 22:00,15,6,9
12/26/2014 23:00,10,3,7
12/27/2014 0:00,7,1,6
12/27/2014 1:00,5,4,1
12/27/2014 2:00,2,2,0
12/27/2014 3:00,1,1,0
12/27/2014 4:00,0,0,0
12/27/2014 5:00,5,2,3
12/27/2014 6:00,19,11,8
12/27/2014 7:00,7,5,2
12/27/2014 8:00,29,12,17
12/27/2014 9:00,22,10,12
12/27/2014 10:00,40,28,12
12/27/2014 11:00,32,19,13
12/27/2014 12:00,74,34,40
12/27/2014 13:00,52,28,24
12/27/2014 14:00,52,36,16
12/27/2014 15:00,35,17,18
12/27/2014 16:00,31,12,19
12/27/2014 17:00,40,20,20
12/27/2014 18:00,21,9,12
12/27/2014 19:00,15,6,9
12/27/2014 20:00,16,10,6
12/27/2014 21:00,18,8,10
12/27/2014 22:00,9,2,7
12/27/2014 23:00,11,4,7
12/28/2014 0:00,6,1,5
12/28/2014 1:00,3,2,1
12/28/2014 2:00,0,0,0
12/28/2014 3:00,1,0,1
12/28/2014 4:00,2,2,0
12/28/2014 5:00,6,1,5
12/28/2014 6:00,5,0,5
12/28/2014 7:00,9,7,2
12/28/2014 8:00,26,19,7
12/28/2014 9:00,56,32,24
12/28/2014 10:00,75,54,21
12/28/2014 11:00,77,38,39
12/28/2014 12:00,73,38,35
12/28/2014 13:00,70,38,32
12/28/2014 14:00,43,27,16
12/28/2014 15:00,39,21,18
12/28/2014 16:00,36,18,18
12/28/2014 17:00,35,14,21
12/28/2014 18:00,24,13,11
12/28/2014 19:00,17,11,6
12/28/2014 20:00,11,4,7
12/28/2014 21:00,11,6,5
12/28/2014 22:00,12,3,9
12/28/2014 23:00,7,3,4
12/29/2014 0:00,4,1,3
12/29/2014 1:00,0,0,0
12/29/2014 2:00,1,1,0
12/29/2014 3:00,1,0,1
12/29/2014 4:00,7,5,2
12/29/2014 5:00,20,11,9
12/29/2014 6:00,54,31,23
12/29/2014 7:00,144,108,36
12/29/2014 8:00,205,148,57
12/29/2014 9:00,137,95,42
12/29/2014 10:00,57,34,23
12/29/2014 11:00,48,27,21
12/29/2014 12:00,57,29,28
12/29/2014 13:00,64,31,33
12/29/2014 14:00,63,35,28
12/29/2014 15:00,97,33,64
12/29/2014 16:00,134,58,76
12/29/2014 17:00,263,74,189
12/29/2014 18:00,160,52,108
12/29/2014 19:00,47,16,31
12/29/2014 20:00,38,17,21
12/29/2014 21:00,16,3,13
12/29/2014 22:00,14,6,8
12/29/2014 23:00,10,6,4
12/30/2014 0:00,8,5,3
12/30/2014 1:00,4,1,3
12/30/2014 2:00,1,0,1
12/30/2014 3:00,3,1,2
12/30/2014 4:00,2,1,1
12/30/2014 5:00,11,4,7
12/30/2014 6:00,46,30,16
12/30/2014 7:00,114,92,22
12/30/2014 8:00,194,142,52
12/30/2014 9:00,120,78,42
12/30/2014 10:00,60,34,26
12/30/2014 11:00,43,24,19
12/30/2014 12:00,39,23,16
12/30/2014 13:00,66,34,32
12/30/2014 14:00,80,45,35
12/30/2014 15:00,76,30,46
12/30/2014 16:00,122,44,78
12/30/2014 17:00,230,76,154
12/30/2014 18:00,155,46,109
12/30/2014 19:00,62,21,41
12/30/2014 20:00,24,8,16
12/30/2014 21:00,21,8,13
12/30/2014 22:00,14,8,6
12/30/2014 23:00,5,1,4
12/31/2014 0:00,8,3,5
12/31/2014 1:00,2,1,1
12/31/2014 2:00,3,2,1
12/31/2014 3:00,0,0,0
12/31/2014 4:00,4,2,2
12/31/2014 5:00,16,13,3
12/31/2014 6:00,36,21,15
12/31/2014 7:00,81,51,30
12/31/2014 8:00,149,106,43
12/31/2014 9:00,113,66,47
12/31/2014 10:00,46,29,17
12/31/2014 11:00,48,32,16
12/31/2014 12:00,58,32,26
12/31/2014 13:00,91,55,36
12/31/2014 14:00,102,47,55
12/31/2014 15:00,141,68,73
12/31/2014 16:00,133,58,75
12/31/2014 17:00,122,40,82
12/31/2014 18:00,61,26,35
12/31/2014 19:00,38,18,20
12/31/2014 20:00,20,12,8
12/31/2014 21:00,17,9,8
12/31/2014 22:00,19,10,9
12/31/2014 23:00,23,12,11
1/1/2015 0:00,13,4,9
1/1/2015 1:00,27,4,23
1/1/2015 2:00,19,5,14
1/1/2015 3:00,6,0,6
1/1/2015 4:00,5,2,3
1/1/2015 5:00,9,4,5
1/1/2015 6:00,4,4,0
1/1/2015 7:00,4,4,0
1/1/2015 8:00,8,5,3
1/1/2015 9:00,23,12,11
1/1/2015 10:00,30,23,7
1/1/2015 11:00,46,26,20
1/1/2015 12:00,58,33,25
1/1/2015 13:00,88,65,23
1/1/2015 14:00,119,66,53
1/1/2015 15:00,72,45,27
1/1/2015 16:00,78,44,34
1/1/2015 17:00,29,13,16
1/1/2015 18:00,21,10,11
1/1/2015 19:00,19,8,11
1/1/2015 20:00,13,5,8
1/1/2015 21:00,12,7,5
1/1/2015 22:00,5,1,4
1/1/2015 23:00,3,0,3
1/2/2015 0:00,4,2,2
1/2/2015 1:00,3,2,1
1/2/2015 2:00,0,0,0
1/2/2015 3:00,3,2,1
1/2/2015 4:00,2,1,1
1/2/2015 5:00,17,14,3
1/2/2015 6:00,36,26,10
1/2/2015 7:00,96,73,23
1/2/2015 8:00,135,93,42
1/2/2015 9:00,120,84,36
1/2/2015 10:00,67,44,23
1/2/2015 11:00,50,33,17
1/2/2015 12:00,58,25,33
1/2/2015 13:00,56,31,25
1/2/2015 14:00,51,18,33
1/2/2015 15:00,75,36,39
1/2/2015 16:00,130,52,78
1/2/2015 17:00,136,40,96
1/2/2015 18:00,76,21,55
1/2/2015 19:00,38,17,21
1/2/2015 20:00,24,8,16
1/2/2015 21:00,18,13,5
1/2/2015 22:00,11,7,4
1/2/2015 23:00,8,1,7
1/3/2015 0:00,9,5,4
1/3/2015 1:00,8,4,4
1/3/2015 2:00,1,0,1
1/3/2015 3:00,4,2,2
1/3/2015 4:00,4,3,1
1/3/2015 5:00,8,6,2
1/3/2015 6:00,12,7,5
1/3/2015 7:00,14,7,7
1/3/2015 8:00,36,18,18
1/3/2015 9:00,33,14,19
1/3/2015 10:00,43,26,17
1/3/2015 11:00,65,34,31
1/3/2015 12:00,71,41,30
1/3/2015 13:00,110,59,51
1/3/2015 14:00,91,55,36
1/3/2015 15:00,81,51,30
1/3/2015 16:00,80,42,38
1/3/2015 17:00,42,25,17
1/3/2015 18:00,38,22,16
1/3/2015 19:00,19,11,8
1/3/2015 20:00,10,4,6
1/3/2015 21:00,17,10,7
1/3/2015 22:00,12,2,10
1/3/2015 23:00,9,4,5
1/4/2015 0:00,6,2,4
1/4/2015 1:00,8,5,3
1/4/2015 2:00,4,1,3
1/4/2015 3:00,2,1,1
1/4/2015 4:00,1,1,0
1/4/2015 5:00,3,1,2
1/4/2015 6:00,4,1,3
1/4/2015 7:00,9,4,5
1/4/2015 8:00,18,10,8
1/4/2015 9:00,18,10,8
1/4/2015 10:00,28,18,10
1/4/2015 11:00,20,10,10
1/4/2015 12:00,33,17,16
1/4/2015 13:00,31,16,15
1/4/2015 14:00,27,13,14
1/4/2015 15:00,33,12,21
1/4/2015 16:00,28,9,19
1/4/2015 17:00,15,10,5
1/4/2015 18:00,25,14,11
1/4/2015 19:00,8,3,5
1/4/2015 20:00,6,2,4
1/4/2015 21:00,3,2,1
1/4/2015 22:00,8,3,5
1/4/2015 23:00,1,0,1
1/5/2015 0:00,2,1,1
1/5/2015 1:00,0,0,0
1/5/2015 2:00,0,0,0
1/5/2015 3:00,7,6,1
1/5/2015 4:00,4,3,1
1/5/2015 5:00,29,20,9
1/5/2015 6:00,82,48,34
1/5/2015 7:00,179,154,25
1/5/2015 8:00,257,256,1
1/5/2015 9:00,146,146,0
1/5/2015 10:00,51,51,0
1/5/2015 11:00,27,27,0
1/5/2015 12:00,28,27,1
1/5/2015 13:00,36,36,0
1/5/2015 14:00,33,31,2
1/5/2015 15:00,61,32,29
1/5/2015 16:00,138,63,75
1/5/2015 17:00,320,99,221
1/5/2015 18:00,250,71,179
1/5/2015 19:00,90,36,54
1/5/2015 20:00,44,17,27
1/5/2015 21:00,18,7,11
1/5/2015 22:00,11,7,4
1/5/2015 23:00,10,7,3
1/6/2015 0:00,2,1,1
1/6/2015 1:00,5,2,3
1/6/2015 2:00,1,1,0
1/6/2015 3:00,7,4,3
1/6/2015 4:00,5,2,3
1/6/2015 5:00,34,23,11
1/6/2015 6:00,102,72,30
1/6/2015 7:00,245,234,11
1/6/2015 8:00,368,368,0
1/6/2015 9:00,207,206,1
1/6/2015 10:00,106,105,1
1/6/2015 11:00,44,44,0
1/6/2015 12:00,64,64,0
1/6/2015 13:00,49,49,0
1/6/2015 14:00,62,62,0
1/6/2015 15:00,127,51,76
1/6/2015 16:00,228,91,137
1/6/2015 17:00,420,133,287
1/6/2015 18:00,354,109,245
1/6/2015 19:00,152,52,100
1/6/2015 20:00,64,23,41
1/6/2015 21:00,43,19,24
1/6/2015 22:00,27,12,15
1/6/2015 23:00,9,4,5
1/7/2015 0:00,9,5,4
1/7/2015 1:00,5,4,1
1/7/2015 2:00,6,6,0
1/7/2015 3:00,3,1,2
1/7/2015 4:00,4,3,1
1/7/2015 5:00,26,20,6
1/7/2015 6:00,106,76,30
1/7/2015 7:00,241,228,13
1/7/2015 8:00,376,376,0
1/7/2015 9:00,254,254,0
1/7/2015 10:00,73,73,0
1/7/2015 11:00,52,52,0
1/7/2015 12:00,61,60,1
1/7/2015 13:00,60,60,0
1/7/2015 14:00,73,71,2
1/7/2015 15:00,102,47,55
1/7/2015 16:00,188,88,100
1/7/2015 17:00,481,135,346
1/7/2015 18:00,374,130,244
1/7/2015 19:00,153,58,95
1/7/2015 20:00,74,24,50
1/7/2015 21:00,56,21,35
1/7/2015 22:00,30,15,15
1/7/2015 23:00,18,10,8
1/8/2015 0:00,5,2,3
1/8/2015 1:00,3,0,3
1/8/2015 2:00,2,2,0
1/8/2015 3:00,4,2,2
1/8/2015 4:00,7,6,1
1/8/2015 5:00,32,24,8
1/8/2015 6:00,112,78,34
1/8/2015 7:00,192,185,7
1/8/2015 8:00,341,341,0
1/8/2015 9:00,179,178,1
1/8/2015 10:00,73,73,0
1/8/2015 11:00,44,42,2
1/8/2015 12:00,63,63,0
1/8/2015 13:00,75,75,0
1/8/2015 14:00,75,59,16
1/8/2015 15:00,128,63,65
1/8/2015 16:00,182,72,110
1/8/2015 17:00,402,125,277
1/8/2015 18:00,320,105,215
1/8/2015 19:00,165,64,101
1/8/2015 20:00,67,24,43
1/8/2015 21:00,56,29,27
1/8/2015 22:00,41,21,20
1/8/2015 23:00,42,18,24
1/9/2015 0:00,27,15,12
1/9/2015 1:00,16,16,0
1/9/2015 2:00,1,0,1
1/9/2015 3:00,2,1,1
1/9/2015 4:00,9,7,2
1/9/2015 5:00,23,15,8
1/9/2015 6:00,87,58,29
1/9/2015 7:00,218,159,59
1/9/2015 8:00,345,262,83
1/9/2015 9:00,224,149,75
1/9/2015 10:00,93,66,27
1/9/2015 11:00,47,30,17
1/9/2015 12:00,59,31,28
1/9/2015 13:00,56,29,27
1/9/2015 14:00,83,50,33
1/9/2015 15:00,101,45,56
1/9/2015 16:00,223,97,126
1/9/2015 17:00,373,101,272
1/9/2015 18:00,264,91,173
1/9/2015 19:00,106,39,67
1/9/2015 20:00,46,18,28
1/9/2015 21:00,38,15,23
1/9/2015 22:00,35,22,13
1/9/2015 23:00,14,10,4
1/10/2015 0:00,4,3,1
1/10/2015 1:00,3,2,1
1/10/2015 2:00,5,0,5
1/10/2015 3:00,0,0,0
1/10/2015 4:00,0,0,0
1/10/2015 5:00,8,5,3
1/10/2015 6:00,16,5,11
1/10/2015 7:00,12,7,5
1/10/2015 8:00,51,24,27
1/10/2015 9:00,52,33,19
1/10/2015 10:00,51,37,14
1/10/2015 11:00,53,22,31
1/10/2015 12:00,82,39,43
1/10/2015 13:00,60,20,40
1/10/2015 14:00,76,47,29
1/10/2015 15:00,45,21,24
1/10/2015 16:00,63,31,32
1/10/2015 17:00,44,20,24
1/10/2015 18:00,30,18,12
1/10/2015 19:00,28,17,11
1/10/2015 20:00,28,10,18
1/10/2015 21:00,29,14,15
1/10/2015 22:00,18,7,11
1/10/2015 23:00,13,7,6
1/11/2015 0:00,1,0,1
1/11/2015 1:00,3,1,2
1/11/2015 2:00,4,3,1
1/11/2015 3:00,5,5,0
1/11/2015 4:00,2,2,0
1/11/2015 5:00,3,0,3
1/11/2015 6:00,7,2,5
1/11/2015 7:00,14,9,5
1/11/2015 8:00,31,20,11
1/11/2015 9:00,54,30,24
1/11/2015 10:00,51,29,22
1/11/2015 11:00,63,36,27
1/11/2015 12:00,82,46,36
1/11/2015 13:00,85,52,33
1/11/2015 14:00,92,54,38
1/11/2015 15:00,85,53,32
1/11/2015 16:00,72,31,41
1/11/2015 17:00,50,24,26
1/11/2015 18:00,37,16,21
1/11/2015 19:00,24,15,9
1/11/2015 20:00,18,7,11
1/11/2015 21:00,11,6,5
1/11/2015 22:00,10,4,6
1/11/2015 23:00,6,3,3
1/12/2015 0:00,6,4,2
1/12/2015 1:00,1,1,0
1/12/2015 2:00,1,1,0
1/12/2015 3:00,7,5,2
1/12/2015 4:00,2,2,0
1/12/2015 5:00,32,25,7
1/12/2015 6:00,105,68,37
1/12/2015 7:00,234,221,13
1/12/2015 8:00,367,367,0
1/12/2015 9:00,193,192,1
1/12/2015 10:00,76,76,0
1/12/2015 11:00,51,51,0
1/12/2015 12:00,52,52,0
1/12/2015 13:00,70,69,1
1/12/2015 14:00,82,82,0
1/12/2015 15:00,114,50,64
1/12/2015 16:00,224,93,131
1/12/2015 17:00,423,117,306
1/12/2015 18:00,336,118,218
1/12/2015 19:00,134,43,91
1/12/2015 20:00,58,23,35
1/12/2015 21:00,56,15,41
1/12/2015 22:00,25,13,12
1/12/2015 23:00,21,10,11
1/13/2015 0:00,5,3,2
1/13/2015 1:00,7,5,2
1/13/2015 2:00,3,1,2
1/13/2015 3:00,6,3,3
1/13/2015 4:00,2,1,1
1/13/2015 5:00,35,25,10
1/13/2015 6:00,119,80,39
1/13/2015 7:00,230,223,7
1/13/2015 8:00,374,374,0
1/13/2015 9:00,197,197,0
1/13/2015 10:00,89,89,0
1/13/2015 11:00,64,64,0
1/13/2015 12:00,71,71,0
1/13/2015 13:00,55,55,0
1/13/2015 14:00,80,78,2
1/13/2015 15:00,121,66,55
1/13/2015 16:00,219,92,127
1/13/2015 17:00,427,138,289
1/13/2015 18:00,356,98,258
1/13/2015 19:00,164,55,109
1/13/2015 20:00,65,13,52
1/13/2015 21:00,50,19,31
1/13/2015 22:00,16,2,14
1/13/2015 23:00,11,5,6
1/14/2015 0:00,7,3,4
1/14/2015 1:00,5,3,2
1/14/2015 2:00,2,1,1
1/14/2015 3:00,5,2,3
1/14/2015 4:00,8,5,3
1/14/2015 5:00,32,26,6
1/14/2015 6:00,101,64,37
1/14/2015 7:00,222,209,13
1/14/2015 8:00,326,325,1
1/14/2015 9:00,167,166,1
1/14/2015 10:00,79,79,0
1/14/2015 11:00,50,50,0
1/14/2015 12:00,53,53,0
1/14/2015 13:00,67,67,0
1/14/2015 14:00,81,69,12
1/14/2015 15:00,127,75,52
1/14/2015 16:00,211,89,122
1/14/2015 17:00,447,132,315
1/14/2015 18:00,307,82,225
1/14/2015 19:00,149,47,102
1/14/2015 20:00,78,28,50
1/14/2015 21:00,59,24,35
1/14/2015 22:00,21,12,9
1/14/2015 23:00,19,6,13
1/15/2015 0:00,7,2,5
1/15/2015 1:00,2,2,0
1/15/2015 2:00,2,0,2
1/15/2015 3:00,3,2,1
1/15/2015 4:00,5,3,2
1/15/2015 5:00,21,17,4
1/15/2015 6:00,86,53,33
1/15/2015 7:00,163,152,11
1/15/2015 8:00,284,283,1
1/15/2015 9:00,132,132,0
1/15/2015 10:00,64,64,0
1/15/2015 11:00,46,46,0
1/15/2015 12:00,41,41,0
1/15/2015 13:00,39,39,0
1/15/2015 14:00,34,32,2
1/15/2015 15:00,66,33,33
1/15/2015 16:00,144,59,85
1/15/2015 17:00,313,87,226
1/15/2015 18:00,238,100,138
1/15/2015 19:00,98,25,73
1/15/2015 20:00,50,14,36
1/15/2015 21:00,38,21,17
1/15/2015 22:00,15,2,13
1/15/2015 23:00,7,4,3
1/16/2015 0:00,5,1,4
1/16/2015 1:00,4,3,1
1/16/2015 2:00,3,3,0
1/16/2015 3:00,2,1,1
1/16/2015 4:00,4,2,2
1/16/2015 5:00,19,16,3
1/16/2015 6:00,74,52,22
1/16/2015 7:00,141,129,12
1/16/2015 8:00,230,228,2
1/16/2015 9:00,161,161,0
1/16/2015 10:00,61,61,0
1/16/2015 11:00,57,57,0
1/16/2015 12:00,56,52,4
1/16/2015 13:00,76,51,25
1/16/2015 14:00,88,50,38
1/16/2015 15:00,136,63,73
1/16/2015 16:00,219,102,117
1/16/2015 17:00,335,90,245
1/16/2015 18:00,239,83,156
1/16/2015 19:00,101,43,58
1/16/2015 20:00,56,19,37
1/16/2015 21:00,32,17,15
1/16/2015 22:00,25,12,13
1/16/2015 23:00,18,10,8
1/17/2015 0:00,17,4,13
1/17/2015 1:00,9,7,2
1/17/2015 2:00,6,3,3
1/17/2015 3:00,3,2,1
1/17/2015 4:00,3,1,2
1/17/2015 5:00,3,1,2
1/17/2015 6:00,14,8,6
1/17/2015 7:00,12,7,5
1/17/2015 8:00,34,17,17
1/17/2015 9:00,49,31,18
1/17/2015 10:00,45,29,16
1/17/2015 11:00,55,33,22
1/17/2015 12:00,52,25,27
1/17/2015 13:00,57,36,21
1/17/2015 14:00,45,27,18
1/17/2015 15:00,44,27,17
1/17/2015 16:00,43,25,18
1/17/2015 17:00,35,13,22
1/17/2015 18:00,20,7,13
1/17/2015 19:00,12,5,7
1/17/2015 20:00,8,2,6
1/17/2015 21:00,14,5,9
1/17/2015 22:00,5,1,4
1/17/2015 23:00,7,2,5
1/18/2015 0:00,9,4,5
1/18/2015 1:00,3,0,3
1/18/2015 2:00,7,4,3
1/18/2015 3:00,1,1,0
1/18/2015 4:00,2,2,0
1/18/2015 5:00,5,3,2
1/18/2015 6:00,5,2,3
1/18/2015 7:00,11,7,4
1/18/2015 8:00,24,14,10
1/18/2015 9:00,31,24,7
1/18/2015 10:00,26,17,9
1/18/2015 11:00,40,25,15
1/18/2015 12:00,39,19,20
1/18/2015 13:00,28,13,15
1/18/2015 14:00,30,19,11
1/18/2015 15:00,23,10,13
1/18/2015 16:00,47,30,17
1/18/2015 17:00,53,26,27
1/18/2015 18:00,22,13,9
1/18/2015 19:00,24,6,18
1/18/2015 20:00,13,3,10
1/18/2015 21:00,14,3,11
1/18/2015 22:00,6,1,5
1/18/2015 23:00,8,3,5
1/19/2015 0:00,6,3,3
1/19/2015 1:00,2,1,1
1/19/2015 2:00,2,1,1
1/19/2015 3:00,4,3,1
1/19/2015 4:00,3,2,1
1/19/2015 5:00,22,16,6
1/19/2015 6:00,58,38,20
1/19/2015 7:00,118,92,26
1/19/2015 8:00,220,161,59
1/19/2015 9:00,170,118,52
1/19/2015 10:00,81,54,27
1/19/2015 11:00,93,66,27
1/19/2015 12:00,75,40,35
1/19/2015 13:00,89,55,34
1/19/2015 14:00,111,62,49
1/19/2015 15:00,142,68,74
1/19/2015 16:00,168,73,95
1/19/2015 17:00,246,73,173
1/19/2015 18:00,187,50,137
1/19/2015 19:00,83,29,54
1/19/2015 20:00,51,18,33
1/19/2015 21:00,26,15,11
1/19/2015 22:00,11,4,7
1/19/2015 23:00,14,7,7
1/20/2015 0:00,11,3,8
1/20/2015 1:00,2,0,2
1/20/2015 2:00,3,0,3
1/20/2015 3:00,2,1,1
1/20/2015 4:00,6,4,2
1/20/2015 5:00,37,25,12
1/20/2015 6:00,99,61,38
1/20/2015 7:00,254,243,11
1/20/2015 8:00,387,317,70
1/20/2015 9:00,249,170,79
1/20/2015 10:00,99,71,28
1/20/2015 11:00,66,39,27
1/20/2015 12:00,76,44,32
1/20/2015 13:00,89,55,34
1/20/2015 14:00,103,52,51
1/20/2015 15:00,137,60,77
1/20/2015 16:00,223,95,128
1/20/2015 17:00,444,133,311
1/20/2015 18:00,367,112,255
1/20/2015 19:00,146,53,93
1/20/2015 20:00,50,16,34
1/20/2015 21:00,39,20,19
1/20/2015 22:00,21,10,11
1/20/2015 23:00,17,4,13
1/21/2015 0:00,14,8,6
1/21/2015 1:00,1,0,1
1/21/2015 2:00,3,2,1
1/21/2015 3:00,2,2,0
1/21/2015 4:00,5,4,1
1/21/2015 5:00,29,21,8
1/21/2015 6:00,106,72,34
1/21/2015 7:00,205,192,13
1/21/2015 8:00,336,335,1
1/21/2015 9:00,191,191,0
1/21/2015 10:00,72,72,0
1/21/2015 11:00,43,43,0
1/21/2015 12:00,56,55,1
1/21/2015 13:00,61,61,0
1/21/2015 14:00,82,76,6
1/21/2015 15:00,92,51,41
1/21/2015 16:00,224,90,134
1/21/2015 17:00,377,99,278
1/21/2015 18:00,360,118,242
1/21/2015 19:00,140,46,94
1/21/2015 20:00,59,24,35
1/21/2015 21:00,53,22,31
1/21/2015 22:00,30,15,15
1/21/2015 23:00,11,3,8
1/22/2015 0:00,12,3,9
1/22/2015 1:00,1,0,1
1/22/2015 2:00,3,0,3
1/22/2015 3:00,3,1,2
1/22/2015 4:00,5,4,1
1/22/2015 5:00,23,18,5
1/22/2015 6:00,94,60,34
1/22/2015 7:00,189,184,5
1/22/2015 8:00,301,301,0
1/22/2015 9:00,149,149,0
1/22/2015 10:00,60,59,1
1/22/2015 11:00,37,37,0
1/22/2015 12:00,45,45,0
1/22/2015 13:00,38,38,0
1/22/2015 14:00,71,46,25
1/22/2015 15:00,76,41,35
1/22/2015 16:00,165,58,107
1/22/2015 17:00,338,112,226
1/22/2015 18:00,290,99,191
1/22/2015 19:00,125,41,84
1/22/2015 20:00,56,21,35
1/22/2015 21:00,39,19,20
1/22/2015 22:00,44,24,20
1/22/2015 23:00,19,8,11
1/23/2015 0:00,14,7,7
1/23/2015 1:00,7,1,6
1/23/2015 2:00,1,0,1
1/23/2015 3:00,3,2,1
1/23/2015 4:00,6,4,2
1/23/2015 5:00,33,18,15
1/23/2015 6:00,75,55,20
1/23/2015 7:00,142,137,5
1/23/2015 8:00,226,222,4
1/23/2015 9:00,151,151,0
1/23/2015 10:00,62,59,3
1/23/2015 11:00,29,29,0
1/23/2015 12:00,36,36,0
1/23/2015 13:00,35,35,0
1/23/2015 14:00,57,39,18
1/23/2015 15:00,72,34,38
1/23/2015 16:00,137,56,81
1/23/2015 17:00,310,107,203
1/23/2015 18:00,199,60,139
1/23/2015 19:00,85,31,54
1/23/2015 20:00,36,10,26
1/23/2015 21:00,20,7,13
1/23/2015 22:00,24,7,17
1/23/2015 23:00,17,7,10
1/24/2015 0:00,14,6,8
1/24/2015 1:00,5,3,2
1/24/2015 2:00,4,3,1
1/24/2015 3:00,3,2,1
1/24/2015 4:00,2,1,1
1/24/2015 5:00,6,2,4
1/24/2015 6:00,16,7,9
1/24/2015 7:00,16,10,6
1/24/2015 8:00,51,26,25
1/24/2015 9:00,44,30,14
1/24/2015 10:00,74,50,24
1/24/2015 11:00,88,51,37
1/24/2015 12:00,108,58,50
1/24/2015 13:00,106,64,42
1/24/2015 14:00,112,67,45
1/24/2015 15:00,112,72,40
1/24/2015 16:00,115,53,62
1/24/2015 17:00,79,48,31
1/24/2015 18:00,57,29,28
1/24/2015 19:00,47,26,21
1/24/2015 20:00,26,15,11
1/24/2015 21:00,27,9,18
1/24/2015 22:00,30,13,17
1/24/2015 23:00,21,7,14
1/25/2015 0:00,22,8,14
1/25/2015 1:00,11,9,2
1/25/2015 2:00,2,2,0
1/25/2015 3:00,0,0,0
1/25/2015 4:00,5,3,2
1/25/2015 5:00,5,2,3
1/25/2015 6:00,6,4,2
1/25/2015 7:00,15,5,10
1/25/2015 8:00,70,53,17
1/25/2015 9:00,67,30,37
1/25/2015 10:00,127,83,44
1/25/2015 11:00,177,117,60
1/25/2015 12:00,219,136,83
1/25/2015 13:00,272,160,112
1/25/2015 14:00,333,214,119
1/25/2015 15:00,268,135,133
1/25/2015 16:00,217,121,96
1/25/2015 17:00,172,97,75
1/25/2015 18:00,60,28,32
1/25/2015 19:00,34,19,15
1/25/2015 20:00,23,13,10
1/25/2015 21:00,17,10,7
1/25/2015 22:00,17,8,9
1/25/2015 23:00,16,5,11
1/26/2015 0:00,10,5,5
1/26/2015 1:00,0,0,0
1/26/2015 2:00,3,1,2
1/26/2015 3:00,4,3,1
1/26/2015 4:00,8,6,2
1/26/2015 5:00,35,24,11
1/26/2015 6:00,114,79,35
1/26/2015 7:00,239,231,8
1/26/2015 8:00,394,394,0
1/26/2015 9:00,230,230,0
1/26/2015 10:00,95,95,0
1/26/2015 11:00,69,69,0
1/26/2015 12:00,59,59,0
1/26/2015 13:00,92,92,0
1/26/2015 14:00,93,93,0
1/26/2015 15:00,176,98,78
1/26/2015 16:00,293,141,152
1/26/2015 17:00,515,153,362
1/26/2015 18:00,378,131,247
1/26/2015 19:00,163,60,103
1/26/2015 20:00,80,31,49
1/26/2015 21:00,57,23,34
1/26/2015 22:00,35,17,18
1/26/2015 23:00,17,3,14
1/27/2015 0:00,7,1,6
1/27/2015 1:00,4,3,1
1/27/2015 2:00,5,5,0
1/27/2015 3:00,1,1,0
1/27/2015 4:00,6,4,2
1/27/2015 5:00,35,25,10
1/27/2015 6:00,112,68,44
1/27/2015 7:00,239,229,10
1/27/2015 8:00,361,361,0
1/27/2015 9:00,202,202,0
1/27/2015 10:00,62,62,0
1/27/2015 11:00,40,40,0
1/27/2015 12:00,54,54,0
1/27/2015 13:00,39,29,10
1/27/2015 14:00,74,36,38
1/27/2015 15:00,106,52,54
1/27/2015 16:00,208,76,132
1/27/2015 17:00,403,126,277
1/27/2015 18:00,322,90,232
1/27/2015 19:00,134,45,89
1/27/2015 20:00,68,21,47
1/27/2015 21:00,38,17,21
1/27/2015 22:00,22,6,16
1/27/2015 23:00,21,8,13
1/28/2015 0:00,10,4,6
1/28/2015 1:00,5,1,4
1/28/2015 2:00,3,2,1
1/28/2015 3:00,1,1,0
1/28/2015 4:00,3,1,2
1/28/2015 5:00,28,23,5
1/28/2015 6:00,94,63,31
1/28/2015 7:00,268,217,51
1/28/2015 8:00,417,320,97
1/28/2015 9:00,246,172,74
1/28/2015 10:00,95,66,29
1/28/2015 11:00,62,38,24
1/28/2015 12:00,65,39,26
1/28/2015 13:00,80,44,36
1/28/2015 14:00,104,50,54
1/28/2015 15:00,107,53,54
1/28/2015 16:00,219,95,124
1/28/2015 17:00,504,156,348
1/28/2015 18:00,335,103,232
1/28/2015 19:00,144,54,90
1/28/2015 20:00,72,29,43
1/28/2015 21:00,51,19,32
1/28/2015 22:00,32,18,14
1/28/2015 23:00,18,4,14
1/29/2015 0:00,6,1,5
1/29/2015 1:00,5,3,2
1/29/2015 2:00,3,2,1
1/29/2015 3:00,1,1,0
1/29/2015 4:00,5,3,2
1/29/2015 5:00,36,25,11
1/29/2015 6:00,90,62,28
1/29/2015 7:00,263,201,62
1/29/2015 8:00,442,323,119
1/29/2015 9:00,251,173,78
1/29/2015 10:00,100,72,28
1/29/2015 11:00,76,51,25
1/29/2015 12:00,62,35,27
1/29/2015 13:00,98,51,47
1/29/2015 14:00,102,48,54
1/29/2015 15:00,127,66,61
1/29/2015 16:00,251,95,156
1/29/2015 17:00,468,143,325
1/29/2015 18:00,351,119,232
1/29/2015 19:00,138,47,91
1/29/2015 20:00,72,22,50
1/29/2015 21:00,52,26,26
1/29/2015 22:00,29,17,12
1/29/2015 23:00,33,21,12
1/30/2015 0:00,11,4,7
1/30/2015 1:00,10,7,3
1/30/2015 2:00,10,6,4
1/30/2015 3:00,3,2,1
1/30/2015 4:00,4,1,3
1/30/2015 5:00,26,19,7
1/30/2015 6:00,86,59,27
1/30/2015 7:00,238,179,59
1/30/2015 8:00,339,254,85
1/30/2015 9:00,217,133,84
1/30/2015 10:00,90,59,31
1/30/2015 11:00,66,47,19
1/30/2015 12:00,80,47,33
1/30/2015 13:00,83,43,40
1/30/2015 14:00,112,55,57
1/30/2015 15:00,155,72,83
1/30/2015 16:00,245,97,148
1/30/2015 17:00,342,102,240
1/30/2015 18:00,287,91,196
1/30/2015 19:00,87,32,55
1/30/2015 20:00,47,18,29
1/30/2015 21:00,30,12,18
1/30/2015 22:00,22,11,11
1/30/2015 23:00,22,13,9
1/31/2015 0:00,17,8,9
1/31/2015 1:00,3,2,1
1/31/2015 2:00,4,2,2
1/31/2015 3:00,2,2,0
1/31/2015 4:00,3,2,1
1/31/2015 5:00,2,0,2
1/31/2015 6:00,15,5,10
1/31/2015 7:00,19,11,8
1/31/2015 8:00,47,28,19
1/31/2015 9:00,84,46,38
1/31/2015 10:00,72,44,28
1/31/2015 11:00,81,46,35
1/31/2015 12:00,113,65,48
1/31/2015 13:00,148,81,67
1/31/2015 14:00,135,69,66
1/31/2015 15:00,126,68,58
1/31/2015 16:00,137,76,61
1/31/2015 17:00,81,39,42
1/31/2015 18:00,46,26,20
1/31/2015 19:00,18,10,8
1/31/2015 20:00,25,8,17
1/31/2015 21:00,21,8,13
1/31/2015 22:00,20,6,14
1/31/2015 23:00,17,11,6
2/1/2015 0:00,18,9,9
2/1/2015 1:00,6,1,5
2/1/2015 2:00,1,0,1
2/1/2015 3:00,0,0,0
2/1/2015 4:00,3,1,2
2/1/2015 5:00,2,1,1
2/1/2015 6:00,5,3,2
2/1/2015 7:00,22,16,6
2/1/2015 8:00,32,18,14
2/1/2015 9:00,70,40,30
2/1/2015 10:00,64,36,28
2/1/2015 11:00,66,43,23
2/1/2015 12:00,89,44,45
2/1/2015 13:00,56,37,19
2/1/2015 14:00,73,47,26
2/1/2015 15:00,47,23,24
2/1/2015 16:00,23,10,13
2/1/2015 17:00,16,11,5
2/1/2015 18:00,14,4,10
2/1/2015 19:00,33,15,18
2/1/2015 20:00,37,17,20
2/1/2015 21:00,16,10,6
2/1/2015 22:00,11,2,9
2/1/2015 23:00,4,2,2
2/2/2015 0:00,5,3,2
2/2/2015 1:00,2,0,2
2/2/2015 2:00,4,2,2
2/2/2015 3:00,1,0,1
2/2/2015 4:00,5,2,3
2/2/2015 5:00,30,23,7
2/2/2015 6:00,95,62,33
2/2/2015 7:00,185,172,13
2/2/2015 8:00,257,256,1
2/2/2015 9:00,121,121,0
2/2/2015 10:00,77,77,0
2/2/2015 11:00,26,26,0
2/2/2015 12:00,24,15,9
2/2/2015 13:00,50,23,27
2/2/2015 14:00,52,24,28
2/2/2015 15:00,82,39,43
2/2/2015 16:00,167,72,95
2/2/2015 17:00,296,91,205
2/2/2015 18:00,241,77,164
2/2/2015 19:00,90,34,56
2/2/2015 20:00,44,19,25
2/2/2015 21:00,26,6,20
2/2/2015 22:00,11,4,7
2/2/2015 23:00,13,5,8
2/3/2015 0:00,6,2,4
2/3/2015 1:00,6,2,4
2/3/2015 2:00,3,1,2
2/3/2015 3:00,4,2,2
2/3/2015 4:00,3,1,2
2/3/2015 5:00,34,22,12
2/3/2015 6:00,103,70,33
2/3/2015 7:00,194,181,13
2/3/2015 8:00,312,312,0
2/3/2015 9:00,161,160,1
2/3/2015 10:00,58,58,0
2/3/2015 11:00,55,55,0
2/3/2015 12:00,48,48,0
2/3/2015 13:00,37,37,0
2/3/2015 14:00,44,44,0
2/3/2015 15:00,75,41,34
2/3/2015 16:00,172,65,107
2/3/2015 17:00,366,111,255
2/3/2015 18:00,362,101,261
2/3/2015 19:00,125,43,82
2/3/2015 20:00,69,23,46
2/3/2015 21:00,50,24,26
2/3/2015 22:00,25,12,13
2/3/2015 23:00,22,7,15
2/4/2015 0:00,7,2,5
2/4/2015 1:00,6,4,2
2/4/2015 2:00,0,0,0
2/4/2015 3:00,1,0,1
2/4/2015 4:00,6,5,1
2/4/2015 5:00,38,25,13
2/4/2015 6:00,94,66,28
2/4/2015 7:00,195,183,12
2/4/2015 8:00,280,280,0
2/4/2015 9:00,179,179,0
2/4/2015 10:00,60,60,0
2/4/2015 11:00,41,41,0
2/4/2015 12:00,54,54,0
2/4/2015 13:00,57,57,0
2/4/2015 14:00,63,61,2
2/4/2015 15:00,92,54,38
2/4/2015 16:00,164,66,98
2/4/2015 17:00,393,116,277
2/4/2015 18:00,265,74,191
2/4/2015 19:00,112,32,80
2/4/2015 20:00,69,26,43
2/4/2015 21:00,42,21,21
2/4/2015 22:00,17,9,8
2/4/2015 23:00,16,9,7
2/5/2015 0:00,4,2,2
2/5/2015 1:00,5,4,1
2/5/2015 2:00,1,0,1
2/5/2015 3:00,3,1,2
2/5/2015 4:00,4,3,1
2/5/2015 5:00,22,17,5
2/5/2015 6:00,63,39,24
2/5/2015 7:00,135,129,6
2/5/2015 8:00,223,223,0
2/5/2015 9:00,145,145,0
2/5/2015 10:00,39,39,0
2/5/2015 11:00,35,35,0
2/5/2015 12:00,38,38,0
2/5/2015 13:00,27,27,0
2/5/2015 14:00,43,29,14
2/5/2015 15:00,55,25,30
2/5/2015 16:00,130,56,74
2/5/2015 17:00,253,87,166
2/5/2015 18:00,219,73,146
2/5/2015 19:00,112,32,80
2/5/2015 20:00,55,22,33
2/5/2015 21:00,39,15,24
2/5/2015 22:00,18,8,10
2/5/2015 23:00,26,17,9
2/6/2015 0:00,5,2,3
2/6/2015 1:00,1,1,0
2/6/2015 2:00,1,1,0
2/6/2015 3:00,3,1,2
2/6/2015 4:00,5,2,3
2/6/2015 5:00,21,13,8
2/6/2015 6:00,62,38,24
2/6/2015 7:00,111,102,9
2/6/2015 8:00,212,212,0
2/6/2015 9:00,121,118,3
2/6/2015 10:00,52,52,0
2/6/2015 11:00,29,29,0
2/6/2015 12:00,15,14,1
2/6/2015 13:00,38,26,12
2/6/2015 14:00,49,29,20
2/6/2015 15:00,54,28,26
2/6/2015 16:00,134,51,83
2/6/2015 17:00,298,90,208
2/6/2015 18:00,205,71,134
2/6/2015 19:00,84,25,59
2/6/2015 20:00,31,11,20
2/6/2015 21:00,33,15,18
2/6/2015 22:00,22,9,13
2/6/2015 23:00,25,14,11
2/7/2015 0:00,13,6,7
2/7/2015 1:00,8,4,4
2/7/2015 2:00,7,4,3
2/7/2015 3:00,5,3,2
2/7/2015 4:00,1,0,1
2/7/2015 5:00,10,8,2
2/7/2015 6:00,16,5,11
2/7/2015 7:00,18,8,10
2/7/2015 8:00,28,18,10
2/7/2015 9:00,26,11,15
2/7/2015 10:00,32,23,9
2/7/2015 11:00,53,34,19
2/7/2015 12:00,48,27,21
2/7/2015 13:00,39,26,13
2/7/2015 14:00,80,46,34
2/7/2015 15:00,62,37,25
2/7/2015 16:00,42,19,23
2/7/2015 17:00,32,12,20
2/7/2015 18:00,40,20,20
2/7/2015 19:00,19,9,10
2/7/2015 20:00,16,3,13
2/7/2015 21:00,11,6,5
2/7/2015 22:00,7,3,4
2/7/2015 23:00,16,7,9
2/8/2015 0:00,2,0,2
2/8/2015 1:00,3,2,1
2/8/2015 2:00,3,1,2
2/8/2015 3:00,2,2,0
2/8/2015 4:00,3,2,1
2/8/2015 5:00,3,1,2
2/8/2015 6:00,12,6,6
2/8/2015 7:00,14,7,7
2/8/2015 8:00,59,44,15
2/8/2015 9:00,105,70,35
2/8/2015 10:00,136,71,65
2/8/2015 11:00,158,90,68
2/8/2015 12:00,181,95,86
2/8/2015 13:00,180,98,82
2/8/2015 14:00,182,101,81
2/8/2015 15:00,143,69,74
2/8/2015 16:00,120,69,51
2/8/2015 17:00,89,50,39
2/8/2015 18:00,36,20,16
2/8/2015 19:00,33,17,16
2/8/2015 20:00,25,11,14
2/8/2015 21:00,15,4,11
2/8/2015 22:00,9,4,5
2/8/2015 23:00,9,6,3
2/9/2015 0:00,1,1,0
2/9/2015 1:00,4,2,2
2/9/2015 2:00,1,0,1
2/9/2015 3:00,2,1,1
2/9/2015 4:00,11,5,6
2/9/2015 5:00,30,17,13
2/9/2015 6:00,102,63,39
2/9/2015 7:00,209,127,82
2/9/2015 8:00,233,1,232
2/9/2015 9:00,129,1,128
2/9/2015 10:00,55,2,53
2/9/2015 11:00,38,0,38
2/9/2015 12:00,28,0,28
2/9/2015 13:00,28,0,28
2/9/2015 14:00,52,21,31
2/9/2015 15:00,94,44,50
2/9/2015 16:00,182,74,108
2/9/2015 17:00,382,104,278
2/9/2015 18:00,298,98,200
2/9/2015 19:00,103,31,72
2/9/2015 20:00,62,18,44
2/9/2015 21:00,27,8,19
2/9/2015 22:00,17,9,8
2/9/2015 23:00,16,4,12
2/10/2015 0:00,7,2,5
2/10/2015 1:00,6,4,2
2/10/2015 2:00,2,1,1
2/10/2015 3:00,2,1,1
2/10/2015 4:00,5,1,4
2/10/2015 5:00,35,26,9
2/10/2015 6:00,97,66,31
2/10/2015 7:00,190,190,0
2/10/2015 8:00,319,210,109
2/10/2015 9:00,138,1,137
2/10/2015 10:00,66,0,66
2/10/2015 11:00,55,27,28
2/10/2015 12:00,45,45,0
2/10/2015 13:00,77,63,14
2/10/2015 14:00,89,48,41
2/10/2015 15:00,103,38,65
2/10/2015 16:00,221,95,126
2/10/2015 17:00,395,120,275
2/10/2015 18:00,332,113,219
2/10/2015 19:00,161,48,113
2/10/2015 20:00,71,36,35
2/10/2015 21:00,51,23,28
2/10/2015 22:00,21,6,15
2/10/2015 23:00,28,12,16
2/11/2015 0:00,12,3,9
2/11/2015 1:00,2,2,0
2/11/2015 2:00,3,2,1
2/11/2015 3:00,2,1,1
2/11/2015 4:00,4,1,3
2/11/2015 5:00,28,20,8
2/11/2015 6:00,114,72,42
2/11/2015 7:00,216,208,8
2/11/2015 8:00,363,363,0
2/11/2015 9:00,172,172,0
2/11/2015 10:00,79,79,0
2/11/2015 11:00,66,66,0
2/11/2015 12:00,64,64,0
2/11/2015 13:00,66,66,0
2/11/2015 14:00,73,49,24
2/11/2015 15:00,102,61,41
2/11/2015 16:00,225,89,136
2/11/2015 17:00,508,157,351
2/11/2015 18:00,350,97,253
2/11/2015 19:00,166,51,115
2/11/2015 20:00,84,30,54
2/11/2015 21:00,51,19,32
2/11/2015 22:00,36,15,21
2/11/2015 23:00,22,7,15
2/12/2015 0:00,10,2,8
2/12/2015 1:00,2,1,1
2/12/2015 2:00,6,1,5
2/12/2015 3:00,4,1,3
2/12/2015 4:00,7,5,2
2/12/2015 5:00,27,17,10
2/12/2015 6:00,85,48,37
2/12/2015 7:00,198,196,2
2/12/2015 8:00,343,342,1
2/12/2015 9:00,237,234,3
2/12/2015 10:00,76,76,0
2/12/2015 11:00,71,68,3
2/12/2015 12:00,44,41,3
2/12/2015 13:00,60,59,1
2/12/2015 14:00,65,52,13
2/12/2015 15:00,129,56,73
2/12/2015 16:00,221,94,127
2/12/2015 17:00,427,151,276
2/12/2015 18:00,316,96,220
2/12/2015 19:00,175,60,115
2/12/2015 20:00,84,26,58
2/12/2015 21:00,44,24,20
2/12/2015 22:00,41,23,18
2/12/2015 23:00,25,6,19
2/13/2015 0:00,11,4,7
2/13/2015 1:00,3,1,2
2/13/2015 2:00,1,1,0
2/13/2015 3:00,4,1,3
2/13/2015 4:00,4,3,1
2/13/2015 5:00,23,16,7
2/13/2015 6:00,85,52,33
2/13/2015 7:00,183,173,10
2/13/2015 8:00,284,284,0
2/13/2015 9:00,180,180,0
2/13/2015 10:00,80,80,0
2/13/2015 11:00,65,65,0
2/13/2015 12:00,60,60,0
2/13/2015 13:00,67,67,0
2/13/2015 14:00,77,65,12
2/13/2015 15:00,167,75,92
2/13/2015 16:00,225,97,128
2/13/2015 17:00,400,132,268
2/13/2015 18:00,275,97,178
2/13/2015 19:00,118,47,71
2/13/2015 20:00,51,24,27
2/13/2015 21:00,43,19,24
2/13/2015 22:00,26,16,10
2/13/2015 23:00,27,8,19
2/14/2015 0:00,15,7,8
2/14/2015 1:00,12,1,11
2/14/2015 2:00,5,3,2
2/14/2015 3:00,9,6,3
2/14/2015 4:00,5,1,4
2/14/2015 5:00,9,7,2
2/14/2015 6:00,14,6,8
2/14/2015 7:00,18,13,5
2/14/2015 8:00,59,35,24
2/14/2015 9:00,75,50,25
2/14/2015 10:00,96,58,38
2/14/2015 11:00,110,67,43
2/14/2015 12:00,100,46,54
2/14/2015 13:00,149,93,56
2/14/2015 14:00,163,85,78
2/14/2015 15:00,171,95,76
2/14/2015 16:00,150,73,77
2/14/2015 17:00,124,68,56
2/14/2015 18:00,64,30,34
2/14/2015 19:00,40,18,22
2/14/2015 20:00,29,13,16
2/14/2015 21:00,18,6,12
2/14/2015 22:00,18,8,10
2/14/2015 23:00,12,5,7
2/15/2015 0:00,14,5,9
2/15/2015 1:00,5,3,2
2/15/2015 2:00,8,6,2
2/15/2015 3:00,3,2,1
2/15/2015 4:00,1,0,1
2/15/2015 5:00,1,1,0
2/15/2015 6:00,10,5,5
2/15/2015 7:00,13,8,5
2/15/2015 8:00,59,32,27
2/15/2015 9:00,85,46,39
2/15/2015 10:00,115,70,45
2/15/2015 11:00,152,90,62
2/15/2015 12:00,210,124,86
2/15/2015 13:00,201,134,67
2/15/2015 14:00,257,112,145
2/15/2015 15:00,231,115,116
2/15/2015 16:00,181,102,79
2/15/2015 17:00,123,67,56
2/15/2015 18:00,65,32,33
2/15/2015 19:00,34,19,15
2/15/2015 20:00,33,17,16
2/15/2015 21:00,9,4,5
2/15/2015 22:00,13,6,7
2/15/2015 23:00,13,1,12
2/16/2015 0:00,11,3,8
2/16/2015 1:00,5,1,4
2/16/2015 2:00,3,1,2
2/16/2015 3:00,1,0,1
2/16/2015 4:00,5,4,1
2/16/2015 5:00,22,15,7
2/16/2015 6:00,50,33,17
2/16/2015 7:00,105,82,23
2/16/2015 8:00,190,137,53
2/16/2015 9:00,161,104,57
2/16/2015 10:00,116,75,41
2/16/2015 11:00,113,59,54
2/16/2015 12:00,92,51,41
2/16/2015 13:00,166,105,61
2/16/2015 14:00,185,113,72
2/16/2015 15:00,148,72,76
2/16/2015 16:00,204,96,108
2/16/2015 17:00,254,88,166
2/16/2015 18:00,208,85,123
2/16/2015 19:00,71,24,47
2/16/2015 20:00,41,13,28
2/16/2015 21:00,32,11,21
2/16/2015 22:00,16,4,12
2/16/2015 23:00,12,4,8
2/17/2015 0:00,9,1,8
2/17/2015 1:00,1,0,1
2/17/2015 2:00,4,1,3
2/17/2015 3:00,0,0,0
2/17/2015 4:00,8,5,3
2/17/2015 5:00,31,24,7
2/17/2015 6:00,86,64,22
2/17/2015 7:00,195,194,1
2/17/2015 8:00,340,340,0
2/17/2015 9:00,187,187,0
2/17/2015 10:00,91,91,0
2/17/2015 11:00,72,72,0
2/17/2015 12:00,77,77,0
2/17/2015 13:00,95,95,0
2/17/2015 14:00,110,79,31
2/17/2015 15:00,154,73,81
2/17/2015 16:00,278,115,163
2/17/2015 17:00,452,164,288
2/17/2015 18:00,398,136,262
2/17/2015 19:00,151,63,88
2/17/2015 20:00,67,24,43
2/17/2015 21:00,50,20,30
2/17/2015 22:00,31,9,22
2/17/2015 23:00,32,5,27
2/18/2015 0:00,6,3,3
2/18/2015 1:00,5,2,3
2/18/2015 2:00,2,2,0
2/18/2015 3:00,1,1,0
2/18/2015 4:00,5,3,2
2/18/2015 5:00,33,24,9
2/18/2015 6:00,115,83,32
2/18/2015 7:00,211,200,11
2/18/2015 8:00,336,336,0
2/18/2015 9:00,176,175,1
2/18/2015 10:00,84,84,0
2/18/2015 11:00,58,58,0
2/18/2015 12:00,47,47,0
2/18/2015 13:00,154,152,2
2/18/2015 14:00,119,111,8
2/18/2015 15:00,108,55,53
2/18/2015 16:00,221,92,129
2/18/2015 17:00,500,170,330
2/18/2015 18:00,374,113,261
2/18/2015 19:00,159,49,110
2/18/2015 20:00,79,36,43
2/18/2015 21:00,59,27,32
2/18/2015 22:00,58,24,34
2/18/2015 23:00,17,7,10
2/19/2015 0:00,4,2,2
2/19/2015 1:00,3,3,0
2/19/2015 2:00,6,1,5
2/19/2015 3:00,3,2,1
2/19/2015 4:00,9,7,2
2/19/2015 5:00,25,17,8
2/19/2015 6:00,97,64,33
2/19/2015 7:00,175,167,8
2/19/2015 8:00,290,290,0
2/19/2015 9:00,159,159,0
2/19/2015 10:00,81,80,1
2/19/2015 11:00,49,49,0
2/19/2015 12:00,29,29,0
2/19/2015 13:00,32,31,1
2/19/2015 14:00,46,39,7
2/19/2015 15:00,77,34,43
2/19/2015 16:00,166,70,96
2/19/2015 17:00,375,114,261
2/19/2015 18:00,306,101,205
2/19/2015 19:00,129,44,85
2/19/2015 20:00,63,22,41
2/19/2015 21:00,45,20,25
2/19/2015 22:00,35,15,20
2/19/2015 23:00,17,6,11
2/20/2015 0:00,14,8,6
2/20/2015 1:00,8,0,8
2/20/2015 2:00,1,0,1
2/20/2015 3:00,0,0,0
2/20/2015 4:00,5,3,2
2/20/2015 5:00,19,14,5
2/20/2015 6:00,81,57,24
2/20/2015 7:00,128,29,99
2/20/2015 8:00,199,1,198
2/20/2015 9:00,141,0,141
2/20/2015 10:00,70,0,70
2/20/2015 11:00,39,0,39
2/20/2015 12:00,47,2,45
2/20/2015 13:00,60,0,60
2/20/2015 14:00,70,29,41
2/20/2015 15:00,111,56,55
2/20/2015 16:00,183,70,113
2/20/2015 17:00,375,109,266
2/20/2015 18:00,241,76,165
2/20/2015 19:00,102,40,62
2/20/2015 20:00,43,17,26
2/20/2015 21:00,24,7,17
2/20/2015 22:00,28,9,19
2/20/2015 23:00,28,12,16
2/21/2015 0:00,20,7,13
2/21/2015 1:00,10,3,7
2/21/2015 2:00,6,6,0
2/21/2015 3:00,3,1,2
2/21/2015 4:00,2,2,0
2/21/2015 5:00,4,2,2
2/21/2015 6:00,22,10,12
2/21/2015 7:00,21,5,16
2/21/2015 8:00,66,43,23
2/21/2015 9:00,70,43,27
2/21/2015 10:00,108,69,39
2/21/2015 11:00,133,76,57
2/21/2015 12:00,152,100,52
2/21/2015 13:00,168,104,64
2/21/2015 14:00,176,103,73
2/21/2015 15:00,197,86,111
2/21/2015 16:00,160,69,91
2/21/2015 17:00,121,71,50
2/21/2015 18:00,86,41,45
2/21/2015 19:00,44,19,25
2/21/2015 20:00,36,20,16
2/21/2015 21:00,19,8,11
2/21/2015 22:00,14,4,10
2/21/2015 23:00,13,6,7
2/22/2015 0:00,15,6,9
2/22/2015 1:00,3,3,0
2/22/2015 2:00,6,4,2
2/22/2015 3:00,0,0,0
2/22/2015 4:00,4,3,1
2/22/2015 5:00,2,1,1
2/22/2015 6:00,25,16,9
2/22/2015 7:00,83,69,14
2/22/2015 8:00,95,71,24
2/22/2015 9:00,97,56,41
2/22/2015 10:00,101,47,54
2/22/2015 11:00,160,93,67
2/22/2015 12:00,195,121,74
2/22/2015 13:00,167,89,78
2/22/2015 14:00,212,106,106
2/22/2015 15:00,197,89,108
2/22/2015 16:00,152,66,86
2/22/2015 17:00,134,68,66
2/22/2015 18:00,93,45,48
2/22/2015 19:00,29,9,20
2/22/2015 20:00,19,7,12
2/22/2015 21:00,14,5,9
2/22/2015 22:00,10,4,6
2/22/2015 23:00,7,2,5
2/23/2015 0:00,3,2,1
2/23/2015 1:00,3,1,2
2/23/2015 2:00,2,1,1
2/23/2015 3:00,3,1,2
2/23/2015 4:00,7,5,2
2/23/2015 5:00,32,25,7
2/23/2015 6:00,98,65,33
2/23/2015 7:00,226,220,6
2/23/2015 8:00,348,347,1
2/23/2015 9:00,194,194,0
2/23/2015 10:00,80,80,0
2/23/2015 11:00,72,72,0
2/23/2015 12:00,55,55,0
2/23/2015 13:00,66,66,0
2/23/2015 14:00,79,79,0
2/23/2015 15:00,135,66,69
2/23/2015 16:00,262,107,155
2/23/2015 17:00,512,162,350
2/23/2015 18:00,362,107,255
2/23/2015 19:00,173,59,114
2/23/2015 20:00,83,24,59
2/23/2015 21:00,41,20,21
2/23/2015 22:00,26,10,16
2/23/2015 23:00,19,7,12
2/24/2015 0:00,8,2,6
2/24/2015 1:00,5,3,2
2/24/2015 2:00,6,3,3
2/24/2015 3:00,3,0,3
2/24/2015 4:00,4,2,2
2/24/2015 5:00,35,23,12
2/24/2015 6:00,105,73,32
2/24/2015 7:00,245,236,9
2/24/2015 8:00,418,418,0
2/24/2015 9:00,188,188,0
2/24/2015 10:00,75,75,0
2/24/2015 11:00,74,69,5
2/24/2015 12:00,79,0,79
2/24/2015 13:00,90,0,90
2/24/2015 14:00,105,17,88
2/24/2015 15:00,131,54,77
2/24/2015 16:00,261,108,153
2/24/2015 17:00,538,162,376
2/24/2015 18:00,361,126,235
2/24/2015 19:00,153,52,101
2/24/2015 20:00,73,37,36
2/24/2015 21:00,54,24,30
2/24/2015 22:00,33,14,19
2/24/2015 23:00,22,7,15
2/25/2015 0:00,11,2,9
2/25/2015 1:00,4,3,1
2/25/2015 2:00,4,2,2
2/25/2015 3:00,0,0,0
2/25/2015 4:00,7,6,1
2/25/2015 5:00,34,24,10
2/25/2015 6:00,108,68,40
2/25/2015 7:00,190,180,10
2/25/2015 8:00,349,349,0
2/25/2015 9:00,193,193,0
2/25/2015 10:00,65,64,1
2/25/2015 11:00,48,47,1
2/25/2015 12:00,43,43,0
2/25/2015 13:00,40,37,3
2/25/2015 14:00,47,47,0
2/25/2015 15:00,96,73,23
2/25/2015 16:00,167,60,107
2/25/2015 17:00,392,124,268
2/25/2015 18:00,316,101,215
2/25/2015 19:00,119,43,76
2/25/2015 20:00,70,26,44
2/25/2015 21:00,52,23,29
2/25/2015 22:00,23,8,15
2/25/2015 23:00,18,4,14
2/26/2015 0:00,7,5,2
2/26/2015 1:00,3,2,1
2/26/2015 2:00,1,0,1
2/26/2015 3:00,3,1,2
2/26/2015 4:00,7,5,2
2/26/2015 5:00,21,12,9
2/26/2015 6:00,83,60,23
2/26/2015 7:00,198,185,13
2/26/2015 8:00,285,285,0
2/26/2015 9:00,171,171,0
2/26/2015 10:00,69,69,0
2/26/2015 11:00,42,42,0
2/26/2015 12:00,50,50,0
2/26/2015 13:00,48,48,0
2/26/2015 14:00,58,50,8
2/26/2015 15:00,76,37,39
2/26/2015 16:00,172,63,109
2/26/2015 17:00,359,121,238
2/26/2015 18:00,314,102,212
2/26/2015 19:00,135,37,98
2/26/2015 20:00,64,24,40
2/26/2015 21:00,46,21,25
2/26/2015 22:00,29,8,21
2/26/2015 23:00,15,4,11
2/27/2015 0:00,5,1,4
2/27/2015 1:00,2,1,1
2/27/2015 2:00,2,2,0
2/27/2015 3:00,1,0,1
2/27/2015 4:00,3,2,1
2/27/2015 5:00,23,12,11
2/27/2015 6:00,83,64,19
2/27/2015 7:00,103,19,84
2/27/2015 8:00,167,2,165
2/27/2015 9:00,116,3,113
2/27/2015 10:00,65,0,65
2/27/2015 11:00,28,0,28
2/27/2015 12:00,36,0,36
2/27/2015 13:00,32,0,32
2/27/2015 14:00,65,25,40
2/27/2015 15:00,76,30,46
2/27/2015 16:00,166,70,96
2/27/2015 17:00,300,104,196
2/27/2015 18:00,233,82,151
2/27/2015 19:00,99,35,64
2/27/2015 20:00,39,11,28
2/27/2015 21:00,50,33,17
2/27/2015 22:00,25,14,11
2/27/2015 23:00,19,9,10
2/28/2015 0:00,23,13,10
2/28/2015 1:00,12,5,7
2/28/2015 2:00,3,2,1
2/28/2015 3:00,3,2,1
2/28/2015 4:00,1,0,1
2/28/2015 5:00,4,2,2
2/28/2015 6:00,20,8,12
2/28/2015 7:00,37,18,19
2/28/2015 8:00,74,39,35
2/28/2015 9:00,111,61,50
2/28/2015 10:00,135,74,61
2/28/2015 11:00,167,109,58
2/28/2015 12:00,182,92,90
2/28/2015 13:00,215,113,102
2/28/2015 14:00,235,134,101
2/28/2015 15:00,215,113,102
2/28/2015 16:00,187,107,80
2/28/2015 17:00,136,67,69
2/28/2015 18:00,96,47,49
2/28/2015 19:00,50,23,27
2/28/2015 20:00,44,23,21
2/28/2015 21:00,19,14,5
2/28/2015 22:00,24,15,9
2/28/2015 23:00,25,8,17
3/1/2015 0:00,37,21,16
3/1/2015 1:00,4,2,2
3/1/2015 2:00,9,5,4
3/1/2015 3:00,2,2,0
3/1/2015 4:00,1,0,1
3/1/2015 5:00,1,0,1
3/1/2015 6:00,12,4,8
3/1/2015 7:00,13,7,6
3/1/2015 8:00,62,41,21
3/1/2015 9:00,133,88,45
3/1/2015 10:00,164,115,49
3/1/2015 11:00,188,105,83
3/1/2015 12:00,189,103,86
3/1/2015 13:00,205,100,105
3/1/2015 14:00,162,91,71
3/1/2015 15:00,172,96,76
3/1/2015 16:00,151,72,79
3/1/2015 17:00,114,71,43
3/1/2015 18:00,56,36,20
3/1/2015 19:00,36,23,13
3/1/2015 20:00,19,5,14
3/1/2015 21:00,17,7,10
3/1/2015 22:00,15,4,11
3/1/2015 23:00,10,5,5
3/2/2015 0:00,7,4,3
3/2/2015 1:00,4,1,3
3/2/2015 2:00,3,3,0
3/2/2015 3:00,4,2,2
3/2/2015 4:00,4,2,2
3/2/2015 5:00,39,26,13
3/2/2015 6:00,121,75,46
3/2/2015 7:00,140,31,109
3/2/2015 8:00,233,2,231
3/2/2015 9:00,152,1,151
3/2/2015 10:00,91,0,91
3/2/2015 11:00,56,0,56
3/2/2015 12:00,43,1,42
3/2/2015 13:00,58,0,58
3/2/2015 14:00,68,8,60
3/2/2015 15:00,119,60,59
3/2/2015 16:00,235,88,147
3/2/2015 17:00,498,159,339
3/2/2015 18:00,386,114,272
3/2/2015 19:00,155,55,100
3/2/2015 20:00,72,23,49
3/2/2015 21:00,42,15,27
3/2/2015 22:00,23,8,15
3/2/2015 23:00,21,10,11
3/3/2015 0:00,12,11,1
3/3/2015 1:00,7,7,0
3/3/2015 2:00,6,4,2
3/3/2015 3:00,2,0,2
3/3/2015 4:00,4,3,1
3/3/2015 5:00,41,30,11
3/3/2015 6:00,99,68,31
3/3/2015 7:00,238,224,14
3/3/2015 8:00,372,372,0
3/3/2015 9:00,196,196,0
3/3/2015 10:00,86,86,0
3/3/2015 11:00,66,66,0
3/3/2015 12:00,61,61,0
3/3/2015 13:00,72,72,0
3/3/2015 14:00,99,65,34
3/3/2015 15:00,122,65,57
3/3/2015 16:00,240,100,140
3/3/2015 17:00,519,147,372
3/3/2015 18:00,380,130,250
3/3/2015 19:00,164,75,89
3/3/2015 20:00,68,26,42
3/3/2015 21:00,46,20,26
3/3/2015 22:00,27,11,16
3/3/2015 23:00,18,5,13
3/4/2015 0:00,12,7,5
3/4/2015 1:00,3,1,2
3/4/2015 2:00,5,2,3
3/4/2015 3:00,4,1,3
3/4/2015 4:00,3,3,0
3/4/2015 5:00,34,23,11
3/4/2015 6:00,99,65,34
3/4/2015 7:00,194,188,6
3/4/2015 8:00,335,335,0
3/4/2015 9:00,201,188,13
3/4/2015 10:00,77,4,73
3/4/2015 11:00,61,2,59
3/4/2015 12:00,54,1,53
3/4/2015 13:00,59,1,58
3/4/2015 14:00,114,35,79
3/4/2015 15:00,123,42,81
3/4/2015 16:00,239,96,143
3/4/2015 17:00,479,165,314
3/4/2015 18:00,396,133,263
3/4/2015 19:00,144,51,93
3/4/2015 20:00,84,28,56
3/4/2015 21:00,54,33,21
3/4/2015 22:00,35,19,16
3/4/2015 23:00,20,8,12
3/5/2015 0:00,7,2,5
3/5/2015 1:00,4,3,1
3/5/2015 2:00,3,1,2
3/5/2015 3:00,4,3,1
3/5/2015 4:00,5,4,1
3/5/2015 5:00,32,20,12
3/5/2015 6:00,88,60,28
3/5/2015 7:00,199,184,15
3/5/2015 8:00,317,317,0
3/5/2015 9:00,170,170,0
3/5/2015 10:00,85,85,0
3/5/2015 11:00,61,61,0
3/5/2015 12:00,69,67,2
3/5/2015 13:00,74,74,0
3/5/2015 14:00,80,43,37
3/5/2015 15:00,123,58,65
3/5/2015 16:00,261,111,150
3/5/2015 17:00,478,151,327
3/5/2015 18:00,326,113,213
3/5/2015 19:00,133,56,77
3/5/2015 20:00,79,36,43
3/5/2015 21:00,86,28,58
3/5/2015 22:00,44,19,25
3/5/2015 23:00,21,6,15
3/6/2015 0:00,18,10,8
3/6/2015 1:00,4,3,1
3/6/2015 2:00,5,4,1
3/6/2015 3:00,7,3,4
3/6/2015 4:00,5,1,4
3/6/2015 5:00,22,18,4
3/6/2015 6:00,106,66,40
3/6/2015 7:00,158,151,7
3/6/2015 8:00,305,305,0
3/6/2015 9:00,170,170,0
3/6/2015 10:00,80,80,0
3/6/2015 11:00,63,63,0
3/6/2015 12:00,72,72,0
3/6/2015 13:00,165,165,0
3/6/2015 14:00,95,76,19
3/6/2015 15:00,176,79,97
3/6/2015 16:00,272,115,157
3/6/2015 17:00,482,155,327
3/6/2015 18:00,304,106,198
3/6/2015 19:00,119,43,76
3/6/2015 20:00,78,34,44
3/6/2015 21:00,37,18,19
3/6/2015 22:00,31,15,16
3/6/2015 23:00,28,14,14
3/7/2015 0:00,21,5,16
3/7/2015 1:00,6,0,6
3/7/2015 2:00,11,8,3
3/7/2015 3:00,0,0,0
3/7/2015 4:00,3,1,2
3/7/2015 5:00,7,3,4
3/7/2015 6:00,23,8,15
3/7/2015 7:00,35,17,18
3/7/2015 8:00,95,46,49
3/7/2015 9:00,112,58,54
3/7/2015 10:00,172,101,71
3/7/2015 11:00,157,108,49
3/7/2015 12:00,169,93,76
3/7/2015 13:00,277,123,154
3/7/2015 14:00,236,112,124
3/7/2015 15:00,252,135,117
3/7/2015 16:00,242,136,106
3/7/2015 17:00,168,109,59
3/7/2015 18:00,123,69,54
3/7/2015 19:00,59,30,29
3/7/2015 20:00,44,23,21
3/7/2015 21:00,26,12,14
3/7/2015 22:00,24,16,8
3/7/2015 23:00,19,10,9
3/8/2015 0:00,22,7,15
3/8/2015 1:00,3,2,1
3/8/2015 2:00,,,
3/8/2015 3:00,7,5,2
3/8/2015 4:00,3,1,2
3/8/2015 5:00,5,4,1
3/8/2015 6:00,13,4,9
3/8/2015 7:00,21,11,10
3/8/2015 8:00,35,21,14
3/8/2015 9:00,47,14,33
3/8/2015 10:00,115,61,54
3/8/2015 11:00,155,87,68
3/8/2015 12:00,170,87,83
3/8/2015 13:00,178,114,64
3/8/2015 14:00,293,148,145
3/8/2015 15:00,268,136,132
3/8/2015 16:00,255,149,106
3/8/2015 17:00,225,149,76
3/8/2015 18:00,122,62,60
3/8/2015 19:00,43,18,25
3/8/2015 20:00,39,20,19
3/8/2015 21:00,53,18,35
3/8/2015 22:00,21,12,9
3/8/2015 23:00,13,7,6
3/9/2015 0:00,5,2,3
3/9/2015 1:00,5,2,3
3/9/2015 2:00,3,2,1
3/9/2015 3:00,5,3,2
3/9/2015 4:00,4,3,1
3/9/2015 5:00,35,25,10
3/9/2015 6:00,109,69,40
3/9/2015 7:00,136,23,113
3/9/2015 8:00,234,1,233
3/9/2015 9:00,174,2,172
3/9/2015 10:00,82,1,81
3/9/2015 11:00,65,0,65
3/9/2015 12:00,61,0,61
3/9/2015 13:00,87,0,87
3/9/2015 14:00,81,26,55
3/9/2015 15:00,137,64,73
3/9/2015 16:00,257,106,151
3/9/2015 17:00,498,170,328
3/9/2015 18:00,478,138,340
3/9/2015 19:00,183,84,99
3/9/2015 20:00,97,33,64
3/9/2015 21:00,54,20,34
3/9/2015 22:00,20,5,15
3/9/2015 23:00,23,7,16
3/10/2015 0:00,11,3,8
3/10/2015 1:00,3,1,2
3/10/2015 2:00,3,2,1
3/10/2015 3:00,3,0,3
3/10/2015 4:00,5,1,4
3/10/2015 5:00,36,24,12
3/10/2015 6:00,110,69,41
3/10/2015 7:00,144,29,115
3/10/2015 8:00,267,3,264
3/10/2015 9:00,174,0,174
3/10/2015 10:00,67,0,67
3/10/2015 11:00,56,0,56
3/10/2015 12:00,54,0,54
3/10/2015 13:00,62,0,62
3/10/2015 14:00,124,29,95
3/10/2015 15:00,110,46,64
3/10/2015 16:00,237,99,138
3/10/2015 17:00,523,161,362
3/10/2015 18:00,480,164,316
3/10/2015 19:00,195,69,126
3/10/2015 20:00,85,30,55
3/10/2015 21:00,50,18,32
3/10/2015 22:00,34,18,16
3/10/2015 23:00,22,4,18
3/11/2015 0:00,5,4,1
3/11/2015 1:00,4,2,2
3/11/2015 2:00,2,1,1
3/11/2015 3:00,4,2,2
3/11/2015 4:00,5,1,4
3/11/2015 5:00,35,26,9
3/11/2015 6:00,82,52,30
3/11/2015 7:00,143,35,108
3/11/2015 8:00,213,4,209
3/11/2015 9:00,131,1,130
3/11/2015 10:00,59,1,58
3/11/2015 11:00,45,0,45
3/11/2015 12:00,38,0,38
3/11/2015 13:00,38,0,38
3/11/2015 14:00,48,14,34
3/11/2015 15:00,83,42,41
3/11/2015 16:00,166,75,91
3/11/2015 17:00,379,109,270
3/11/2015 18:00,300,92,208
3/11/2015 19:00,134,49,85
3/11/2015 20:00,57,18,39
3/11/2015 21:00,43,22,21
3/11/2015 22:00,19,13,6
3/11/2015 23:00,17,8,9
3/12/2015 0:00,7,4,3
3/12/2015 1:00,5,3,2
3/12/2015 2:00,6,2,4
3/12/2015 3:00,2,0,2
3/12/2015 4:00,9,5,4
3/12/2015 5:00,28,20,8
3/12/2015 6:00,104,71,33
3/12/2015 7:00,143,133,10
3/12/2015 8:00,268,68,200
3/12/2015 9:00,171,1,170
3/12/2015 10:00,63,2,61
3/12/2015 11:00,63,1,62
3/12/2015 12:00,64,0,64
3/12/2015 13:00,63,0,63
3/12/2015 14:00,94,23,71
3/12/2015 15:00,144,72,72
3/12/2015 16:00,234,96,138
3/12/2015 17:00,566,210,356
3/12/2015 18:00,457,164,293
3/12/2015 19:00,205,97,108
3/12/2015 20:00,99,42,57
3/12/2015 21:00,56,27,29
3/12/2015 22:00,34,16,18
3/12/2015 23:00,29,8,21
3/13/2015 0:00,14,6,8
3/13/2015 1:00,8,2,6
3/13/2015 2:00,5,1,4
3/13/2015 3:00,4,1,3
3/13/2015 4:00,8,3,5
3/13/2015 5:00,35,22,13
3/13/2015 6:00,98,69,29
3/13/2015 7:00,181,174,7
3/13/2015 8:00,306,306,0
3/13/2015 9:00,183,183,0
3/13/2015 10:00,102,102,0
3/13/2015 11:00,70,70,0
3/13/2015 12:00,63,63,0
3/13/2015 13:00,84,84,0
3/13/2015 14:00,123,85,38
3/13/2015 15:00,180,82,98
3/13/2015 16:00,282,121,161
3/13/2015 17:00,498,159,339
3/13/2015 18:00,377,149,228
3/13/2015 19:00,157,60,97
3/13/2015 20:00,72,32,40
3/13/2015 21:00,52,28,24
3/13/2015 22:00,37,18,19
3/13/2015 23:00,30,19,11
3/14/2015 0:00,19,10,9
3/14/2015 1:00,9,2,7
3/14/2015 2:00,7,3,4
3/14/2015 3:00,1,0,1
3/14/2015 4:00,2,0,2
3/14/2015 5:00,2,1,1
3/14/2015 6:00,11,7,4
3/14/2015 7:00,12,5,7
3/14/2015 8:00,31,20,11
3/14/2015 9:00,42,21,21
3/14/2015 10:00,33,22,11
3/14/2015 11:00,41,18,23
3/14/2015 12:00,55,27,28
3/14/2015 13:00,62,39,23
3/14/2015 14:00,88,42,46
3/14/2015 15:00,85,48,37
3/14/2015 16:00,96,56,40
3/14/2015 17:00,86,46,40
3/14/2015 18:00,62,37,25
3/14/2015 19:00,32,16,16
3/14/2015 20:00,19,12,7
3/14/2015 21:00,39,19,20
3/14/2015 22:00,18,10,8
3/14/2015 23:00,23,12,11
3/15/2015 0:00,7,4,3
3/15/2015 1:00,6,0,6
3/15/2015 2:00,6,2,4
3/15/2015 3:00,3,1,2
3/15/2015 4:00,0,0,0
3/15/2015 5:00,4,2,2
3/15/2015 6:00,7,4,3
3/15/2015 7:00,6,4,2
3/15/2015 8:00,18,11,7
3/15/2015 9:00,19,11,8
3/15/2015 10:00,12,8,4
3/15/2015 11:00,14,8,6
3/15/2015 12:00,17,9,8
3/15/2015 13:00,13,10,3
3/15/2015 14:00,11,5,6
3/15/2015 15:00,16,13,3
3/15/2015 16:00,17,5,12
3/15/2015 17:00,18,10,8
3/15/2015 18:00,13,7,6
3/15/2015 19:00,12,6,6
3/15/2015 20:00,7,4,3
3/15/2015 21:00,2,2,0
3/15/2015 22:00,5,3,2
3/15/2015 23:00,6,3,3
3/16/2015 0:00,0,0,0
3/16/2015 1:00,2,2,0
3/16/2015 2:00,2,1,1
3/16/2015 3:00,1,0,1
3/16/2015 4:00,4,2,2
3/16/2015 5:00,33,22,11
3/16/2015 6:00,81,51,30
3/16/2015 7:00,160,35,125
3/16/2015 8:00,228,2,226
3/16/2015 9:00,168,0,168
3/16/2015 10:00,54,0,54
3/16/2015 11:00,63,0,63
3/16/2015 12:00,55,0,55
3/16/2015 13:00,59,0,59
3/16/2015 14:00,94,0,94
3/16/2015 15:00,114,32,82
3/16/2015 16:00,218,85,133
3/16/2015 17:00,534,175,359
3/16/2015 18:00,435,141,294
3/16/2015 19:00,160,55,105
3/16/2015 20:00,70,28,42
3/16/2015 21:00,46,17,29
3/16/2015 22:00,22,9,13
3/16/2015 23:00,21,11,10
3/17/2015 0:00,10,2,8
3/17/2015 1:00,6,5,1
3/17/2015 2:00,2,1,1
3/17/2015 3:00,3,1,2
3/17/2015 4:00,8,5,3
3/17/2015 5:00,33,23,10
3/17/2015 6:00,77,54,23
3/17/2015 7:00,154,45,109
3/17/2015 8:00,218,0,218
3/17/2015 9:00,102,0,102
3/17/2015 10:00,69,0,69
3/17/2015 11:00,34,0,34
3/17/2015 12:00,54,0,54
3/17/2015 13:00,57,0,57
3/17/2015 14:00,81,11,70
3/17/2015 15:00,118,43,75
3/17/2015 16:00,216,90,126
3/17/2015 17:00,420,128,292
3/17/2015 18:00,355,135,220
3/17/2015 19:00,129,50,79
3/17/2015 20:00,60,19,41
3/17/2015 21:00,46,22,24
3/17/2015 22:00,28,12,16
3/17/2015 23:00,19,11,8
3/18/2015 0:00,18,10,8
3/18/2015 1:00,6,2,4
3/18/2015 2:00,5,3,2
3/18/2015 3:00,2,1,1
3/18/2015 4:00,9,4,5
3/18/2015 5:00,39,28,11
3/18/2015 6:00,89,56,33
3/18/2015 7:00,155,28,127
3/18/2015 8:00,228,2,226
3/18/2015 9:00,155,0,155
3/18/2015 10:00,76,0,76
3/18/2015 11:00,48,0,48
3/18/2015 12:00,42,0,42
3/18/2015 13:00,70,0,70
3/18/2015 14:00,73,14,59
3/18/2015 15:00,138,54,84
3/18/2015 16:00,245,104,141
3/18/2015 17:00,586,205,381
3/18/2015 18:00,461,155,306
3/18/2015 19:00,208,88,120
3/18/2015 20:00,91,31,60
3/18/2015 21:00,69,34,35
3/18/2015 22:00,37,19,18
3/18/2015 23:00,23,8,15
3/19/2015 0:00,16,9,7
3/19/2015 1:00,6,5,1
3/19/2015 2:00,6,4,2
3/19/2015 3:00,4,1,3
3/19/2015 4:00,9,6,3
3/19/2015 5:00,32,22,10
3/19/2015 6:00,104,72,32
3/19/2015 7:00,209,190,19
3/19/2015 8:00,310,310,0
3/19/2015 9:00,178,178,0
3/19/2015 10:00,101,101,0
3/19/2015 11:00,76,76,0
3/19/2015 12:00,53,53,0
3/19/2015 13:00,61,61,0
3/19/2015 14:00,76,71,5
3/19/2015 15:00,128,57,71
3/19/2015 16:00,197,67,130
3/19/2015 17:00,470,136,334
3/19/2015 18:00,341,105,236
3/19/2015 19:00,162,54,108
3/19/2015 20:00,74,24,50
3/19/2015 21:00,46,18,28
3/19/2015 22:00,24,12,12
3/19/2015 23:00,27,18,9
3/20/2015 0:00,14,5,9
3/20/2015 1:00,6,5,1
3/20/2015 2:00,4,3,1
3/20/2015 3:00,4,1,3
3/20/2015 4:00,8,5,3
3/20/2015 5:00,23,15,8
3/20/2015 6:00,79,50,29
3/20/2015 7:00,165,155,10
3/20/2015 8:00,216,216,0
3/20/2015 9:00,133,133,0
3/20/2015 10:00,94,94,0
3/20/2015 11:00,61,58,3
3/20/2015 12:00,71,60,11
3/20/2015 13:00,60,33,27
3/20/2015 14:00,62,30,32
3/20/2015 15:00,77,38,39
3/20/2015 16:00,176,53,123
3/20/2015 17:00,357,112,245
3/20/2015 18:00,205,66,139
3/20/2015 19:00,86,31,55
3/20/2015 20:00,47,19,28
3/20/2015 21:00,30,16,14
3/20/2015 22:00,11,4,7
3/20/2015 23:00,25,9,16
3/21/2015 0:00,7,3,4
3/21/2015 1:00,7,3,4
3/21/2015 2:00,2,1,1
3/21/2015 3:00,4,2,2
3/21/2015 4:00,4,3,1
3/21/2015 5:00,4,3,1
3/21/2015 6:00,16,8,8
3/21/2015 7:00,25,12,13
3/21/2015 8:00,43,25,18
3/21/2015 9:00,66,44,22
3/21/2015 10:00,77,39,38
3/21/2015 11:00,94,61,33
3/21/2015 12:00,93,45,48
3/21/2015 13:00,109,40,69
3/21/2015 14:00,114,57,57
3/21/2015 15:00,144,82,62
3/21/2015 16:00,116,61,55
3/21/2015 17:00,149,73,76
3/21/2015 18:00,113,60,53
3/21/2015 19:00,70,41,29
3/21/2015 20:00,52,24,28
3/21/2015 21:00,20,10,10
3/21/2015 22:00,22,13,9
3/21/2015 23:00,28,15,13
3/22/2015 0:00,12,1,11
3/22/2015 1:00,11,4,7
3/22/2015 2:00,5,3,2
3/22/2015 3:00,4,2,2
3/22/2015 4:00,2,2,0
3/22/2015 5:00,6,0,6
3/22/2015 6:00,13,8,5
3/22/2015 7:00,24,15,9
3/22/2015 8:00,70,33,37
3/22/2015 9:00,87,42,45
3/22/2015 10:00,112,65,47
3/22/2015 11:00,119,77,42
3/22/2015 12:00,127,77,50
3/22/2015 13:00,98,73,25
3/22/2015 14:00,56,37,19
3/22/2015 15:00,61,35,26
3/22/2015 16:00,49,28,21
3/22/2015 17:00,55,21,34
3/22/2015 18:00,50,23,27
3/22/2015 19:00,39,19,20
3/22/2015 20:00,17,9,8
3/22/2015 21:00,18,6,12
3/22/2015 22:00,14,4,10
3/22/2015 23:00,8,4,4
3/23/2015 0:00,9,3,6
3/23/2015 1:00,1,0,1
3/23/2015 2:00,2,1,1
3/23/2015 3:00,1,0,1
3/23/2015 4:00,5,3,2
3/23/2015 5:00,32,20,12
3/23/2015 6:00,95,67,28
3/23/2015 7:00,129,121,8
3/23/2015 8:00,260,260,0
3/23/2015 9:00,156,156,0
3/23/2015 10:00,56,55,1
3/23/2015 11:00,35,35,0
3/23/2015 12:00,32,21,11
3/23/2015 13:00,45,20,25
3/23/2015 14:00,46,24,22
3/23/2015 15:00,65,24,41
3/23/2015 16:00,154,64,90
3/23/2015 17:00,363,100,263
3/23/2015 18:00,318,95,223
3/23/2015 19:00,108,28,80
3/23/2015 20:00,60,19,41
3/23/2015 21:00,19,8,11
3/23/2015 22:00,23,10,13
3/23/2015 23:00,15,6,9
3/24/2015 0:00,7,4,3
3/24/2015 1:00,1,1,0
3/24/2015 2:00,4,1,3
3/24/2015 3:00,1,0,1
3/24/2015 4:00,8,5,3
3/24/2015 5:00,22,18,4
3/24/2015 6:00,77,50,27
3/24/2015 7:00,146,139,7
3/24/2015 8:00,264,261,3
3/24/2015 9:00,146,143,3
3/24/2015 10:00,65,65,0
3/24/2015 11:00,47,47,0
3/24/2015 12:00,47,44,3
3/24/2015 13:00,47,47,0
3/24/2015 14:00,76,54,22
3/24/2015 15:00,103,54,49
3/24/2015 16:00,156,70,86
3/24/2015 17:00,385,120,265
3/24/2015 18:00,320,115,205
3/24/2015 19:00,144,73,71
3/24/2015 20:00,88,37,51
3/24/2015 21:00,40,12,28
3/24/2015 22:00,34,10,24
3/24/2015 23:00,22,7,15
3/25/2015 0:00,12,1,11
3/25/2015 1:00,5,4,1
3/25/2015 2:00,2,1,1
3/25/2015 3:00,1,0,1
3/25/2015 4:00,5,3,2
3/25/2015 5:00,25,20,5
3/25/2015 6:00,80,55,25
3/25/2015 7:00,148,135,13
3/25/2015 8:00,259,258,1
3/25/2015 9:00,161,161,0
3/25/2015 10:00,54,54,0
3/25/2015 11:00,35,35,0
3/25/2015 12:00,32,32,0
3/25/2015 13:00,40,39,1
3/25/2015 14:00,36,16,20
3/25/2015 15:00,68,30,38
3/25/2015 16:00,152,61,91
3/25/2015 17:00,344,101,243
3/25/2015 18:00,295,105,190
3/25/2015 19:00,125,41,84
3/25/2015 20:00,74,27,47
3/25/2015 21:00,39,21,18
3/25/2015 22:00,34,16,18
3/25/2015 23:00,14,9,5
3/26/2015 0:00,6,1,5
3/26/2015 1:00,5,2,3
3/26/2015 2:00,5,4,1
3/26/2015 3:00,6,2,4
3/26/2015 4:00,7,4,3
3/26/2015 5:00,33,25,8
3/26/2015 6:00,103,69,34
3/26/2015 7:00,224,209,15
3/26/2015 8:00,353,353,0
3/26/2015 9:00,187,187,0
3/26/2015 10:00,100,92,8
3/26/2015 11:00,81,80,1
3/26/2015 12:00,75,61,14
3/26/2015 13:00,115,71,44
3/26/2015 14:00,153,81,72
3/26/2015 15:00,171,87,84
3/26/2015 16:00,315,147,168
3/26/2015 17:00,594,189,405
3/26/2015 18:00,441,183,258
3/26/2015 19:00,253,103,150
3/26/2015 20:00,126,40,86
3/26/2015 21:00,63,36,27
3/26/2015 22:00,45,20,25
3/26/2015 23:00,35,13,22
3/27/2015 0:00,17,6,11
3/27/2015 1:00,6,3,3
3/27/2015 2:00,8,4,4
3/27/2015 3:00,3,0,3
3/27/2015 4:00,4,2,2
3/27/2015 5:00,37,23,14
3/27/2015 6:00,91,65,26
3/27/2015 7:00,185,171,14
3/27/2015 8:00,308,308,0
3/27/2015 9:00,193,192,1
3/27/2015 10:00,91,91,0
3/27/2015 11:00,87,83,4
3/27/2015 12:00,77,2,75
3/27/2015 13:00,71,0,71
3/27/2015 14:00,142,38,104
3/27/2015 15:00,180,77,103
3/27/2015 16:00,320,132,188
3/27/2015 17:00,490,166,324
3/27/2015 18:00,364,135,229
3/27/2015 19:00,172,65,107
3/27/2015 20:00,84,35,49
3/27/2015 21:00,39,15,24
3/27/2015 22:00,28,15,13
3/27/2015 23:00,18,6,12
3/28/2015 0:00,13,6,7
3/28/2015 1:00,11,6,5
3/28/2015 2:00,4,4,0
3/28/2015 3:00,2,1,1
3/28/2015 4:00,1,1,0
3/28/2015 5:00,4,3,1
3/28/2015 6:00,15,8,7
3/28/2015 7:00,39,16,23
3/28/2015 8:00,75,48,27
3/28/2015 9:00,101,47,54
3/28/2015 10:00,125,64,61
3/28/2015 11:00,129,65,64
3/28/2015 12:00,153,80,73
3/28/2015 13:00,177,106,71
3/28/2015 14:00,177,99,78
3/28/2015 15:00,174,84,90
3/28/2015 16:00,168,102,66
3/28/2015 17:00,152,92,60
3/28/2015 18:00,97,51,46
3/28/2015 19:00,60,34,26
3/28/2015 20:00,47,29,18
3/28/2015 21:00,29,17,12
3/28/2015 22:00,26,10,16
3/28/2015 23:00,17,13,4
3/29/2015 0:00,2,2,0
3/29/2015 1:00,2,2,0
3/29/2015 2:00,6,2,4
3/29/2015 3:00,3,0,3
3/29/2015 4:00,5,1,4
3/29/2015 5:00,2,0,2
3/29/2015 6:00,8,4,4
3/29/2015 7:00,18,9,9
3/29/2015 8:00,52,30,22
3/29/2015 9:00,87,52,35
3/29/2015 10:00,97,63,34
3/29/2015 11:00,116,66,50
3/29/2015 12:00,136,84,52
3/29/2015 13:00,118,82,36
3/29/2015 14:00,135,74,61
3/29/2015 15:00,113,65,48
3/29/2015 16:00,138,90,48
3/29/2015 17:00,101,57,44
3/29/2015 18:00,112,67,45
3/29/2015 19:00,50,29,21
3/29/2015 20:00,53,32,21
3/29/2015 21:00,18,11,7
3/29/2015 22:00,25,13,12
3/29/2015 23:00,11,7,4
3/30/2015 0:00,11,6,5
3/30/2015 1:00,4,1,3
3/30/2015 2:00,4,3,1
3/30/2015 3:00,3,1,2
3/30/2015 4:00,6,4,2
3/30/2015 5:00,46,30,16
3/30/2015 6:00,123,87,36
3/30/2015 7:00,225,209,16
3/30/2015 8:00,352,352,0
3/30/2015 9:00,177,177,0
3/30/2015 10:00,87,87,0
3/30/2015 11:00,65,65,0
3/30/2015 12:00,61,61,0
3/30/2015 13:00,82,82,0
3/30/2015 14:00,86,68,18
3/30/2015 15:00,169,95,74
3/30/2015 16:00,284,118,166
3/30/2015 17:00,628,206,422
3/30/2015 18:00,477,164,313
3/30/2015 19:00,221,92,129
3/30/2015 20:00,107,51,56
3/30/2015 21:00,62,27,35
3/30/2015 22:00,37,20,17
3/30/2015 23:00,22,8,14
3/31/2015 0:00,9,2,7
3/31/2015 1:00,3,2,1
3/31/2015 2:00,5,4,1
3/31/2015 3:00,4,1,3
3/31/2015 4:00,4,1,3
3/31/2015 5:00,36,27,9
3/31/2015 6:00,94,65,29
3/31/2015 7:00,128,25,103
3/31/2015 8:00,250,2,248
3/31/2015 9:00,130,5,125
3/31/2015 10:00,38,0,38
3/31/2015 11:00,40,1,39
3/31/2015 12:00,38,0,38
3/31/2015 13:00,35,1,34
3/31/2015 14:00,97,26,71
3/31/2015 15:00,100,44,56
3/31/2015 16:00,159,70,89
3/31/2015 17:00,322,103,219
3/31/2015 18:00,304,96,208
3/31/2015 19:00,114,39,75
3/31/2015 20:00,59,23,36
3/31/2015 21:00,25,12,13
3/31/2015 22:00,12,7,5
3/31/2015 23:00,16,7,9
4/1/2015 0:00,3,3,0
4/1/2015 1:00,1,0,1
4/1/2015 2:00,3,3,0
4/1/2015 3:00,2,2,0
4/1/2015 4:00,4,2,2
4/1/2015 5:00,30,23,7
4/1/2015 6:00,80,55,25
4/1/2015 7:00,131,40,91
4/1/2015 8:00,205,3,202
4/1/2015 9:00,150,0,150
4/1/2015 10:00,74,0,74
4/1/2015 11:00,57,1,56
4/1/2015 12:00,61,0,61
4/1/2015 13:00,63,0,63
4/1/2015 14:00,76,29,47
4/1/2015 15:00,112,62,50
4/1/2015 16:00,224,100,124
4/1/2015 17:00,448,150,298
4/1/2015 18:00,402,143,259
4/1/2015 19:00,131,44,87
4/1/2015 20:00,73,27,46
4/1/2015 21:00,49,22,27
4/1/2015 22:00,28,13,15
4/1/2015 23:00,20,8,12
4/2/2015 0:00,6,1,5
4/2/2015 1:00,5,4,1
4/2/2015 2:00,1,1,0
4/2/2015 3:00,4,1,3
4/2/2015 4:00,5,3,2
4/2/2015 5:00,32,28,4
4/2/2015 6:00,98,72,26
4/2/2015 7:00,179,171,8
4/2/2015 8:00,302,302,0
4/2/2015 9:00,191,191,0
4/2/2015 10:00,73,73,0
4/2/2015 11:00,49,49,0
4/2/2015 12:00,54,54,0
4/2/2015 13:00,62,62,0
4/2/2015 14:00,79,58,21
4/2/2015 15:00,114,54,60
4/2/2015 16:00,256,109,147
4/2/2015 17:00,477,183,294
4/2/2015 18:00,411,151,260
4/2/2015 19:00,190,87,103
4/2/2015 20:00,111,35,76
4/2/2015 21:00,68,36,32
4/2/2015 22:00,31,14,17
4/2/2015 23:00,30,16,14
4/3/2015 0:00,21,9,12
4/3/2015 1:00,9,7,2
4/3/2015 2:00,11,8,3
4/3/2015 3:00,4,3,1
4/3/2015 4:00,4,1,3
4/3/2015 5:00,26,20,6
4/3/2015 6:00,76,48,28
4/3/2015 7:00,239,185,54
4/3/2015 8:00,334,257,77
4/3/2015 9:00,213,140,73
4/3/2015 10:00,150,83,67
4/3/2015 11:00,74,46,28
4/3/2015 12:00,69,39,30
4/3/2015 13:00,52,25,27
4/3/2015 14:00,53,28,25
4/3/2015 15:00,103,42,61
4/3/2015 16:00,208,64,144
4/3/2015 17:00,399,108,291
4/3/2015 18:00,274,112,162
4/3/2015 19:00,117,42,75
4/3/2015 20:00,73,23,50
4/3/2015 21:00,46,12,34
4/3/2015 22:00,29,14,15
4/3/2015 23:00,27,15,12
4/4/2015 0:00,13,7,6
4/4/2015 1:00,2,2,0
4/4/2015 2:00,7,5,2
4/4/2015 3:00,2,0,2
4/4/2015 4:00,4,3,1
4/4/2015 5:00,9,6,3
4/4/2015 6:00,20,11,9
4/4/2015 7:00,36,21,15
4/4/2015 8:00,79,43,36
4/4/2015 9:00,103,58,45
4/4/2015 10:00,110,76,34
4/4/2015 11:00,135,76,59
4/4/2015 12:00,212,139,73
4/4/2015 13:00,190,102,88
4/4/2015 14:00,164,83,81
4/4/2015 15:00,172,110,62
4/4/2015 16:00,175,89,86
4/4/2015 17:00,180,92,88
4/4/2015 18:00,150,79,71
4/4/2015 19:00,70,41,29
4/4/2015 20:00,67,42,25
4/4/2015 21:00,41,23,18
4/4/2015 22:00,28,13,15
4/4/2015 23:00,18,8,10
4/5/2015 0:00,23,8,15
4/5/2015 1:00,12,2,10
4/5/2015 2:00,4,2,2
4/5/2015 3:00,2,2,0
4/5/2015 4:00,3,3,0
4/5/2015 5:00,8,5,3
4/5/2015 6:00,16,7,9
4/5/2015 7:00,21,7,14
4/5/2015 8:00,38,20,18
4/5/2015 9:00,92,45,47
4/5/2015 10:00,131,77,54
4/5/2015 11:00,128,80,48
4/5/2015 12:00,154,70,84
4/5/2015 13:00,151,89,62
4/5/2015 14:00,211,128,83
4/5/2015 15:00,177,101,76
4/5/2015 16:00,150,87,63
4/5/2015 17:00,147,86,61
4/5/2015 18:00,110,46,64
4/5/2015 19:00,70,33,37
4/5/2015 20:00,44,19,25
4/5/2015 21:00,12,6,6
4/5/2015 22:00,16,8,8
4/5/2015 23:00,9,3,6
4/6/2015 0:00,14,8,6
4/6/2015 1:00,2,0,2
4/6/2015 2:00,4,2,2
4/6/2015 3:00,3,3,0
4/6/2015 4:00,6,4,2
4/6/2015 5:00,41,32,9
4/6/2015 6:00,108,64,44
4/6/2015 7:00,203,186,17
4/6/2015 8:00,342,342,0
4/6/2015 9:00,171,171,0
4/6/2015 10:00,67,66,1
4/6/2015 11:00,49,49,0
4/6/2015 12:00,57,57,0
4/6/2015 13:00,82,82,0
4/6/2015 14:00,73,51,22
4/6/2015 15:00,117,53,64
4/6/2015 16:00,253,99,154
4/6/2015 17:00,584,164,420
4/6/2015 18:00,388,143,245
4/6/2015 19:00,188,70,118
4/6/2015 20:00,88,36,52
4/6/2015 21:00,55,27,28
4/6/2015 22:00,35,17,18
4/6/2015 23:00,25,5,20
4/7/2015 0:00,14,9,5
4/7/2015 1:00,3,1,2
4/7/2015 2:00,3,1,2
4/7/2015 3:00,2,2,0
4/7/2015 4:00,5,3,2
4/7/2015 5:00,40,27,13
4/7/2015 6:00,103,75,28
4/7/2015 7:00,228,206,22
4/7/2015 8:00,383,383,0
4/7/2015 9:00,179,179,0
4/7/2015 10:00,95,94,1
4/7/2015 11:00,49,49,0
4/7/2015 12:00,42,42,0
4/7/2015 13:00,34,34,0
4/7/2015 14:00,74,42,32
4/7/2015 15:00,121,67,54
4/7/2015 16:00,254,85,169
4/7/2015 17:00,546,175,371
4/7/2015 18:00,441,149,292
4/7/2015 19:00,199,79,120
4/7/2015 20:00,118,50,68
4/7/2015 21:00,59,25,34
4/7/2015 22:00,24,10,14
4/7/2015 23:00,32,13,19
4/8/2015 0:00,12,5,7
4/8/2015 1:00,7,2,5
4/8/2015 2:00,2,2,0
4/8/2015 3:00,4,4,0
4/8/2015 4:00,5,3,2
4/8/2015 5:00,35,26,9
4/8/2015 6:00,123,79,44
4/8/2015 7:00,219,209,10
4/8/2015 8:00,367,367,0
4/8/2015 9:00,210,208,2
4/8/2015 10:00,97,97,0
4/8/2015 11:00,60,60,0
4/8/2015 12:00,79,79,0
4/8/2015 13:00,83,83,0
4/8/2015 14:00,92,59,33
4/8/2015 15:00,135,62,73
4/8/2015 16:00,246,121,125
4/8/2015 17:00,580,178,402
4/8/2015 18:00,505,193,312
4/8/2015 19:00,197,93,104
4/8/2015 20:00,127,68,59
4/8/2015 21:00,73,41,32
4/8/2015 22:00,55,27,28
4/8/2015 23:00,38,11,27
4/9/2015 0:00,16,6,10
4/9/2015 1:00,6,4,2
4/9/2015 2:00,4,3,1
4/9/2015 3:00,5,2,3
4/9/2015 4:00,7,4,3
4/9/2015 5:00,40,25,15
4/9/2015 6:00,118,70,48
4/9/2015 7:00,226,212,14
4/9/2015 8:00,334,334,0
4/9/2015 9:00,209,207,2
4/9/2015 10:00,95,64,31
4/9/2015 11:00,73,3,70
4/9/2015 12:00,104,1,103
4/9/2015 13:00,108,0,108
4/9/2015 14:00,128,38,90
4/9/2015 15:00,167,66,101
4/9/2015 16:00,331,146,185
4/9/2015 17:00,626,199,427
4/9/2015 18:00,542,228,314
4/9/2015 19:00,252,126,126
4/9/2015 20:00,137,71,66
4/9/2015 21:00,74,36,38
4/9/2015 22:00,38,21,17
4/9/2015 23:00,30,7,23
4/10/2015 0:00,13,10,3
4/10/2015 1:00,14,7,7
4/10/2015 2:00,4,2,2
4/10/2015 3:00,4,2,2
4/10/2015 4:00,6,4,2
4/10/2015 5:00,34,24,10
4/10/2015 6:00,91,59,32
4/10/2015 7:00,119,27,92
4/10/2015 8:00,168,0,168
4/10/2015 9:00,135,0,135
4/10/2015 10:00,113,2,111
4/10/2015 11:00,89,0,89
4/10/2015 12:00,64,1,63
4/10/2015 13:00,68,14,54
4/10/2015 14:00,98,51,47
4/10/2015 15:00,146,56,90
4/10/2015 16:00,261,93,168
4/10/2015 17:00,354,106,248
4/10/2015 18:00,265,99,166
4/10/2015 19:00,86,25,61
4/10/2015 20:00,39,17,22
4/10/2015 21:00,21,15,6
4/10/2015 22:00,16,6,10
4/10/2015 23:00,11,5,6
4/11/2015 0:00,8,3,5
4/11/2015 1:00,5,5,0
4/11/2015 2:00,5,3,2
4/11/2015 3:00,1,0,1
4/11/2015 4:00,0,0,0
4/11/2015 5:00,5,4,1
4/11/2015 6:00,11,6,5
4/11/2015 7:00,25,19,6
4/11/2015 8:00,48,27,21
4/11/2015 9:00,66,34,32
4/11/2015 10:00,93,61,32
4/11/2015 11:00,100,53,47
4/11/2015 12:00,134,78,56
4/11/2015 13:00,119,58,61
4/11/2015 14:00,125,71,54
4/11/2015 15:00,142,86,56
4/11/2015 16:00,74,32,42
4/11/2015 17:00,75,35,40
4/11/2015 18:00,68,44,24
4/11/2015 19:00,76,44,32
4/11/2015 20:00,33,20,13
4/11/2015 21:00,20,10,10
4/11/2015 22:00,14,5,9
4/11/2015 23:00,17,9,8
4/12/2015 0:00,9,4,5
4/12/2015 1:00,8,4,4
4/12/2015 2:00,3,1,2
4/12/2015 3:00,3,0,3
4/12/2015 4:00,4,2,2
4/12/2015 5:00,1,1,0
4/12/2015 6:00,12,5,7
4/12/2015 7:00,16,10,6
4/12/2015 8:00,50,31,19
4/12/2015 9:00,136,100,36
4/12/2015 10:00,134,87,47
4/12/2015 11:00,167,93,74
4/12/2015 12:00,150,86,64
4/12/2015 13:00,201,123,78
4/12/2015 14:00,150,87,63
4/12/2015 15:00,170,89,81
4/12/2015 16:00,116,56,60
4/12/2015 17:00,112,60,52
4/12/2015 18:00,114,49,65
4/12/2015 19:00,62,36,26
4/12/2015 20:00,31,14,17
4/12/2015 21:00,19,10,9
4/12/2015 22:00,14,8,6
4/12/2015 23:00,19,8,11
4/13/2015 0:00,13,5,8
4/13/2015 1:00,3,2,1
4/13/2015 2:00,3,3,0
4/13/2015 3:00,1,1,0
4/13/2015 4:00,5,4,1
4/13/2015 5:00,27,23,4
4/13/2015 6:00,75,48,27
4/13/2015 7:00,214,164,50
4/13/2015 8:00,337,256,81
4/13/2015 9:00,249,165,84
4/13/2015 10:00,88,60,28
4/13/2015 11:00,76,47,29
4/13/2015 12:00,65,35,30
4/13/2015 13:00,48,25,23
4/13/2015 14:00,31,14,17
4/13/2015 15:00,53,19,34
4/13/2015 16:00,140,55,85
4/13/2015 17:00,309,100,209
4/13/2015 18:00,238,70,168
4/13/2015 19:00,91,28,63
4/13/2015 20:00,39,14,25
4/13/2015 21:00,26,12,14
4/13/2015 22:00,11,6,5
4/13/2015 23:00,16,9,7
4/14/2015 0:00,9,3,6
4/14/2015 1:00,1,0,1
4/14/2015 2:00,3,2,1
4/14/2015 3:00,2,1,1
4/14/2015 4:00,4,2,2
4/14/2015 5:00,24,18,6
4/14/2015 6:00,68,48,20
4/14/2015 7:00,232,161,71
4/14/2015 8:00,307,244,63
4/14/2015 9:00,222,146,76
4/14/2015 10:00,91,56,35
4/14/2015 11:00,56,28,28
4/14/2015 12:00,58,32,26
4/14/2015 13:00,76,33,43
4/14/2015 14:00,93,48,45
4/14/2015 15:00,93,40,53
4/14/2015 16:00,153,57,96
4/14/2015 17:00,317,97,220
4/14/2015 18:00,308,108,200
4/14/2015 19:00,133,50,83
4/14/2015 20:00,77,25,52
4/14/2015 21:00,46,14,32
4/14/2015 22:00,29,17,12
4/14/2015 23:00,22,12,10
4/15/2015 0:00,9,3,6
4/15/2015 1:00,7,4,3
4/15/2015 2:00,3,2,1
4/15/2015 3:00,5,1,4
4/15/2015 4:00,4,3,1
4/15/2015 5:00,37,27,10
4/15/2015 6:00,110,73,37
4/15/2015 7:00,297,232,65
4/15/2015 8:00,443,326,117
4/15/2015 9:00,293,184,109
4/15/2015 10:00,115,68,47
4/15/2015 11:00,78,37,41
4/15/2015 12:00,95,49,46
4/15/2015 13:00,98,54,44
4/15/2015 14:00,106,61,45
4/15/2015 15:00,142,66,76
4/15/2015 16:00,277,121,156
4/15/2015 17:00,583,195,388
4/15/2015 18:00,499,185,314
4/15/2015 19:00,221,93,128
4/15/2015 20:00,131,59,72
4/15/2015 21:00,64,21,43
4/15/2015 22:00,48,27,21
4/15/2015 23:00,32,17,15
4/16/2015 0:00,14,7,7
4/16/2015 1:00,9,1,8
4/16/2015 2:00,1,1,0
4/16/2015 3:00,7,5,2
4/16/2015 4:00,6,4,2
4/16/2015 5:00,38,21,17
4/16/2015 6:00,111,74,37
4/16/2015 7:00,308,245,63
4/16/2015 8:00,502,356,146
4/16/2015 9:00,319,200,119
4/16/2015 10:00,128,79,49
4/16/2015 11:00,96,56,40
4/16/2015 12:00,137,76,61
4/16/2015 13:00,100,48,52
4/16/2015 14:00,112,65,47
4/16/2015 15:00,163,81,82
4/16/2015 16:00,306,121,185
4/16/2015 17:00,586,194,392
4/16/2015 18:00,461,171,290
4/16/2015 19:00,264,110,154
4/16/2015 20:00,157,83,74
4/16/2015 21:00,84,43,41
4/16/2015 22:00,60,29,31
4/16/2015 23:00,33,10,23
4/17/2015 0:00,23,11,12
4/17/2015 1:00,10,7,3
4/17/2015 2:00,4,2,2
4/17/2015 3:00,9,4,5
4/17/2015 4:00,5,1,4
4/17/2015 5:00,27,16,11
4/17/2015 6:00,100,66,34
4/17/2015 7:00,297,228,69
4/17/2015 8:00,431,312,119
4/17/2015 9:00,277,171,106
4/17/2015 10:00,118,68,50
4/17/2015 11:00,83,41,42
4/17/2015 12:00,96,43,53
4/17/2015 13:00,119,81,38
4/17/2015 14:00,105,56,49
4/17/2015 15:00,169,91,78
4/17/2015 16:00,280,122,158
4/17/2015 17:00,508,160,348
4/17/2015 18:00,390,156,234
4/17/2015 19:00,185,78,107
4/17/2015 20:00,87,42,45
4/17/2015 21:00,42,15,27
4/17/2015 22:00,50,27,23
4/17/2015 23:00,39,17,22
4/18/2015 0:00,24,6,18
4/18/2015 1:00,11,7,4
4/18/2015 2:00,8,5,3
4/18/2015 3:00,1,0,1
4/18/2015 4:00,4,2,2
4/18/2015 5:00,6,4,2
4/18/2015 6:00,28,17,11
4/18/2015 7:00,46,26,20
4/18/2015 8:00,74,35,39
4/18/2015 9:00,129,79,50
4/18/2015 10:00,167,101,66
4/18/2015 11:00,142,81,61
4/18/2015 12:00,194,102,92
4/18/2015 13:00,208,117,91
4/18/2015 14:00,266,149,117
4/18/2015 15:00,227,133,94
4/18/2015 16:00,209,128,81
4/18/2015 17:00,197,109,88
4/18/2015 18:00,169,79,90
4/18/2015 19:00,117,68,49
4/18/2015 20:00,53,24,29
4/18/2015 21:00,43,17,26
4/18/2015 22:00,46,22,24
4/18/2015 23:00,32,17,15
4/19/2015 0:00,37,16,21
4/19/2015 1:00,11,2,9
4/19/2015 2:00,2,1,1
4/19/2015 3:00,144,138,6
4/19/2015 4:00,4,2,2
4/19/2015 5:00,7,3,4
4/19/2015 6:00,15,8,7
4/19/2015 7:00,30,15,15
4/19/2015 8:00,84,43,41
4/19/2015 9:00,113,51,62
4/19/2015 10:00,169,84,85
4/19/2015 11:00,252,142,110
4/19/2015 12:00,215,114,101
4/19/2015 13:00,294,140,154
4/19/2015 14:00,295,164,131
4/19/2015 15:00,271,153,118
4/19/2015 16:00,255,163,92
4/19/2015 17:00,193,95,98
4/19/2015 18:00,159,73,86
4/19/2015 19:00,106,52,54
4/19/2015 20:00,51,26,25
4/19/2015 21:00,34,19,15
4/19/2015 22:00,19,9,10
4/19/2015 23:00,15,6,9
4/20/2015 0:00,10,8,2
4/20/2015 1:00,7,5,2
4/20/2015 2:00,4,3,1
4/20/2015 3:00,4,3,1
4/20/2015 4:00,9,5,4
4/20/2015 5:00,40,26,14
4/20/2015 6:00,137,89,48
4/20/2015 7:00,398,291,107
4/20/2015 8:00,589,440,149
4/20/2015 9:00,319,215,104
4/20/2015 10:00,136,73,63
4/20/2015 11:00,99,55,44
4/20/2015 12:00,121,70,51
4/20/2015 13:00,140,68,72
4/20/2015 14:00,138,75,63
4/20/2015 15:00,187,83,104
4/20/2015 16:00,326,143,183
4/20/2015 17:00,739,214,525
4/20/2015 18:00,571,221,350
4/20/2015 19:00,280,106,174
4/20/2015 20:00,142,70,72
4/20/2015 21:00,73,35,38
4/20/2015 22:00,43,23,20
4/20/2015 23:00,44,21,23
4/21/2015 0:00,11,4,7
4/21/2015 1:00,3,0,3
4/21/2015 2:00,10,5,5
4/21/2015 3:00,5,3,2
4/21/2015 4:00,7,5,2
4/21/2015 5:00,44,31,13
4/21/2015 6:00,134,90,44
4/21/2015 7:00,388,300,88
4/21/2015 8:00,561,389,172
4/21/2015 9:00,339,207,132
4/21/2015 10:00,116,65,51
4/21/2015 11:00,,,
4/21/2015 12:00,,,
4/21/2015 13:00,54,24,30
4/21/2015 14:00,84,44,40
4/21/2015 15:00,139,63,76
4/21/2015 16:00,309,112,197
4/21/2015 17:00,532,153,379
4/21/2015 18:00,262,78,184
4/21/2015 19:00,137,51,86
4/21/2015 20:00,54,14,40
4/21/2015 21:00,26,12,14
4/21/2015 22:00,14,6,8
4/21/2015 23:00,14,5,9
4/22/2015 0:00,6,2,4
4/22/2015 1:00,4,2,2
4/22/2015 2:00,2,1,1
4/22/2015 3:00,6,2,4
4/22/2015 4:00,6,4,2
4/22/2015 5:00,32,16,16
4/22/2015 6:00,123,77,46
4/22/2015 7:00,296,229,67
4/22/2015 8:00,455,322,133
4/22/2015 9:00,216,132,84
4/22/2015 10:00,80,44,36
4/22/2015 11:00,161,100,61
4/22/2015 12:00,81,42,39
4/22/2015 13:00,73,41,32
4/22/2015 14:00,90,49,41
4/22/2015 15:00,125,63,62
4/22/2015 16:00,245,101,144
4/22/2015 17:00,516,163,353
4/22/2015 18:00,437,165,272
4/22/2015 19:00,168,69,99
4/22/2015 20:00,109,49,60
4/22/2015 21:00,63,29,34
4/22/2015 22:00,31,13,18
4/22/2015 23:00,26,9,17
4/23/2015 0:00,15,7,8
4/23/2015 1:00,1,1,0
4/23/2015 2:00,4,3,1
4/23/2015 3:00,6,2,4
4/23/2015 4:00,8,7,1
4/23/2015 5:00,26,17,9
4/23/2015 6:00,137,92,45
4/23/2015 7:00,300,224,76
4/23/2015 8:00,379,255,124
4/23/2015 9:00,190,114,76
4/23/2015 10:00,84,46,38
4/23/2015 11:00,38,24,14
4/23/2015 12:00,65,32,33
4/23/2015 13:00,38,22,16
4/23/2015 14:00,52,21,31
4/23/2015 15:00,74,32,42
4/23/2015 16:00,159,60,99
4/23/2015 17:00,360,116,244
4/23/2015 18:00,255,69,186
4/23/2015 19:00,124,41,83
4/23/2015 20:00,62,24,38
4/23/2015 21:00,47,19,28
4/23/2015 22:00,21,13,8
4/23/2015 23:00,13,6,7
4/24/2015 0:00,5,0,5
4/24/2015 1:00,7,3,4
4/24/2015 2:00,0,0,0
4/24/2015 3:00,5,1,4
4/24/2015 4:00,5,3,2
4/24/2015 5:00,23,18,5
4/24/2015 6:00,98,70,28
4/24/2015 7:00,232,181,51
4/24/2015 8:00,349,251,98
4/24/2015 9:00,166,107,59
4/24/2015 10:00,60,33,27
4/24/2015 11:00,50,25,25
4/24/2015 12:00,52,26,26
4/24/2015 13:00,70,42,28
4/24/2015 14:00,80,42,38
4/24/2015 15:00,119,42,77
4/24/2015 16:00,180,65,115
4/24/2015 17:00,339,95,244
4/24/2015 18:00,198,75,123
4/24/2015 19:00,116,36,80
4/24/2015 20:00,53,20,33
4/24/2015 21:00,28,8,20
4/24/2015 22:00,22,9,13
4/24/2015 23:00,19,6,13
4/25/2015 0:00,13,8,5
4/25/2015 1:00,9,4,5
4/25/2015 2:00,7,4,3
4/25/2015 3:00,6,2,4
4/25/2015 4:00,3,3,0
4/25/2015 5:00,10,7,3
4/25/2015 6:00,18,8,10
4/25/2015 7:00,38,19,19
4/25/2015 8:00,66,33,33
4/25/2015 9:00,80,45,35
4/25/2015 10:00,105,59,46
4/25/2015 11:00,113,55,58
4/25/2015 12:00,154,88,66
4/25/2015 13:00,142,78,64
4/25/2015 14:00,159,95,64
4/25/2015 15:00,137,67,70
4/25/2015 16:00,135,76,59
4/25/2015 17:00,147,91,56
4/25/2015 18:00,99,58,41
4/25/2015 19:00,57,21,36
4/25/2015 20:00,41,19,22
4/25/2015 21:00,25,11,14
4/25/2015 22:00,19,10,9
4/25/2015 23:00,33,15,18
4/26/2015 0:00,15,5,10
4/26/2015 1:00,9,6,3
4/26/2015 2:00,3,3,0
4/26/2015 3:00,3,1,2
4/26/2015 4:00,3,1,2
4/26/2015 5:00,2,2,0
4/26/2015 6:00,14,8,6
4/26/2015 7:00,33,18,15
4/26/2015 8:00,57,29,28
4/26/2015 9:00,85,41,44
4/26/2015 10:00,103,61,42
4/26/2015 11:00,136,68,68
4/26/2015 12:00,151,80,71
4/26/2015 13:00,143,83,60
4/26/2015 14:00,130,78,52
4/26/2015 15:00,151,84,67
4/26/2015 16:00,147,87,60
4/26/2015 17:00,163,98,65
4/26/2015 18:00,71,38,33
4/26/2015 19:00,40,17,23
4/26/2015 20:00,30,16,14
4/26/2015 21:00,45,10,35
4/26/2015 22:00,12,6,6
4/26/2015 23:00,20,3,17
4/27/2015 0:00,4,4,0
4/27/2015 1:00,2,0,2
4/27/2015 2:00,3,1,2
4/27/2015 3:00,5,5,0
4/27/2015 4:00,9,7,2
4/27/2015 5:00,44,30,14
4/27/2015 6:00,166,126,40
4/27/2015 7:00,337,274,63
4/27/2015 8:00,487,334,153
4/27/2015 9:00,240,153,87
4/27/2015 10:00,82,48,34
4/27/2015 11:00,78,48,30
4/27/2015 12:00,105,42,63
4/27/2015 13:00,104,51,53
4/27/2015 14:00,112,64,48
4/27/2015 15:00,178,84,94
4/27/2015 16:00,370,140,230
4/27/2015 17:00,726,222,504
4/27/2015 18:00,506,190,316
4/27/2015 19:00,274,139,135
4/27/2015 20:00,165,93,72
4/27/2015 21:00,63,31,32
4/27/2015 22:00,56,29,27
4/27/2015 23:00,24,10,14
4/28/2015 0:00,8,2,6
4/28/2015 1:00,2,1,1
4/28/2015 2:00,4,3,1
4/28/2015 3:00,11,10,1
4/28/2015 4:00,6,3,3
4/28/2015 5:00,43,29,14
4/28/2015 6:00,138,93,45
4/28/2015 7:00,334,255,79
4/28/2015 8:00,456,314,142
4/28/2015 9:00,175,112,63
4/28/2015 10:00,79,46,33
4/28/2015 11:00,67,38,29
4/28/2015 12:00,54,31,23
4/28/2015 13:00,53,19,34
4/28/2015 14:00,49,24,25
4/28/2015 15:00,93,37,56
4/28/2015 16:00,222,73,149
4/28/2015 17:00,388,118,270
4/28/2015 18:00,296,96,200
4/28/2015 19:00,111,36,75
4/28/2015 20:00,72,28,44
4/28/2015 21:00,41,19,22
4/28/2015 22:00,28,13,15
4/28/2015 23:00,15,5,10
4/29/2015 0:00,4,2,2
4/29/2015 1:00,4,4,0
4/29/2015 2:00,3,2,1
4/29/2015 3:00,5,4,1
4/29/2015 4:00,7,5,2
4/29/2015 5:00,39,26,13
4/29/2015 6:00,123,75,48
4/29/2015 7:00,346,259,87
4/29/2015 8:00,444,295,149
4/29/2015 9:00,212,129,83
4/29/2015 10:00,96,57,39
4/29/2015 11:00,68,32,36
4/29/2015 12:00,86,56,30
4/29/2015 13:00,106,57,49
4/29/2015 14:00,82,36,46
4/29/2015 15:00,113,50,63
4/29/2015 16:00,262,91,171
4/29/2015 17:00,591,201,390
4/29/2015 18:00,385,146,239
4/29/2015 19:00,214,74,140
4/29/2015 20:00,119,48,71
4/29/2015 21:00,70,30,40
4/29/2015 22:00,36,18,18
4/29/2015 23:00,22,12,10
4/30/2015 0:00,7,6,1
4/30/2015 1:00,5,4,1
4/30/2015 2:00,2,2,0
4/30/2015 3:00,6,4,2
4/30/2015 4:00,11,5,6
4/30/2015 5:00,39,25,14
4/30/2015 6:00,152,94,58
4/30/2015 7:00,349,263,86
4/30/2015 8:00,475,319,156
4/30/2015 9:00,240,139,101
4/30/2015 10:00,87,53,34
4/30/2015 11:00,91,56,35
4/30/2015 12:00,70,42,28
4/30/2015 13:00,86,45,41
4/30/2015 14:00,96,47,49
4/30/2015 15:00,165,68,97
4/30/2015 16:00,299,123,176
4/30/2015 17:00,610,193,417
4/30/2015 18:00,398,134,264
4/30/2015 19:00,181,77,104
4/30/2015 20:00,110,47,63
4/30/2015 21:00,55,21,34
4/30/2015 22:00,49,21,28
4/30/2015 23:00,25,6,19
5/1/2015 0:00,19,5,14
5/1/2015 1:00,4,1,3
5/1/2015 2:00,7,1,6
5/1/2015 3:00,5,3,2
5/1/2015 4:00,8,8,0
5/1/2015 5:00,44,29,15
5/1/2015 6:00,164,110,54
5/1/2015 7:00,484,390,94
5/1/2015 8:00,563,399,164
5/1/2015 9:00,251,151,100
5/1/2015 10:00,113,67,46
5/1/2015 11:00,96,49,47
5/1/2015 12:00,104,57,47
5/1/2015 13:00,123,57,66
5/1/2015 14:00,158,73,85
5/1/2015 15:00,272,89,183
5/1/2015 16:00,475,149,326
5/1/2015 17:00,629,211,418
5/1/2015 18:00,332,126,206
5/1/2015 19:00,175,80,95
5/1/2015 20:00,85,42,43
5/1/2015 21:00,48,18,30
5/1/2015 22:00,32,19,13
5/1/2015 23:00,33,11,22
5/2/2015 0:00,16,9,7
5/2/2015 1:00,11,4,7
5/2/2015 2:00,4,1,3
5/2/2015 3:00,4,2,2
5/2/2015 4:00,4,2,2
5/2/2015 5:00,11,8,3
5/2/2015 6:00,33,18,15
5/2/2015 7:00,69,40,29
5/2/2015 8:00,97,53,44
5/2/2015 9:00,157,95,62
5/2/2015 10:00,137,78,59
5/2/2015 11:00,152,78,74
5/2/2015 12:00,205,127,78
5/2/2015 13:00,182,103,79
5/2/2015 14:00,185,92,93
5/2/2015 15:00,203,100,103
5/2/2015 16:00,186,98,88
5/2/2015 17:00,178,83,95
5/2/2015 18:00,143,93,50
5/2/2015 19:00,77,41,36
5/2/2015 20:00,68,37,31
5/2/2015 21:00,21,8,13
5/2/2015 22:00,41,27,14
5/2/2015 23:00,31,12,19
5/3/2015 0:00,21,10,11
5/3/2015 1:00,8,2,6
5/3/2015 2:00,5,1,4
5/3/2015 3:00,4,1,3
5/3/2015 4:00,2,2,0
5/3/2015 5:00,9,5,4
5/3/2015 6:00,23,9,14
5/3/2015 7:00,52,32,20
5/3/2015 8:00,66,34,32
5/3/2015 9:00,109,72,37
5/3/2015 10:00,192,108,84
5/3/2015 11:00,174,83,91
5/3/2015 12:00,196,100,96
5/3/2015 13:00,221,138,83
5/3/2015 14:00,215,127,88
5/3/2015 15:00,222,131,91
5/3/2015 16:00,212,114,98
5/3/2015 17:00,180,113,67
5/3/2015 18:00,129,78,51
5/3/2015 19:00,78,42,36
5/3/2015 20:00,50,25,25
5/3/2015 21:00,28,20,8
5/3/2015 22:00,27,10,17
5/3/2015 23:00,12,0,12
5/4/2015 0:00,12,8,4
5/4/2015 1:00,5,3,2
5/4/2015 2:00,3,3,0
5/4/2015 3:00,4,2,2
5/4/2015 4:00,11,8,3
5/4/2015 5:00,51,34,17
5/4/2015 6:00,212,139,73
5/4/2015 7:00,509,403,106
5/4/2015 8:00,657,461,196
5/4/2015 9:00,274,173,101
5/4/2015 10:00,111,73,38
5/4/2015 11:00,80,35,45
5/4/2015 12:00,92,40,52
5/4/2015 13:00,90,58,32
5/4/2015 14:00,117,61,56
5/4/2015 15:00,165,75,90
5/4/2015 16:00,401,138,263
5/4/2015 17:00,779,208,571
5/4/2015 18:00,514,163,351
5/4/2015 19:00,217,86,131
5/4/2015 20:00,93,48,45
5/4/2015 21:00,71,23,48
5/4/2015 22:00,35,16,19
5/4/2015 23:00,17,8,9
5/5/2015 0:00,6,2,4
5/5/2015 1:00,5,4,1
5/5/2015 2:00,2,1,1
5/5/2015 3:00,3,2,1
5/5/2015 4:00,6,4,2
5/5/2015 5:00,36,26,10
5/5/2015 6:00,100,73,27
5/5/2015 7:00,329,245,84
5/5/2015 8:00,454,312,142
5/5/2015 9:00,194,122,72
5/5/2015 10:00,84,54,30
5/5/2015 11:00,50,30,20
5/5/2015 12:00,53,29,24
5/5/2015 13:00,42,20,22
5/5/2015 14:00,48,22,26
5/5/2015 15:00,81,40,41
5/5/2015 16:00,185,56,129
5/5/2015 17:00,458,136,322
5/5/2015 18:00,244,67,177
5/5/2015 19:00,92,25,67
5/5/2015 20:00,60,23,37
5/5/2015 21:00,36,15,21
5/5/2015 22:00,28,13,15
5/5/2015 23:00,9,2,7
5/6/2015 0:00,6,2,4
5/6/2015 1:00,9,6,3
5/6/2015 2:00,1,1,0
5/6/2015 3:00,4,2,2
5/6/2015 4:00,12,8,4
5/6/2015 5:00,41,24,17
5/6/2015 6:00,168,115,53
5/6/2015 7:00,498,396,102
5/6/2015 8:00,592,424,168
5/6/2015 9:00,253,150,103
5/6/2015 10:00,112,66,46
5/6/2015 11:00,72,42,30
5/6/2015 12:00,70,45,25
5/6/2015 13:00,90,52,38
5/6/2015 14:00,99,45,54
5/6/2015 15:00,168,73,95
5/6/2015 16:00,332,134,198
5/6/2015 17:00,684,220,464
5/6/2015 18:00,502,175,327
5/6/2015 19:00,224,76,148
5/6/2015 20:00,146,56,90
5/6/2015 21:00,66,23,43
5/6/2015 22:00,47,26,21
5/6/2015 23:00,35,15,20
5/7/2015 0:00,19,9,10
5/7/2015 1:00,10,5,5
5/7/2015 2:00,1,1,0
5/7/2015 3:00,5,3,2
5/7/2015 4:00,12,10,2
5/7/2015 5:00,47,24,23
5/7/2015 6:00,302,222,80
5/7/2015 7:00,530,404,126
5/7/2015 8:00,615,430,185
5/7/2015 9:00,311,195,116
5/7/2015 10:00,137,90,47
5/7/2015 11:00,98,48,50
5/7/2015 12:00,119,63,56
5/7/2015 13:00,123,73,50
5/7/2015 14:00,121,52,69
5/7/2015 15:00,188,84,104
5/7/2015 16:00,383,144,239
5/7/2015 17:00,808,252,556
5/7/2015 18:00,489,157,332
5/7/2015 19:00,247,109,138
5/7/2015 20:00,162,67,95
5/7/2015 21:00,92,42,50
5/7/2015 22:00,63,28,35
5/7/2015 23:00,34,13,21
5/8/2015 0:00,19,8,11
5/8/2015 1:00,4,1,3
5/8/2015 2:00,4,1,3
5/8/2015 3:00,10,6,4
5/8/2015 4:00,10,6,4
5/8/2015 5:00,48,26,22
5/8/2015 6:00,192,134,58
5/8/2015 7:00,483,366,117
5/8/2015 8:00,601,446,155
5/8/2015 9:00,258,154,104
5/8/2015 10:00,120,70,50
5/8/2015 11:00,104,58,46
5/8/2015 12:00,105,54,51
5/8/2015 13:00,111,56,55
5/8/2015 14:00,169,73,96
5/8/2015 15:00,231,88,143
5/8/2015 16:00,475,152,323
5/8/2015 17:00,698,211,487
5/8/2015 18:00,351,139,212
5/8/2015 19:00,189,76,113
5/8/2015 20:00,119,62,57
5/8/2015 21:00,57,25,32
5/8/2015 22:00,59,27,32
5/8/2015 23:00,35,9,26
5/9/2015 0:00,24,6,18
5/9/2015 1:00,7,3,4
5/9/2015 2:00,8,4,4
5/9/2015 3:00,3,1,2
5/9/2015 4:00,3,2,1
5/9/2015 5:00,11,9,2
5/9/2015 6:00,22,14,8
5/9/2015 7:00,69,33,36
5/9/2015 8:00,105,62,43
5/9/2015 9:00,127,71,56
5/9/2015 10:00,139,80,59
5/9/2015 11:00,196,95,101
5/9/2015 12:00,226,127,99
5/9/2015 13:00,214,126,88
5/9/2015 14:00,199,103,96
5/9/2015 15:00,316,131,185
5/9/2015 16:00,337,160,177
5/9/2015 17:00,240,150,90
5/9/2015 18:00,176,92,84
5/9/2015 19:00,110,63,47
5/9/2015 20:00,84,40,44
5/9/2015 21:00,49,18,31
5/9/2015 22:00,53,29,24
5/9/2015 23:00,35,16,19
5/10/2015 0:00,31,15,16
5/10/2015 1:00,6,1,5
5/10/2015 2:00,3,3,0
5/10/2015 3:00,4,1,3
5/10/2015 4:00,2,1,1
5/10/2015 5:00,6,2,4
5/10/2015 6:00,12,8,4
5/10/2015 7:00,42,18,24
5/10/2015 8:00,75,35,40
5/10/2015 9:00,105,67,38
5/10/2015 10:00,128,80,48
5/10/2015 11:00,194,102,92
5/10/2015 12:00,164,90,74
5/10/2015 13:00,187,109,78
5/10/2015 14:00,184,108,76
5/10/2015 15:00,202,117,85
5/10/2015 16:00,157,91,66
5/10/2015 17:00,162,88,74
5/10/2015 18:00,100,52,48
5/10/2015 19:00,80,49,31
5/10/2015 20:00,37,21,16
5/10/2015 21:00,40,13,27
5/10/2015 22:00,22,6,16
5/10/2015 23:00,15,5,10
5/11/2015 0:00,7,3,4
5/11/2015 1:00,4,2,2
5/11/2015 2:00,3,2,1
5/11/2015 3:00,1,1,0
5/11/2015 4:00,11,9,2
5/11/2015 5:00,43,23,20
5/11/2015 6:00,161,110,51
5/11/2015 7:00,464,359,105
5/11/2015 8:00,565,415,150
5/11/2015 9:00,242,151,91
5/11/2015 10:00,103,62,41
5/11/2015 11:00,72,51,21
5/11/2015 12:00,56,28,28
5/11/2015 13:00,65,40,25
5/11/2015 14:00,94,49,45
5/11/2015 15:00,113,41,72
5/11/2015 16:00,273,91,182
5/11/2015 17:00,650,154,496
5/11/2015 18:00,388,127,261
5/11/2015 19:00,181,58,123
5/11/2015 20:00,79,34,45
5/11/2015 21:00,55,25,30
5/11/2015 22:00,30,11,19
5/11/2015 23:00,16,3,13
5/12/2015 0:00,9,3,6
5/12/2015 1:00,7,1,6
5/12/2015 2:00,1,0,1
5/12/2015 3:00,6,3,3
5/12/2015 4:00,12,5,7
5/12/2015 5:00,48,35,13
5/12/2015 6:00,174,120,54
5/12/2015 7:00,467,341,126
5/12/2015 8:00,475,330,145
5/12/2015 9:00,231,145,86
5/12/2015 10:00,94,59,35
5/12/2015 11:00,75,47,28
5/12/2015 12:00,75,42,33
5/12/2015 13:00,69,39,30
5/12/2015 14:00,78,39,39
5/12/2015 15:00,105,36,69
5/12/2015 16:00,300,91,209
5/12/2015 17:00,593,151,442
5/12/2015 18:00,416,121,295
5/12/2015 19:00,207,81,126
5/12/2015 20:00,101,38,63
5/12/2015 21:00,61,29,32
5/12/2015 22:00,32,13,19
5/12/2015 23:00,17,8,9
5/13/2015 0:00,12,6,6
5/13/2015 1:00,4,2,2
5/13/2015 2:00,3,3,0
5/13/2015 3:00,2,1,1
5/13/2015 4:00,9,6,3
5/13/2015 5:00,35,20,15
5/13/2015 6:00,112,77,35
5/13/2015 7:00,349,258,91
5/13/2015 8:00,411,291,120
5/13/2015 9:00,206,134,72
5/13/2015 10:00,79,52,27
5/13/2015 11:00,64,36,28
5/13/2015 12:00,63,36,27
5/13/2015 13:00,32,19,13
5/13/2015 14:00,50,24,26
5/13/2015 15:00,62,27,35
5/13/2015 16:00,216,80,136
5/13/2015 17:00,407,116,291
5/13/2015 18:00,303,95,208
5/13/2015 19:00,136,38,98
5/13/2015 20:00,71,24,47
5/13/2015 21:00,35,10,25
5/13/2015 22:00,33,8,25
5/13/2015 23:00,13,3,10
5/14/2015 0:00,6,3,3
5/14/2015 1:00,2,2,0
5/14/2015 2:00,2,1,1
5/14/2015 3:00,5,2,3
5/14/2015 4:00,14,9,5
5/14/2015 5:00,32,20,12
5/14/2015 6:00,175,120,55
5/14/2015 7:00,396,306,90
5/14/2015 8:00,475,321,154
5/14/2015 9:00,255,151,104
5/14/2015 10:00,87,53,34
5/14/2015 11:00,57,31,26
5/14/2015 12:00,67,33,34
5/14/2015 13:00,73,35,38
5/14/2015 14:00,97,55,42
5/14/2015 15:00,127,61,66
5/14/2015 16:00,352,138,214
5/14/2015 17:00,609,181,428
5/14/2015 18:00,451,168,283
5/14/2015 19:00,208,89,119
5/14/2015 20:00,126,61,65
5/14/2015 21:00,91,47,44
5/14/2015 22:00,70,33,37
5/14/2015 23:00,34,13,21
5/15/2015 0:00,16,9,7
5/15/2015 1:00,8,3,5
5/15/2015 2:00,1,1,0
5/15/2015 3:00,7,4,3
5/15/2015 4:00,14,11,3
5/15/2015 5:00,59,36,23
5/15/2015 6:00,278,192,86
5/15/2015 7:00,680,556,124
5/15/2015 8:00,767,584,183
5/15/2015 9:00,318,243,75
5/15/2015 10:00,118,97,21
5/15/2015 11:00,79,8,71
5/15/2015 12:00,116,65,51
5/15/2015 13:00,115,63,52
5/15/2015 14:00,165,97,68
5/15/2015 15:00,236,91,145
5/15/2015 16:00,474,179,295
5/15/2015 17:00,695,215,480
5/15/2015 18:00,451,150,301
5/15/2015 19:00,190,91,99
5/15/2015 20:00,98,45,53
5/15/2015 21:00,75,29,46
5/15/2015 22:00,54,27,27
5/15/2015 23:00,39,19,20
5/16/2015 0:00,19,8,11
5/16/2015 1:00,12,10,2
5/16/2015 2:00,3,2,1
5/16/2015 3:00,4,1,3
5/16/2015 4:00,3,3,0
5/16/2015 5:00,20,15,5
5/16/2015 6:00,30,19,11
5/16/2015 7:00,78,49,29
5/16/2015 8:00,97,54,43
5/16/2015 9:00,91,44,47
5/16/2015 10:00,94,54,40
5/16/2015 11:00,174,98,76
5/16/2015 12:00,119,80,39
5/16/2015 13:00,117,55,62
5/16/2015 14:00,132,57,75
5/16/2015 15:00,134,77,57
5/16/2015 16:00,116,62,54
5/16/2015 17:00,128,64,64
5/16/2015 18:00,96,48,48
5/16/2015 19:00,64,31,33
5/16/2015 20:00,34,16,18
5/16/2015 21:00,38,20,18
5/16/2015 22:00,26,9,17
5/16/2015 23:00,26,12,14
5/17/2015 0:00,13,3,10
5/17/2015 1:00,8,3,5
5/17/2015 2:00,5,1,4
5/17/2015 3:00,8,6,2
5/17/2015 4:00,1,0,1
5/17/2015 5:00,8,5,3
5/17/2015 6:00,17,11,6
5/17/2015 7:00,28,15,13
5/17/2015 8:00,72,43,29
5/17/2015 9:00,103,52,51
5/17/2015 10:00,142,87,55
5/17/2015 11:00,130,81,49
5/17/2015 12:00,151,84,67
5/17/2015 13:00,180,107,73
5/17/2015 14:00,187,102,85
5/17/2015 15:00,194,103,91
5/17/2015 16:00,174,98,76
5/17/2015 17:00,177,91,86
5/17/2015 18:00,136,72,64
5/17/2015 19:00,98,58,40
5/17/2015 20:00,92,28,64
5/17/2015 21:00,37,22,15
5/17/2015 22:00,28,14,14
5/17/2015 23:00,22,9,13
5/18/2015 0:00,11,5,6
5/18/2015 1:00,5,2,3
5/18/2015 2:00,5,3,2
5/18/2015 3:00,1,1,0
5/18/2015 4:00,10,7,3
5/18/2015 5:00,46,31,15
5/18/2015 6:00,205,134,71
5/18/2015 7:00,506,391,115
5/18/2015 8:00,601,425,176
5/18/2015 9:00,289,173,116
5/18/2015 10:00,126,69,57
5/18/2015 11:00,103,58,45
5/18/2015 12:00,116,64,52
5/18/2015 13:00,130,64,66
5/18/2015 14:00,147,78,69
5/18/2015 15:00,187,91,96
5/18/2015 16:00,413,147,266
5/18/2015 17:00,791,238,553
5/18/2015 18:00,582,188,394
5/18/2015 19:00,254,104,150
5/18/2015 20:00,158,81,77
5/18/2015 21:00,87,39,48
5/18/2015 22:00,52,7,45
5/18/2015 23:00,20,10,10
5/19/2015 0:00,11,3,8
5/19/2015 1:00,8,4,4
5/19/2015 2:00,6,2,4
5/19/2015 3:00,5,3,2
5/19/2015 4:00,11,8,3
5/19/2015 5:00,55,34,21
5/19/2015 6:00,232,153,79
5/19/2015 7:00,536,405,131
5/19/2015 8:00,624,413,211
5/19/2015 9:00,286,167,119
5/19/2015 10:00,136,81,55
5/19/2015 11:00,88,52,36
5/19/2015 12:00,100,53,47
5/19/2015 13:00,107,49,58
5/19/2015 14:00,115,56,59
5/19/2015 15:00,181,68,113
5/19/2015 16:00,425,167,258
5/19/2015 17:00,800,239,561
5/19/2015 18:00,537,194,343
5/19/2015 19:00,258,107,151
5/19/2015 20:00,165,89,76
5/19/2015 21:00,91,43,48
5/19/2015 22:00,66,27,39
5/19/2015 23:00,29,11,18
5/20/2015 0:00,14,8,6
5/20/2015 1:00,8,2,6
5/20/2015 2:00,0,0,0
5/20/2015 3:00,9,7,2
5/20/2015 4:00,12,7,5
5/20/2015 5:00,44,27,17
5/20/2015 6:00,214,144,70
5/20/2015 7:00,503,368,135
5/20/2015 8:00,605,419,186
5/20/2015 9:00,239,135,104
5/20/2015 10:00,124,77,47
5/20/2015 11:00,91,64,27
5/20/2015 12:00,99,51,48
5/20/2015 13:00,97,55,42
5/20/2015 14:00,110,58,52
5/20/2015 15:00,171,76,95
5/20/2015 16:00,351,123,228
5/20/2015 17:00,772,226,546
5/20/2015 18:00,524,199,325
5/20/2015 19:00,264,107,157
5/20/2015 20:00,148,79,69
5/20/2015 21:00,86,32,54
5/20/2015 22:00,61,23,38
5/20/2015 23:00,34,6,28
5/21/2015 0:00,23,18,5
5/21/2015 1:00,5,4,1
5/21/2015 2:00,9,4,5
5/21/2015 3:00,4,2,2
5/21/2015 4:00,14,6,8
5/21/2015 5:00,55,31,24
5/21/2015 6:00,190,131,59
5/21/2015 7:00,486,351,135
5/21/2015 8:00,639,433,206
5/21/2015 9:00,309,203,106
5/21/2015 10:00,118,68,50
5/21/2015 11:00,109,67,42
5/21/2015 12:00,114,70,44
5/21/2015 13:00,120,59,61
5/21/2015 14:00,145,77,68
5/21/2015 15:00,167,69,98
5/21/2015 16:00,409,131,278
5/21/2015 17:00,717,210,507
5/21/2015 18:00,497,186,311
5/21/2015 19:00,271,127,144
5/21/2015 20:00,170,72,98
5/21/2015 21:00,87,44,43
5/21/2015 22:00,57,32,25
5/21/2015 23:00,53,20,33
5/22/2015 0:00,19,6,13
5/22/2015 1:00,8,4,4
5/22/2015 2:00,4,1,3
5/22/2015 3:00,6,3,3
5/22/2015 4:00,9,7,2
5/22/2015 5:00,40,23,17
5/22/2015 6:00,144,99,45
5/22/2015 7:00,367,276,91
5/22/2015 8:00,494,350,144
5/22/2015 9:00,228,145,83
5/22/2015 10:00,115,68,47
5/22/2015 11:00,98,57,41
5/22/2015 12:00,105,49,56
5/22/2015 13:00,121,65,56
5/22/2015 14:00,160,56,104
5/22/2015 15:00,229,74,155
5/22/2015 16:00,366,135,231
5/22/2015 17:00,521,173,348
5/22/2015 18:00,262,90,172
5/22/2015 19:00,157,80,77
5/22/2015 20:00,90,30,60
5/22/2015 21:00,57,20,37
5/22/2015 22:00,47,18,29
5/22/2015 23:00,21,6,15
5/23/2015 0:00,15,6,9
5/23/2015 1:00,9,0,9
5/23/2015 2:00,3,3,0
5/23/2015 3:00,4,2,2
5/23/2015 4:00,3,2,1
5/23/2015 5:00,10,5,5
5/23/2015 6:00,20,9,11
5/23/2015 7:00,33,13,20
5/23/2015 8:00,69,35,34
5/23/2015 9:00,62,39,23
5/23/2015 10:00,107,63,44
5/23/2015 11:00,121,72,49
5/23/2015 12:00,139,87,52
5/23/2015 13:00,122,61,61
5/23/2015 14:00,147,88,59
5/23/2015 15:00,101,57,44
5/23/2015 16:00,122,60,62
5/23/2015 17:00,142,71,71
5/23/2015 18:00,100,57,43
5/23/2015 19:00,62,26,36
5/23/2015 20:00,57,17,40
5/23/2015 21:00,60,12,48
5/23/2015 22:00,47,12,35
5/23/2015 23:00,25,7,18
5/24/2015 0:00,13,1,12
5/24/2015 1:00,7,3,4
5/24/2015 2:00,9,5,4
5/24/2015 3:00,3,2,1
5/24/2015 4:00,3,1,2
5/24/2015 5:00,3,1,2
5/24/2015 6:00,17,6,11
5/24/2015 7:00,17,10,7
5/24/2015 8:00,64,40,24
5/24/2015 9:00,79,41,38
5/24/2015 10:00,123,65,58
5/24/2015 11:00,137,69,68
5/24/2015 12:00,145,86,59
5/24/2015 13:00,132,79,53
5/24/2015 14:00,184,113,71
5/24/2015 15:00,164,85,79
5/24/2015 16:00,168,104,64
5/24/2015 17:00,149,92,57
5/24/2015 18:00,126,59,67
5/24/2015 19:00,77,34,43
5/24/2015 20:00,53,21,32
5/24/2015 21:00,38,14,24
5/24/2015 22:00,47,10,37
5/24/2015 23:00,18,8,10
5/25/2015 0:00,10,5,5
5/25/2015 1:00,6,3,3
5/25/2015 2:00,1,0,1
5/25/2015 3:00,1,1,0
5/25/2015 4:00,2,1,1
5/25/2015 5:00,17,11,6
5/25/2015 6:00,28,17,11
5/25/2015 7:00,30,19,11
5/25/2015 8:00,69,38,31
5/25/2015 9:00,94,55,39
5/25/2015 10:00,112,58,54
5/25/2015 11:00,156,93,63
5/25/2015 12:00,142,73,69
5/25/2015 13:00,142,85,57
5/25/2015 14:00,169,89,80
5/25/2015 15:00,156,102,54
5/25/2015 16:00,166,76,90
5/25/2015 17:00,140,61,79
5/25/2015 18:00,93,52,41
5/25/2015 19:00,63,29,34
5/25/2015 20:00,52,30,22
5/25/2015 21:00,43,14,29
5/25/2015 22:00,29,14,15
5/25/2015 23:00,16,4,12
5/26/2015 0:00,5,2,3
5/26/2015 1:00,5,2,3
5/26/2015 2:00,2,0,2
5/26/2015 3:00,7,5,2
5/26/2015 4:00,7,4,3
5/26/2015 5:00,47,22,25
5/26/2015 6:00,189,131,58
5/26/2015 7:00,465,343,122
5/26/2015 8:00,574,397,177
5/26/2015 9:00,270,156,114
5/26/2015 10:00,101,59,42
5/26/2015 11:00,76,48,28
5/26/2015 12:00,79,47,32
5/26/2015 13:00,87,45,42
5/26/2015 14:00,132,74,58
5/26/2015 15:00,176,79,97
5/26/2015 16:00,337,136,201
5/26/2015 17:00,715,199,516
5/26/2015 18:00,479,158,321
5/26/2015 19:00,223,79,144
5/26/2015 20:00,127,42,85
5/26/2015 21:00,83,33,50
5/26/2015 22:00,41,21,20
5/26/2015 23:00,27,8,19
5/27/2015 0:00,8,3,5
5/27/2015 1:00,7,3,4
5/27/2015 2:00,2,2,0
5/27/2015 3:00,5,5,0
5/27/2015 4:00,10,7,3
5/27/2015 5:00,48,28,20
5/27/2015 6:00,224,155,69
5/27/2015 7:00,509,380,129
5/27/2015 8:00,623,429,194
5/27/2015 9:00,283,182,101
5/27/2015 10:00,116,71,45
5/27/2015 11:00,85,44,41
5/27/2015 12:00,109,52,57
5/27/2015 13:00,130,85,45
5/27/2015 14:00,118,63,55
5/27/2015 15:00,164,63,101
5/27/2015 16:00,425,156,269
5/27/2015 17:00,762,235,527
5/27/2015 18:00,503,195,308
5/27/2015 19:00,264,110,154
5/27/2015 20:00,141,67,74
5/27/2015 21:00,132,48,84
5/27/2015 22:00,57,20,37
5/27/2015 23:00,46,22,24
5/28/2015 0:00,16,5,11
5/28/2015 1:00,7,4,3
5/28/2015 2:00,4,1,3
5/28/2015 3:00,4,3,1
5/28/2015 4:00,11,7,4
5/28/2015 5:00,62,33,29
5/28/2015 6:00,231,162,69
5/28/2015 7:00,559,409,150
5/28/2015 8:00,634,423,211
5/28/2015 9:00,289,182,107
5/28/2015 10:00,132,78,54
5/28/2015 11:00,98,48,50
5/28/2015 12:00,125,64,61
5/28/2015 13:00,123,60,63
5/28/2015 14:00,154,76,78
5/28/2015 15:00,202,94,108
5/28/2015 16:00,438,165,273
5/28/2015 17:00,776,226,550
5/28/2015 18:00,583,221,362
5/28/2015 19:00,302,135,167
5/28/2015 20:00,191,98,93
5/28/2015 21:00,96,50,46
5/28/2015 22:00,65,28,37
5/28/2015 23:00,40,10,30
5/29/2015 0:00,18,6,12
5/29/2015 1:00,5,0,5
5/29/2015 2:00,6,4,2
5/29/2015 3:00,5,2,3
5/29/2015 4:00,14,10,4
5/29/2015 5:00,46,24,22
5/29/2015 6:00,180,136,44
5/29/2015 7:00,482,348,134
5/29/2015 8:00,584,395,189
5/29/2015 9:00,252,161,91
5/29/2015 10:00,133,71,62
5/29/2015 11:00,124,65,59
5/29/2015 12:00,102,48,54
5/29/2015 13:00,111,56,55
5/29/2015 14:00,150,68,82
5/29/2015 15:00,207,89,118
5/29/2015 16:00,434,147,287
5/29/2015 17:00,751,234,517
5/29/2015 18:00,414,165,249
5/29/2015 19:00,236,94,142
5/29/2015 20:00,110,54,56
5/29/2015 21:00,87,50,37
5/29/2015 22:00,52,29,23
5/29/2015 23:00,45,17,28
5/30/2015 0:00,26,8,18
5/30/2015 1:00,18,10,8
5/30/2015 2:00,11,5,6
5/30/2015 3:00,7,2,5
5/30/2015 4:00,9,6,3
5/30/2015 5:00,16,9,7
5/30/2015 6:00,30,15,15
5/30/2015 7:00,50,23,27
5/30/2015 8:00,78,50,28
5/30/2015 9:00,131,86,45
5/30/2015 10:00,137,62,75
5/30/2015 11:00,150,80,70
5/30/2015 12:00,161,95,66
5/30/2015 13:00,208,102,106
5/30/2015 14:00,200,100,100
5/30/2015 15:00,208,117,91
5/30/2015 16:00,181,108,73
5/30/2015 17:00,169,91,78
5/30/2015 18:00,188,111,77
5/30/2015 19:00,115,66,49
5/30/2015 20:00,70,31,39
5/30/2015 21:00,59,22,37
5/30/2015 22:00,37,14,23
5/30/2015 23:00,49,25,24
5/31/2015 0:00,29,12,17
5/31/2015 1:00,20,11,9
5/31/2015 2:00,6,4,2
5/31/2015 3:00,5,0,5
5/31/2015 4:00,4,1,3
5/31/2015 5:00,10,7,3
5/31/2015 6:00,32,16,16
5/31/2015 7:00,47,27,20
5/31/2015 8:00,70,36,34
5/31/2015 9:00,138,64,74
5/31/2015 10:00,165,87,78
5/31/2015 11:00,201,120,81
5/31/2015 12:00,213,114,99
5/31/2015 13:00,174,102,72
5/31/2015 14:00,199,117,82
5/31/2015 15:00,171,90,81
5/31/2015 16:00,211,94,117
5/31/2015 17:00,160,94,66
5/31/2015 18:00,114,53,61
5/31/2015 19:00,107,68,39
5/31/2015 20:00,94,28,66
5/31/2015 21:00,36,18,18
5/31/2015 22:00,23,7,16
5/31/2015 23:00,22,10,12
6/1/2015 0:00,14,7,7
6/1/2015 1:00,6,2,4
6/1/2015 2:00,3,3,0
6/1/2015 3:00,4,2,2
6/1/2015 4:00,11,7,4
6/1/2015 5:00,47,32,15
6/1/2015 6:00,154,106,48
6/1/2015 7:00,376,271,105
6/1/2015 8:00,450,318,132
6/1/2015 9:00,166,106,60
6/1/2015 10:00,44,29,15
6/1/2015 11:00,32,20,12
6/1/2015 12:00,34,16,18
6/1/2015 13:00,38,23,15
6/1/2015 14:00,72,26,46
6/1/2015 15:00,113,41,72
6/1/2015 16:00,232,83,149
6/1/2015 17:00,526,139,387
6/1/2015 18:00,345,155,190
6/1/2015 19:00,135,52,83
6/1/2015 20:00,90,34,56
6/1/2015 21:00,43,21,22
6/1/2015 22:00,38,11,27
6/1/2015 23:00,16,11,5
6/2/2015 0:00,10,3,7
6/2/2015 1:00,2,1,1
6/2/2015 2:00,3,2,1
6/2/2015 3:00,6,2,4
6/2/2015 4:00,8,7,1
6/2/2015 5:00,52,26,26
6/2/2015 6:00,120,83,37
6/2/2015 7:00,325,234,91
6/2/2015 8:00,480,313,167
6/2/2015 9:00,212,133,79
6/2/2015 10:00,79,50,29
6/2/2015 11:00,59,26,33
6/2/2015 12:00,62,35,27
6/2/2015 13:00,57,26,31
6/2/2015 14:00,81,34,47
6/2/2015 15:00,112,47,65
6/2/2015 16:00,237,103,134
6/2/2015 17:00,475,127,348
6/2/2015 18:00,358,113,245
6/2/2015 19:00,156,45,111
6/2/2015 20:00,67,34,33
6/2/2015 21:00,58,24,34
6/2/2015 22:00,38,13,25
6/2/2015 23:00,21,6,15
6/3/2015 0:00,14,4,10
6/3/2015 1:00,4,3,1
6/3/2015 2:00,4,2,2
6/3/2015 3:00,4,2,2
6/3/2015 4:00,4,3,1
6/3/2015 5:00,54,35,19
6/3/2015 6:00,150,98,52
6/3/2015 7:00,360,262,98
6/3/2015 8:00,460,322,138
6/3/2015 9:00,195,111,84
6/3/2015 10:00,83,49,34
6/3/2015 11:00,71,41,30
6/3/2015 12:00,80,45,35
6/3/2015 13:00,53,27,26
6/3/2015 14:00,82,45,37
6/3/2015 15:00,140,55,85
6/3/2015 16:00,313,134,179
6/3/2015 17:00,614,181,433
6/3/2015 18:00,422,170,252
6/3/2015 19:00,243,103,140
6/3/2015 20:00,126,60,66
6/3/2015 21:00,88,36,52
6/3/2015 22:00,58,28,30
6/3/2015 23:00,36,11,25
6/4/2015 0:00,19,12,7
6/4/2015 1:00,6,3,3
6/4/2015 2:00,6,4,2
6/4/2015 3:00,5,4,1
6/4/2015 4:00,7,4,3
6/4/2015 5:00,56,30,26
6/4/2015 6:00,184,141,43
6/4/2015 7:00,471,340,131
6/4/2015 8:00,598,405,193
6/4/2015 9:00,287,179,108
6/4/2015 10:00,121,67,54
6/4/2015 11:00,97,56,41
6/4/2015 12:00,107,63,44
6/4/2015 13:00,105,52,53
6/4/2015 14:00,119,60,59
6/4/2015 15:00,194,76,118
6/4/2015 16:00,360,128,232
6/4/2015 17:00,718,246,472
6/4/2015 18:00,527,174,353
6/4/2015 19:00,258,104,154
6/4/2015 20:00,186,77,109
6/4/2015 21:00,112,52,60
6/4/2015 22:00,70,38,32
6/4/2015 23:00,24,9,15
6/5/2015 0:00,20,8,12
6/5/2015 1:00,17,9,8
6/5/2015 2:00,5,2,3
6/5/2015 3:00,9,6,3
6/5/2015 4:00,8,6,2
6/5/2015 5:00,50,32,18
6/5/2015 6:00,159,106,53
6/5/2015 7:00,432,298,134
6/5/2015 8:00,554,385,169
6/5/2015 9:00,276,169,107
6/5/2015 10:00,138,67,71
6/5/2015 11:00,120,56,64
6/5/2015 12:00,121,55,66
6/5/2015 13:00,143,78,65
6/5/2015 14:00,136,78,58
6/5/2015 15:00,250,99,151
6/5/2015 16:00,429,159,270
6/5/2015 17:00,665,191,474
6/5/2015 18:00,337,118,219
6/5/2015 19:00,192,76,116
6/5/2015 20:00,112,48,64
6/5/2015 21:00,71,31,40
6/5/2015 22:00,47,19,28
6/5/2015 23:00,42,19,23
6/6/2015 0:00,15,7,8
6/6/2015 1:00,9,2,7
6/6/2015 2:00,8,3,5
6/6/2015 3:00,8,5,3
6/6/2015 4:00,5,4,1
6/6/2015 5:00,12,6,6
6/6/2015 6:00,37,12,25
6/6/2015 7:00,71,36,35
6/6/2015 8:00,119,64,55
6/6/2015 9:00,161,91,70
6/6/2015 10:00,176,94,82
6/6/2015 11:00,209,95,114
6/6/2015 12:00,187,80,107
6/6/2015 13:00,228,115,113
6/6/2015 14:00,226,117,109
6/6/2015 15:00,205,117,88
6/6/2015 16:00,169,89,80
6/6/2015 17:00,145,74,71
6/6/2015 18:00,156,77,79
6/6/2015 19:00,95,44,51
6/6/2015 20:00,86,46,40
6/6/2015 21:00,58,32,26
6/6/2015 22:00,47,30,17
6/6/2015 23:00,43,28,15
6/7/2015 0:00,33,15,18
6/7/2015 1:00,17,9,8
6/7/2015 2:00,10,6,4
6/7/2015 3:00,8,6,2
6/7/2015 4:00,6,2,4
6/7/2015 5:00,7,5,2
6/7/2015 6:00,24,12,12
6/7/2015 7:00,63,33,30
6/7/2015 8:00,113,61,52
6/7/2015 9:00,174,95,79
6/7/2015 10:00,153,74,79
6/7/2015 11:00,223,123,100
6/7/2015 12:00,238,145,93
6/7/2015 13:00,185,85,100
6/7/2015 14:00,249,135,114
6/7/2015 15:00,200,110,90
6/7/2015 16:00,195,112,83
6/7/2015 17:00,175,97,78
6/7/2015 18:00,135,68,67
6/7/2015 19:00,80,42,38
6/7/2015 20:00,102,53,49
6/7/2015 21:00,41,20,21
6/7/2015 22:00,36,20,16
6/7/2015 23:00,20,9,11
6/8/2015 0:00,13,3,10
6/8/2015 1:00,3,1,2
6/8/2015 2:00,4,1,3
6/8/2015 3:00,3,3,0
6/8/2015 4:00,10,7,3
6/8/2015 5:00,55,31,24
6/8/2015 6:00,181,127,54
6/8/2015 7:00,457,332,125
6/8/2015 8:00,601,406,195
6/8/2015 9:00,303,188,115
6/8/2015 10:00,110,57,53
6/8/2015 11:00,107,65,42
6/8/2015 12:00,93,46,47
6/8/2015 13:00,104,55,49
6/8/2015 14:00,116,50,66
6/8/2015 15:00,172,70,102
6/8/2015 16:00,357,138,219
6/8/2015 17:00,712,188,524
6/8/2015 18:00,484,175,309
6/8/2015 19:00,255,101,154
6/8/2015 20:00,145,54,91
6/8/2015 21:00,107,58,49
6/8/2015 22:00,57,28,29
6/8/2015 23:00,26,11,15
6/9/2015 0:00,6,1,5
6/9/2015 1:00,14,5,9
6/9/2015 2:00,5,1,4
6/9/2015 3:00,5,5,0
6/9/2015 4:00,15,7,8
6/9/2015 5:00,60,35,25
6/9/2015 6:00,202,144,58
6/9/2015 7:00,515,385,130
6/9/2015 8:00,674,449,225
6/9/2015 9:00,287,171,116
6/9/2015 10:00,111,64,47
6/9/2015 11:00,100,54,46
6/9/2015 12:00,116,65,51
6/9/2015 13:00,109,57,52
6/9/2015 14:00,118,55,63
6/9/2015 15:00,207,97,110
6/9/2015 16:00,417,142,275
6/9/2015 17:00,786,251,535
6/9/2015 18:00,549,172,377
6/9/2015 19:00,279,119,160
6/9/2015 20:00,191,85,106
6/9/2015 21:00,98,44,54
6/9/2015 22:00,45,22,23
6/9/2015 23:00,26,9,17
6/10/2015 0:00,17,7,10
6/10/2015 1:00,5,2,3
6/10/2015 2:00,10,6,4
6/10/2015 3:00,3,1,2
6/10/2015 4:00,13,5,8
6/10/2015 5:00,66,42,24
6/10/2015 6:00,196,138,58
6/10/2015 7:00,517,367,150
6/10/2015 8:00,644,439,205
6/10/2015 9:00,284,164,120
6/10/2015 10:00,146,81,65
6/10/2015 11:00,110,49,61
6/10/2015 12:00,112,54,58
6/10/2015 13:00,115,72,43
6/10/2015 14:00,117,63,54
6/10/2015 15:00,162,70,92
6/10/2015 16:00,392,149,243
6/10/2015 17:00,793,232,561
6/10/2015 18:00,542,210,332
6/10/2015 19:00,310,137,173
6/10/2015 20:00,174,82,92
6/10/2015 21:00,136,59,77
6/10/2015 22:00,63,33,30
6/10/2015 23:00,50,15,35
6/11/2015 0:00,21,4,17
6/11/2015 1:00,9,2,7
6/11/2015 2:00,5,4,1
6/11/2015 3:00,8,5,3
6/11/2015 4:00,8,4,4
6/11/2015 5:00,62,41,21
6/11/2015 6:00,195,132,63
6/11/2015 7:00,475,330,145
6/11/2015 8:00,583,389,194
6/11/2015 9:00,315,196,119
6/11/2015 10:00,144,90,54
6/11/2015 11:00,102,56,46
6/11/2015 12:00,110,51,59
6/11/2015 13:00,115,58,57
6/11/2015 14:00,116,62,54
6/11/2015 15:00,208,90,118
6/11/2015 16:00,352,115,237
6/11/2015 17:00,664,184,480
6/11/2015 18:00,554,211,343
6/11/2015 19:00,280,115,165
6/11/2015 20:00,179,81,98
6/11/2015 21:00,119,58,61
6/11/2015 22:00,66,33,33
6/11/2015 23:00,29,7,22
6/12/2015 0:00,22,11,11
6/12/2015 1:00,6,1,5
6/12/2015 2:00,4,2,2
6/12/2015 3:00,7,2,5
6/12/2015 4:00,6,2,4
6/12/2015 5:00,44,25,19
6/12/2015 6:00,137,96,41
6/12/2015 7:00,359,262,97
6/12/2015 8:00,455,326,129
6/12/2015 9:00,267,169,98
6/12/2015 10:00,143,73,70
6/12/2015 11:00,73,42,31
6/12/2015 12:00,97,49,48
6/12/2015 13:00,114,56,58
6/12/2015 14:00,126,64,62
6/12/2015 15:00,172,75,97
6/12/2015 16:00,357,139,218
6/12/2015 17:00,565,177,388
6/12/2015 18:00,306,121,185
6/12/2015 19:00,215,96,119
6/12/2015 20:00,112,49,63
6/12/2015 21:00,75,38,37
6/12/2015 22:00,56,25,31
6/12/2015 23:00,51,21,30
6/13/2015 0:00,27,13,14
6/13/2015 1:00,11,6,5
6/13/2015 2:00,5,4,1
6/13/2015 3:00,8,2,6
6/13/2015 4:00,3,2,1
6/13/2015 5:00,16,8,8
6/13/2015 6:00,62,29,33
6/13/2015 7:00,75,45,30
6/13/2015 8:00,135,80,55
6/13/2015 9:00,169,96,73
6/13/2015 10:00,182,99,83
6/13/2015 11:00,199,99,100
6/13/2015 12:00,185,89,96
6/13/2015 13:00,208,115,93
6/13/2015 14:00,227,119,108
6/13/2015 15:00,205,112,93
6/13/2015 16:00,226,109,117
6/13/2015 17:00,219,134,85
6/13/2015 18:00,150,86,64
6/13/2015 19:00,115,49,66
6/13/2015 20:00,89,46,43
6/13/2015 21:00,82,35,47
6/13/2015 22:00,53,27,26
6/13/2015 23:00,37,20,17
6/14/2015 0:00,32,14,18
6/14/2015 1:00,19,12,7
6/14/2015 2:00,15,10,5
6/14/2015 3:00,3,0,3
6/14/2015 4:00,3,1,2
6/14/2015 5:00,14,8,6
6/14/2015 6:00,24,9,15
6/14/2015 7:00,50,30,20
6/14/2015 8:00,127,94,33
6/14/2015 9:00,150,84,66
6/14/2015 10:00,195,118,77
6/14/2015 11:00,196,122,74
6/14/2015 12:00,206,113,93
6/14/2015 13:00,223,119,104
6/14/2015 14:00,233,129,104
6/14/2015 15:00,229,125,104
6/14/2015 16:00,227,123,104
6/14/2015 17:00,195,105,90
6/14/2015 18:00,111,57,54
6/14/2015 19:00,90,44,46
6/14/2015 20:00,71,32,39
6/14/2015 21:00,80,55,25
6/14/2015 22:00,44,18,26
6/14/2015 23:00,19,8,11
6/15/2015 0:00,11,3,8
6/15/2015 1:00,5,2,3
6/15/2015 2:00,5,0,5
6/15/2015 3:00,8,6,2
6/15/2015 4:00,6,5,1
6/15/2015 5:00,43,26,17
6/15/2015 6:00,181,126,55
6/15/2015 7:00,463,335,128
6/15/2015 8:00,628,434,194
6/15/2015 9:00,252,149,103
6/15/2015 10:00,133,77,56
6/15/2015 11:00,94,57,37
6/15/2015 12:00,110,61,49
6/15/2015 13:00,130,65,65
6/15/2015 14:00,131,59,72
6/15/2015 15:00,160,69,91
6/15/2015 16:00,391,153,238
6/15/2015 17:00,783,231,552
6/15/2015 18:00,481,161,320
6/15/2015 19:00,247,113,134
6/15/2015 20:00,154,58,96
6/15/2015 21:00,97,45,52
6/15/2015 22:00,45,18,27
6/15/2015 23:00,23,13,10
6/16/2015 0:00,17,6,11
6/16/2015 1:00,3,2,1
6/16/2015 2:00,6,1,5
6/16/2015 3:00,6,3,3
6/16/2015 4:00,5,3,2
6/16/2015 5:00,57,35,22
6/16/2015 6:00,197,133,64
6/16/2015 7:00,515,380,135
6/16/2015 8:00,586,392,194
6/16/2015 9:00,270,149,121
6/16/2015 10:00,106,58,48
6/16/2015 11:00,104,64,40
6/16/2015 12:00,93,40,53
6/16/2015 13:00,100,46,54
6/16/2015 14:00,107,48,59
6/16/2015 15:00,189,76,113
6/16/2015 16:00,382,124,258
6/16/2015 17:00,741,215,526
6/16/2015 18:00,501,165,336
6/16/2015 19:00,256,111,145
6/16/2015 20:00,156,59,97
6/16/2015 21:00,82,34,48
6/16/2015 22:00,45,15,30
6/16/2015 23:00,27,11,16
6/17/2015 0:00,13,7,6
6/17/2015 1:00,9,4,5
6/17/2015 2:00,4,2,2
6/17/2015 3:00,6,3,3
6/17/2015 4:00,6,4,2
6/17/2015 5:00,54,29,25
6/17/2015 6:00,193,126,67
6/17/2015 7:00,485,341,144
6/17/2015 8:00,597,399,198
6/17/2015 9:00,265,168,97
6/17/2015 10:00,137,74,63
6/17/2015 11:00,88,47,41
6/17/2015 12:00,119,74,45
6/17/2015 13:00,113,57,56
6/17/2015 14:00,112,56,56
6/17/2015 15:00,179,79,100
6/17/2015 16:00,368,139,229
6/17/2015 17:00,739,210,529
6/17/2015 18:00,567,189,378
6/17/2015 19:00,254,98,156
6/17/2015 20:00,197,89,108
6/17/2015 21:00,89,44,45
6/17/2015 22:00,75,35,40
6/17/2015 23:00,42,21,21
6/18/2015 0:00,21,9,12
6/18/2015 1:00,2,0,2
6/18/2015 2:00,6,2,4
6/18/2015 3:00,10,4,6
6/18/2015 4:00,14,6,8
6/18/2015 5:00,57,36,21
6/18/2015 6:00,177,122,55
6/18/2015 7:00,469,341,128
6/18/2015 8:00,548,354,194
6/18/2015 9:00,290,188,102
6/18/2015 10:00,118,61,57
6/18/2015 11:00,100,51,49
6/18/2015 12:00,92,48,44
6/18/2015 13:00,109,55,54
6/18/2015 14:00,110,59,51
6/18/2015 15:00,166,70,96
6/18/2015 16:00,342,127,215
6/18/2015 17:00,699,226,473
6/18/2015 18:00,477,173,304
6/18/2015 19:00,224,89,135
6/18/2015 20:00,105,61,44
6/18/2015 21:00,81,40,41
6/18/2015 22:00,43,17,26
6/18/2015 23:00,24,9,15
6/19/2015 0:00,26,8,18
6/19/2015 1:00,9,7,2
6/19/2015 2:00,3,2,1
6/19/2015 3:00,2,1,1
6/19/2015 4:00,10,6,4
6/19/2015 5:00,32,19,13
6/19/2015 6:00,121,85,36
6/19/2015 7:00,303,221,82
6/19/2015 8:00,391,277,114
6/19/2015 9:00,225,127,98
6/19/2015 10:00,125,66,59
6/19/2015 11:00,70,37,33
6/19/2015 12:00,104,55,49
6/19/2015 13:00,100,55,45
6/19/2015 14:00,142,62,80
6/19/2015 15:00,171,83,88
6/19/2015 16:00,332,119,213
6/19/2015 17:00,478,136,342
6/19/2015 18:00,320,104,216
6/19/2015 19:00,164,65,99
6/19/2015 20:00,116,50,66
6/19/2015 21:00,69,38,31
6/19/2015 22:00,56,32,24
6/19/2015 23:00,48,28,20
6/20/2015 0:00,34,17,17
6/20/2015 1:00,12,4,8
6/20/2015 2:00,5,3,2
6/20/2015 3:00,11,4,7
6/20/2015 4:00,6,3,3
6/20/2015 5:00,12,6,6
6/20/2015 6:00,42,21,21
6/20/2015 7:00,80,51,29
6/20/2015 8:00,118,57,61
6/20/2015 9:00,128,74,54
6/20/2015 10:00,191,95,96
6/20/2015 11:00,224,96,128
6/20/2015 12:00,260,117,143
6/20/2015 13:00,241,92,149
6/20/2015 14:00,49,28,21
6/20/2015 15:00,41,21,20
6/20/2015 16:00,48,20,28
6/20/2015 17:00,126,53,73
6/20/2015 18:00,162,80,82
6/20/2015 19:00,152,88,64
6/20/2015 20:00,135,80,55
6/20/2015 21:00,103,67,36
6/20/2015 22:00,70,43,27
6/20/2015 23:00,73,45,28
6/21/2015 0:00,38,25,13
6/21/2015 1:00,21,13,8
6/21/2015 2:00,9,6,3
6/21/2015 3:00,8,8,0
6/21/2015 4:00,6,4,2
6/21/2015 5:00,5,2,3
6/21/2015 6:00,26,15,11
6/21/2015 7:00,40,24,16
6/21/2015 8:00,100,57,43
6/21/2015 9:00,100,50,50
6/21/2015 10:00,115,56,59
6/21/2015 11:00,158,101,57
6/21/2015 12:00,164,86,78
6/21/2015 13:00,181,91,90
6/21/2015 14:00,220,109,111
6/21/2015 15:00,183,85,98
6/21/2015 16:00,193,100,93
6/21/2015 17:00,132,64,68
6/21/2015 18:00,159,91,68
6/21/2015 19:00,113,67,46
6/21/2015 20:00,87,47,40
6/21/2015 21:00,46,27,19
6/21/2015 22:00,46,30,16
6/21/2015 23:00,20,11,9
6/22/2015 0:00,12,4,8
6/22/2015 1:00,8,2,6
6/22/2015 2:00,4,2,2
6/22/2015 3:00,4,3,1
6/22/2015 4:00,7,5,2
6/22/2015 5:00,48,29,19
6/22/2015 6:00,160,107,53
6/22/2015 7:00,418,312,106
6/22/2015 8:00,593,392,201
6/22/2015 9:00,300,177,123
6/22/2015 10:00,140,91,49
6/22/2015 11:00,99,63,36
6/22/2015 12:00,106,53,53
6/22/2015 13:00,107,62,45
6/22/2015 14:00,118,54,64
6/22/2015 15:00,168,79,89
6/22/2015 16:00,386,142,244
6/22/2015 17:00,724,205,519
6/22/2015 18:00,486,202,284
6/22/2015 19:00,245,103,142
6/22/2015 20:00,150,62,88
6/22/2015 21:00,97,53,44
6/22/2015 22:00,47,18,29
6/22/2015 23:00,29,14,15
6/23/2015 0:00,15,7,8
6/23/2015 1:00,10,7,3
6/23/2015 2:00,4,1,3
6/23/2015 3:00,7,2,5
6/23/2015 4:00,15,6,9
6/23/2015 5:00,60,40,20
6/23/2015 6:00,205,139,66
6/23/2015 7:00,516,383,133
6/23/2015 8:00,620,401,219
6/23/2015 9:00,301,192,109
6/23/2015 10:00,144,78,66
6/23/2015 11:00,108,61,47
6/23/2015 12:00,116,59,57
6/23/2015 13:00,120,69,51
6/23/2015 14:00,122,62,60
6/23/2015 15:00,203,91,112
6/23/2015 16:00,407,161,246
6/23/2015 17:00,793,244,549
6/23/2015 18:00,551,211,340
6/23/2015 19:00,278,119,159
6/23/2015 20:00,203,80,123
6/23/2015 21:00,105,43,62
6/23/2015 22:00,65,29,36
6/23/2015 23:00,30,16,14
6/24/2015 0:00,22,10,12
6/24/2015 1:00,10,6,4
6/24/2015 2:00,3,2,1
6/24/2015 3:00,2,1,1
6/24/2015 4:00,12,6,6
6/24/2015 5:00,56,33,23
6/24/2015 6:00,194,143,51
6/24/2015 7:00,496,345,151
6/24/2015 8:00,646,445,201
6/24/2015 9:00,313,193,120
6/24/2015 10:00,130,78,52
6/24/2015 11:00,92,46,46
6/24/2015 12:00,110,72,38
6/24/2015 13:00,105,59,46
6/24/2015 14:00,109,52,57
6/24/2015 15:00,143,67,76
6/24/2015 16:00,373,119,254
6/24/2015 17:00,755,241,514
6/24/2015 18:00,535,182,353
6/24/2015 19:00,260,112,148
6/24/2015 20:00,150,84,66
6/24/2015 21:00,110,53,57
6/24/2015 22:00,72,29,43
6/24/2015 23:00,27,15,12
6/25/2015 0:00,18,6,12
6/25/2015 1:00,9,3,6
6/25/2015 2:00,1,1,0
6/25/2015 3:00,9,4,5
6/25/2015 4:00,6,4,2
6/25/2015 5:00,65,43,22
6/25/2015 6:00,180,121,59
6/25/2015 7:00,474,354,120
6/25/2015 8:00,602,408,194
6/25/2015 9:00,256,148,108
6/25/2015 10:00,135,77,58
6/25/2015 11:00,131,84,47
6/25/2015 12:00,103,47,56
6/25/2015 13:00,110,63,47
6/25/2015 14:00,120,53,67
6/25/2015 15:00,181,89,92
6/25/2015 16:00,389,147,242
6/25/2015 17:00,728,212,516
6/25/2015 18:00,512,175,337
6/25/2015 19:00,276,109,167
6/25/2015 20:00,162,74,88
6/25/2015 21:00,111,54,57
6/25/2015 22:00,74,44,30
6/25/2015 23:00,57,26,31
6/26/2015 0:00,18,8,10
6/26/2015 1:00,12,6,6
6/26/2015 2:00,5,2,3
6/26/2015 3:00,6,3,3
6/26/2015 4:00,5,3,2
6/26/2015 5:00,36,19,17
6/26/2015 6:00,160,113,47
6/26/2015 7:00,407,303,104
6/26/2015 8:00,495,327,168
6/26/2015 9:00,255,154,101
6/26/2015 10:00,124,74,50
6/26/2015 11:00,102,58,44
6/26/2015 12:00,98,52,46
6/26/2015 13:00,107,57,50
6/26/2015 14:00,132,62,70
6/26/2015 15:00,228,97,131
6/26/2015 16:00,342,121,221
6/26/2015 17:00,541,149,392
6/26/2015 18:00,340,116,224
6/26/2015 19:00,177,83,94
6/26/2015 20:00,95,39,56
6/26/2015 21:00,84,45,39
6/26/2015 22:00,52,17,35
6/26/2015 23:00,48,21,27
6/27/2015 0:00,34,17,17
6/27/2015 1:00,25,13,12
6/27/2015 2:00,10,5,5
6/27/2015 3:00,5,3,2
6/27/2015 4:00,6,0,6
6/27/2015 5:00,15,7,8
6/27/2015 6:00,55,23,32
6/27/2015 7:00,88,47,41
6/27/2015 8:00,134,92,42
6/27/2015 9:00,172,98,74
6/27/2015 10:00,168,78,90
6/27/2015 11:00,158,86,72
6/27/2015 12:00,181,92,89
6/27/2015 13:00,160,94,66
6/27/2015 14:00,133,73,60
6/27/2015 15:00,150,73,77
6/27/2015 16:00,136,64,72
6/27/2015 17:00,121,52,69
6/27/2015 18:00,127,61,66
6/27/2015 19:00,88,45,43
6/27/2015 20:00,81,45,36
6/27/2015 21:00,62,46,16
6/27/2015 22:00,59,27,32
6/27/2015 23:00,42,22,20
6/28/2015 0:00,20,9,11
6/28/2015 1:00,13,7,6
6/28/2015 2:00,6,3,3
6/28/2015 3:00,7,3,4
6/28/2015 4:00,5,2,3
6/28/2015 5:00,9,6,3
6/28/2015 6:00,37,18,19
6/28/2015 7:00,68,34,34
6/28/2015 8:00,86,45,41
6/28/2015 9:00,128,63,65
6/28/2015 10:00,182,125,57
6/28/2015 11:00,175,110,65
6/28/2015 12:00,138,85,53
6/28/2015 13:00,148,83,65
6/28/2015 14:00,182,72,110
6/28/2015 15:00,167,76,91
6/28/2015 16:00,187,80,107
6/28/2015 17:00,150,70,80
6/28/2015 18:00,105,52,53
6/28/2015 19:00,93,62,31
6/28/2015 20:00,92,41,51
6/28/2015 21:00,50,23,27
6/28/2015 22:00,26,16,10
6/28/2015 23:00,27,5,22
6/29/2015 0:00,18,9,9
6/29/2015 1:00,8,2,6
6/29/2015 2:00,2,1,1
6/29/2015 3:00,2,1,1
6/29/2015 4:00,8,7,1
6/29/2015 5:00,49,34,15
6/29/2015 6:00,174,121,53
6/29/2015 7:00,422,297,125
6/29/2015 8:00,572,386,186
6/29/2015 9:00,250,157,93
6/29/2015 10:00,92,64,28
6/29/2015 11:00,105,58,47
6/29/2015 12:00,85,55,30
6/29/2015 13:00,92,47,45
6/29/2015 14:00,88,50,38
6/29/2015 15:00,144,68,76
6/29/2015 16:00,347,130,217
6/29/2015 17:00,671,192,479
6/29/2015 18:00,445,164,281
6/29/2015 19:00,265,130,135
6/29/2015 20:00,153,72,81
6/29/2015 21:00,109,64,45
6/29/2015 22:00,52,24,28
6/29/2015 23:00,28,15,13
6/30/2015 0:00,17,8,9
6/30/2015 1:00,10,6,4
6/30/2015 2:00,6,1,5
6/30/2015 3:00,9,3,6
6/30/2015 4:00,5,4,1
6/30/2015 5:00,50,36,14
6/30/2015 6:00,216,147,69
6/30/2015 7:00,460,334,126
6/30/2015 8:00,563,390,173
6/30/2015 9:00,315,200,115
6/30/2015 10:00,130,75,55
6/30/2015 11:00,110,55,55
6/30/2015 12:00,123,65,58
6/30/2015 13:00,90,50,40
6/30/2015 14:00,117,64,53
6/30/2015 15:00,182,73,109
6/30/2015 16:00,388,151,237
6/30/2015 17:00,650,181,469
6/30/2015 18:00,563,184,379
6/30/2015 19:00,282,114,168
6/30/2015 20:00,162,67,95
6/30/2015 21:00,104,42,62
6/30/2015 22:00,69,31,38
6/30/2015 23:00,34,18,16
7/1/2015 0:00,14,7,7
7/1/2015 1:00,9,5,4
7/1/2015 2:00,9,2,7
7/1/2015 3:00,11,4,7
7/1/2015 4:00,13,9,4
7/1/2015 5:00,52,33,19
7/1/2015 6:00,201,132,69
7/1/2015 7:00,519,371,148
7/1/2015 8:00,591,390,201
7/1/2015 9:00,261,160,101
7/1/2015 10:00,133,83,50
7/1/2015 11:00,102,60,42
7/1/2015 12:00,115,56,59
7/1/2015 13:00,105,57,48
7/1/2015 14:00,137,76,61
7/1/2015 15:00,160,75,85
7/1/2015 16:00,336,121,215
7/1/2015 17:00,720,212,508
7/1/2015 18:00,492,163,329
7/1/2015 19:00,282,114,168
7/1/2015 20:00,175,76,99
7/1/2015 21:00,109,48,61
7/1/2015 22:00,59,35,24
7/1/2015 23:00,46,23,23
7/2/2015 0:00,14,5,9
7/2/2015 1:00,9,5,4
7/2/2015 2:00,7,2,5
7/2/2015 3:00,5,2,3
7/2/2015 4:00,10,7,3
7/2/2015 5:00,53,27,26
7/2/2015 6:00,163,111,52
7/2/2015 7:00,396,273,123
7/2/2015 8:00,550,380,170
7/2/2015 9:00,251,152,99
7/2/2015 10:00,126,75,51
7/2/2015 11:00,89,50,39
7/2/2015 12:00,104,59,45
7/2/2015 13:00,95,47,48
7/2/2015 14:00,129,53,76
7/2/2015 15:00,191,75,116
7/2/2015 16:00,356,135,221
7/2/2015 17:00,524,159,365
7/2/2015 18:00,361,129,232
7/2/2015 19:00,179,71,108
7/2/2015 20:00,112,49,63
7/2/2015 21:00,107,55,52
7/2/2015 22:00,73,34,39
7/2/2015 23:00,33,15,18
7/3/2015 0:00,36,12,24
7/3/2015 1:00,19,10,9
7/3/2015 2:00,6,2,4
7/3/2015 3:00,6,3,3
7/3/2015 4:00,7,4,3
7/3/2015 5:00,19,11,8
7/3/2015 6:00,44,23,21
7/3/2015 7:00,90,55,35
7/3/2015 8:00,138,74,64
7/3/2015 9:00,157,89,68
7/3/2015 10:00,153,87,66
7/3/2015 11:00,176,104,72
7/3/2015 12:00,186,100,86
7/3/2015 13:00,198,113,85
7/3/2015 14:00,133,59,74
7/3/2015 15:00,133,77,56
7/3/2015 16:00,177,87,90
7/3/2015 17:00,146,79,67
7/3/2015 18:00,140,68,72
7/3/2015 19:00,107,49,58
7/3/2015 20:00,84,40,44
7/3/2015 21:00,49,25,24
7/3/2015 22:00,69,35,34
7/3/2015 23:00,40,17,23
7/4/2015 0:00,22,12,10
7/4/2015 1:00,14,4,10
7/4/2015 2:00,4,2,2
7/4/2015 3:00,5,3,2
7/4/2015 4:00,3,3,0
7/4/2015 5:00,12,7,5
7/4/2015 6:00,39,23,16
7/4/2015 7:00,73,37,36
7/4/2015 8:00,136,75,61
7/4/2015 9:00,149,74,75
7/4/2015 10:00,142,77,65
7/4/2015 11:00,135,79,56
7/4/2015 12:00,194,91,103
7/4/2015 13:00,154,84,70
7/4/2015 14:00,158,87,71
7/4/2015 15:00,165,83,82
7/4/2015 16:00,152,64,88
7/4/2015 17:00,128,60,68
7/4/2015 18:00,126,75,51
7/4/2015 19:00,114,52,62
7/4/2015 20:00,120,62,58
7/4/2015 21:00,132,71,61
7/4/2015 22:00,91,48,43
7/4/2015 23:00,175,74,101
7/5/2015 0:00,92,30,62
7/5/2015 1:00,30,15,15
7/5/2015 2:00,13,5,8
7/5/2015 3:00,1,0,1
7/5/2015 4:00,6,4,2
7/5/2015 5:00,10,5,5
7/5/2015 6:00,22,12,10
7/5/2015 7:00,70,44,26
7/5/2015 8:00,75,38,37
7/5/2015 9:00,103,51,52
7/5/2015 10:00,133,64,69
7/5/2015 11:00,163,95,68
7/5/2015 12:00,134,80,54
7/5/2015 13:00,153,82,71
7/5/2015 14:00,134,66,68
7/5/2015 15:00,157,92,65
7/5/2015 16:00,137,57,80
7/5/2015 17:00,87,48,39
7/5/2015 18:00,119,67,52
7/5/2015 19:00,107,52,55
7/5/2015 20:00,73,47,26
7/5/2015 21:00,53,31,22
7/5/2015 22:00,31,15,16
7/5/2015 23:00,16,8,8
7/6/2015 0:00,16,8,8
7/6/2015 1:00,7,4,3
7/6/2015 2:00,7,5,2
7/6/2015 3:00,6,4,2
7/6/2015 4:00,9,6,3
7/6/2015 5:00,34,22,12
7/6/2015 6:00,177,117,60
7/6/2015 7:00,404,288,116
7/6/2015 8:00,535,368,167
7/6/2015 9:00,252,148,104
7/6/2015 10:00,110,58,52
7/6/2015 11:00,99,61,38
7/6/2015 12:00,106,49,57
7/6/2015 13:00,101,47,54
7/6/2015 14:00,122,60,62
7/6/2015 15:00,138,54,84
7/6/2015 16:00,281,118,163
7/6/2015 17:00,651,180,471
7/6/2015 18:00,485,158,327
7/6/2015 19:00,218,98,120
7/6/2015 20:00,155,71,84
7/6/2015 21:00,88,46,42
7/6/2015 22:00,46,20,26
7/6/2015 23:00,19,9,10
7/7/2015 0:00,19,9,10
7/7/2015 1:00,5,3,2
7/7/2015 2:00,10,8,2
7/7/2015 3:00,7,3,4
7/7/2015 4:00,9,4,5
7/7/2015 5:00,57,33,24
7/7/2015 6:00,179,113,66
7/7/2015 7:00,502,364,138
7/7/2015 8:00,607,403,204
7/7/2015 9:00,274,176,98
7/7/2015 10:00,152,92,60
7/7/2015 11:00,110,55,55
7/7/2015 12:00,128,64,64
7/7/2015 13:00,107,52,55
7/7/2015 14:00,127,68,59
7/7/2015 15:00,165,69,96
7/7/2015 16:00,357,148,209
7/7/2015 17:00,720,194,526
7/7/2015 18:00,498,197,301
7/7/2015 19:00,263,106,157
7/7/2015 20:00,154,67,87
7/7/2015 21:00,94,48,46
7/7/2015 22:00,61,27,34
7/7/2015 23:00,30,11,19
7/8/2015 0:00,20,9,11
7/8/2015 1:00,15,10,5
7/8/2015 2:00,8,7,1
7/8/2015 3:00,4,3,1
7/8/2015 4:00,8,5,3
7/8/2015 5:00,50,32,18
7/8/2015 6:00,197,145,52
7/8/2015 7:00,487,334,153
7/8/2015 8:00,583,373,210
7/8/2015 9:00,282,174,108
7/8/2015 10:00,142,83,59
7/8/2015 11:00,106,58,48
7/8/2015 12:00,122,71,51
7/8/2015 13:00,119,73,46
7/8/2015 14:00,113,64,49
7/8/2015 15:00,148,71,77
7/8/2015 16:00,399,143,256
7/8/2015 17:00,726,218,508
7/8/2015 18:00,527,201,326
7/8/2015 19:00,306,132,174
7/8/2015 20:00,191,100,91
7/8/2015 21:00,115,55,60
7/8/2015 22:00,65,29,36
7/8/2015 23:00,28,13,15
7/9/2015 0:00,26,13,13
7/9/2015 1:00,6,3,3
7/9/2015 2:00,5,3,2
7/9/2015 3:00,5,2,3
7/9/2015 4:00,10,2,8
7/9/2015 5:00,52,20,32
7/9/2015 6:00,191,140,51
7/9/2015 7:00,472,334,138
7/9/2015 8:00,593,376,217
7/9/2015 9:00,259,157,102
7/9/2015 10:00,118,78,40
7/9/2015 11:00,106,51,55
7/9/2015 12:00,99,58,41
7/9/2015 13:00,110,62,48
7/9/2015 14:00,113,51,62
7/9/2015 15:00,153,75,78
7/9/2015 16:00,350,129,221
7/9/2015 17:00,676,204,472
7/9/2015 18:00,479,173,306
7/9/2015 19:00,280,112,168
7/9/2015 20:00,173,85,88
7/9/2015 21:00,99,51,48
7/9/2015 22:00,65,25,40
7/9/2015 23:00,39,17,22
7/10/2015 0:00,11,6,5
7/10/2015 1:00,13,5,8
7/10/2015 2:00,8,2,6
7/10/2015 3:00,5,2,3
7/10/2015 4:00,12,6,6
7/10/2015 5:00,49,32,17
7/10/2015 6:00,139,89,50
7/10/2015 7:00,357,249,108
7/10/2015 8:00,509,343,166
7/10/2015 9:00,260,154,106
7/10/2015 10:00,121,72,49
7/10/2015 11:00,98,48,50
7/10/2015 12:00,95,50,45
7/10/2015 13:00,120,62,58
7/10/2015 14:00,132,59,73
7/10/2015 15:00,188,103,85
7/10/2015 16:00,367,144,223
7/10/2015 17:00,536,154,382
7/10/2015 18:00,340,119,221
7/10/2015 19:00,184,66,118
7/10/2015 20:00,83,43,40
7/10/2015 21:00,59,32,27
7/10/2015 22:00,47,24,23
7/10/2015 23:00,39,12,27
7/11/2015 0:00,27,12,15
7/11/2015 1:00,13,7,6
7/11/2015 2:00,13,7,6
7/11/2015 3:00,8,2,6
7/11/2015 4:00,51,15,36
7/11/2015 5:00,67,13,54
7/11/2015 6:00,56,22,34
7/11/2015 7:00,65,33,32
7/11/2015 8:00,87,50,37
7/11/2015 9:00,118,77,41
7/11/2015 10:00,126,62,64
7/11/2015 11:00,135,66,69
7/11/2015 12:00,160,90,70
7/11/2015 13:00,150,84,66
7/11/2015 14:00,131,68,63
7/11/2015 15:00,168,94,74
7/11/2015 16:00,147,91,56
7/11/2015 17:00,144,81,63
7/11/2015 18:00,103,62,41
7/11/2015 19:00,75,39,36
7/11/2015 20:00,65,29,36
7/11/2015 21:00,64,37,27
7/11/2015 22:00,50,16,34
7/11/2015 23:00,30,11,19
7/12/2015 0:00,25,14,11
7/12/2015 1:00,17,8,9
7/12/2015 2:00,14,4,10
7/12/2015 3:00,3,1,2
7/12/2015 4:00,7,2,5
7/12/2015 5:00,9,5,4
7/12/2015 6:00,13,6,7
7/12/2015 7:00,37,21,16
7/12/2015 8:00,66,45,21
7/12/2015 9:00,87,46,41
7/12/2015 10:00,104,59,45
7/12/2015 11:00,158,79,79
7/12/2015 12:00,175,91,84
7/12/2015 13:00,169,97,72
7/12/2015 14:00,212,108,104
7/12/2015 15:00,192,116,76
7/12/2015 16:00,186,102,84
7/12/2015 17:00,177,94,83
7/12/2015 18:00,125,66,59
7/12/2015 19:00,94,49,45
7/12/2015 20:00,69,33,36
7/12/2015 21:00,52,30,22
7/12/2015 22:00,23,8,15
7/12/2015 23:00,23,12,11
7/13/2015 0:00,11,4,7
7/13/2015 1:00,2,1,1
7/13/2015 2:00,5,0,5
7/13/2015 3:00,5,1,4
7/13/2015 4:00,6,5,1
7/13/2015 5:00,43,32,11
7/13/2015 6:00,157,102,55
7/13/2015 7:00,398,284,114
7/13/2015 8:00,526,362,164
7/13/2015 9:00,245,139,106
7/13/2015 10:00,92,50,42
7/13/2015 11:00,98,47,51
7/13/2015 12:00,90,49,41
7/13/2015 13:00,90,49,41
7/13/2015 14:00,99,56,43
7/13/2015 15:00,172,73,99
7/13/2015 16:00,334,136,198
7/13/2015 17:00,634,182,452
7/13/2015 18:00,518,171,347
7/13/2015 19:00,216,81,135
7/13/2015 20:00,154,62,92
7/13/2015 21:00,96,42,54
7/13/2015 22:00,60,35,25
7/13/2015 23:00,18,10,8
7/14/2015 0:00,16,3,13
7/14/2015 1:00,9,5,4
7/14/2015 2:00,5,1,4
7/14/2015 3:00,4,3,1
7/14/2015 4:00,11,7,4
7/14/2015 5:00,45,28,17
7/14/2015 6:00,209,146,63
7/14/2015 7:00,536,390,146
7/14/2015 8:00,638,448,190
7/14/2015 9:00,292,160,132
7/14/2015 10:00,73,0,73
7/14/2015 11:00,86,23,63
7/14/2015 12:00,105,55,50
7/14/2015 13:00,122,73,49
7/14/2015 14:00,119,62,57
7/14/2015 15:00,167,85,82
7/14/2015 16:00,388,160,228
7/14/2015 17:00,760,233,527
7/14/2015 18:00,512,172,340
7/14/2015 19:00,307,121,186
7/14/2015 20:00,188,73,115
7/14/2015 21:00,113,56,57
7/14/2015 22:00,56,25,31
7/14/2015 23:00,34,20,14
7/15/2015 0:00,8,3,5
7/15/2015 1:00,10,5,5
7/15/2015 2:00,8,2,6
7/15/2015 3:00,6,4,2
7/15/2015 4:00,12,6,6
7/15/2015 5:00,50,27,23
7/15/2015 6:00,200,147,53
7/15/2015 7:00,508,354,154
7/15/2015 8:00,617,397,220
7/15/2015 9:00,288,175,113
7/15/2015 10:00,129,63,66
7/15/2015 11:00,111,64,47
7/15/2015 12:00,84,44,40
7/15/2015 13:00,97,44,53
7/15/2015 14:00,123,48,75
7/15/2015 15:00,175,87,88
7/15/2015 16:00,355,149,206
7/15/2015 17:00,773,220,553
7/15/2015 18:00,506,170,336
7/15/2015 19:00,269,104,165
7/15/2015 20:00,176,72,104
7/15/2015 21:00,81,31,50
7/15/2015 22:00,69,35,34
7/15/2015 23:00,31,9,22
7/16/2015 0:00,19,11,8
7/16/2015 1:00,14,5,9
7/16/2015 2:00,9,5,4
7/16/2015 3:00,7,5,2
7/16/2015 4:00,11,7,4
7/16/2015 5:00,39,26,13
7/16/2015 6:00,197,139,58
7/16/2015 7:00,429,310,119
7/16/2015 8:00,571,394,177
7/16/2015 9:00,275,172,103
7/16/2015 10:00,120,71,49
7/16/2015 11:00,111,64,47
7/16/2015 12:00,91,41,50
7/16/2015 13:00,111,42,69
7/16/2015 14:00,111,51,60
7/16/2015 15:00,144,59,85
7/16/2015 16:00,377,136,241
7/16/2015 17:00,705,190,515
7/16/2015 18:00,446,147,299
7/16/2015 19:00,255,107,148
7/16/2015 20:00,173,88,85
7/16/2015 21:00,107,49,58
7/16/2015 22:00,57,30,27
7/16/2015 23:00,45,13,32
7/17/2015 0:00,26,13,13
7/17/2015 1:00,13,7,6
7/17/2015 2:00,2,2,0
7/17/2015 3:00,11,4,7
7/17/2015 4:00,9,5,4
7/17/2015 5:00,40,27,13
7/17/2015 6:00,155,106,49
7/17/2015 7:00,352,248,104
7/17/2015 8:00,470,322,148
7/17/2015 9:00,279,157,122
7/17/2015 10:00,141,83,58
7/17/2015 11:00,93,47,46
7/17/2015 12:00,99,47,52
7/17/2015 13:00,117,60,57
7/17/2015 14:00,132,65,67
7/17/2015 15:00,169,72,97
7/17/2015 16:00,376,145,231
7/17/2015 17:00,548,172,376
7/17/2015 18:00,343,113,230
7/17/2015 19:00,173,75,98
7/17/2015 20:00,98,32,66
7/17/2015 21:00,67,30,37
7/17/2015 22:00,56,28,28
7/17/2015 23:00,44,17,27
7/18/2015 0:00,21,9,12
7/18/2015 1:00,9,1,8
7/18/2015 2:00,10,5,5
7/18/2015 3:00,8,3,5
7/18/2015 4:00,11,1,10
7/18/2015 5:00,10,5,5
7/18/2015 6:00,29,12,17
7/18/2015 7:00,55,21,34
7/18/2015 8:00,102,52,50
7/18/2015 9:00,135,81,54
7/18/2015 10:00,163,80,83
7/18/2015 11:00,135,67,68
7/18/2015 12:00,186,107,79
7/18/2015 13:00,193,94,99
7/18/2015 14:00,176,89,87
7/18/2015 15:00,188,104,84
7/18/2015 16:00,160,83,77
7/18/2015 17:00,137,67,70
7/18/2015 18:00,137,64,73
7/18/2015 19:00,88,44,44
7/18/2015 20:00,75,35,40
7/18/2015 21:00,77,36,41
7/18/2015 22:00,56,34,22
7/18/2015 23:00,34,13,21
7/19/2015 0:00,30,8,22
7/19/2015 1:00,10,5,5
7/19/2015 2:00,5,1,4
7/19/2015 3:00,6,6,0
7/19/2015 4:00,4,3,1
7/19/2015 5:00,15,9,6
7/19/2015 6:00,21,6,15
7/19/2015 7:00,52,28,24
7/19/2015 8:00,117,63,54
7/19/2015 9:00,146,81,65
7/19/2015 10:00,136,69,67
7/19/2015 11:00,192,112,80
7/19/2015 12:00,154,74,80
7/19/2015 13:00,184,94,90
7/19/2015 14:00,160,91,69
7/19/2015 15:00,140,80,60
7/19/2015 16:00,114,59,55
7/19/2015 17:00,104,52,52
7/19/2015 18:00,94,44,50
7/19/2015 19:00,103,46,57
7/19/2015 20:00,64,38,26
7/19/2015 21:00,49,26,23
7/19/2015 22:00,37,12,25
7/19/2015 23:00,26,10,16
7/20/2015 0:00,9,1,8
7/20/2015 1:00,10,3,7
7/20/2015 2:00,7,4,3
7/20/2015 3:00,5,3,2
7/20/2015 4:00,9,6,3
7/20/2015 5:00,42,24,18
7/20/2015 6:00,162,103,59
7/20/2015 7:00,423,302,121
7/20/2015 8:00,563,383,180
7/20/2015 9:00,277,159,118
7/20/2015 10:00,125,74,51
7/20/2015 11:00,77,40,37
7/20/2015 12:00,88,39,49
7/20/2015 13:00,103,52,51
7/20/2015 14:00,122,61,61
7/20/2015 15:00,144,57,87
7/20/2015 16:00,335,129,206
7/20/2015 17:00,654,181,473
7/20/2015 18:00,497,161,336
7/20/2015 19:00,256,93,163
7/20/2015 20:00,157,68,89
7/20/2015 21:00,82,43,39
7/20/2015 22:00,39,23,16
7/20/2015 23:00,27,8,19
7/21/2015 0:00,17,7,10
7/21/2015 1:00,12,3,9
7/21/2015 2:00,3,1,2
7/21/2015 3:00,5,1,4
7/21/2015 4:00,9,4,5
7/21/2015 5:00,61,38,23
7/21/2015 6:00,171,118,53
7/21/2015 7:00,492,367,125
7/21/2015 8:00,555,366,189
7/21/2015 9:00,297,174,123
7/21/2015 10:00,98,45,53
7/21/2015 11:00,94,46,48
7/21/2015 12:00,86,42,44
7/21/2015 13:00,101,60,41
7/21/2015 14:00,98,44,54
7/21/2015 15:00,161,71,90
7/21/2015 16:00,335,123,212
7/21/2015 17:00,655,168,487
7/21/2015 18:00,470,168,302
7/21/2015 19:00,254,110,144
7/21/2015 20:00,124,66,58
7/21/2015 21:00,100,43,57
7/21/2015 22:00,41,23,18
7/21/2015 23:00,29,14,15
7/22/2015 0:00,13,7,6
7/22/2015 1:00,6,2,4
7/22/2015 2:00,3,2,1
7/22/2015 3:00,1,1,0
7/22/2015 4:00,15,9,6
7/22/2015 5:00,35,19,16
7/22/2015 6:00,174,117,57
7/22/2015 7:00,483,331,152
7/22/2015 8:00,593,383,210
7/22/2015 9:00,327,189,138
7/22/2015 10:00,143,83,60
7/22/2015 11:00,110,48,62
7/22/2015 12:00,108,53,55
7/22/2015 13:00,94,43,51
7/22/2015 14:00,157,62,95
7/22/2015 15:00,192,81,111
7/22/2015 16:00,412,143,269
7/22/2015 17:00,675,213,462
7/22/2015 18:00,509,174,335
7/22/2015 19:00,296,126,170
7/22/2015 20:00,126,49,77
7/22/2015 21:00,98,38,60
7/22/2015 22:00,45,22,23
7/22/2015 23:00,33,10,23
7/23/2015 0:00,22,10,12
7/23/2015 1:00,6,2,4
7/23/2015 2:00,3,0,3
7/23/2015 3:00,3,2,1
7/23/2015 4:00,13,6,7
7/23/2015 5:00,38,24,14
7/23/2015 6:00,175,117,58
7/23/2015 7:00,429,290,139
7/23/2015 8:00,548,362,186
7/23/2015 9:00,287,167,120
7/23/2015 10:00,127,77,50
7/23/2015 11:00,111,52,59
7/23/2015 12:00,100,44,56
7/23/2015 13:00,122,61,61
7/23/2015 14:00,116,43,73
7/23/2015 15:00,198,95,103
7/23/2015 16:00,337,143,194
7/23/2015 17:00,687,218,469
7/23/2015 18:00,470,179,291
7/23/2015 19:00,248,99,149
7/23/2015 20:00,146,69,77
7/23/2015 21:00,88,37,51
7/23/2015 22:00,47,27,20
7/23/2015 23:00,38,10,28
7/24/2015 0:00,22,7,15
7/24/2015 1:00,8,4,4
7/24/2015 2:00,3,1,2
7/24/2015 3:00,3,1,2
7/24/2015 4:00,11,6,5
7/24/2015 5:00,36,22,14
7/24/2015 6:00,125,76,49
7/24/2015 7:00,342,243,99
7/24/2015 8:00,441,295,146
7/24/2015 9:00,224,127,97
7/24/2015 10:00,109,66,43
7/24/2015 11:00,57,29,28
7/24/2015 12:00,75,41,34
7/24/2015 13:00,89,40,49
7/24/2015 14:00,114,56,58
7/24/2015 15:00,162,68,94
7/24/2015 16:00,317,127,190
7/24/2015 17:00,504,126,378
7/24/2015 18:00,280,95,185
7/24/2015 19:00,142,43,99
7/24/2015 20:00,118,56,62
7/24/2015 21:00,64,29,35
7/24/2015 22:00,322,76,246
7/24/2015 23:00,60,30,30
7/25/2015 0:00,23,8,15
7/25/2015 1:00,15,11,4
7/25/2015 2:00,10,9,1
7/25/2015 3:00,3,3,0
7/25/2015 4:00,4,0,4
7/25/2015 5:00,9,3,6
7/25/2015 6:00,23,13,10
7/25/2015 7:00,47,34,13
7/25/2015 8:00,48,25,23
7/25/2015 9:00,54,29,25
7/25/2015 10:00,52,27,25
7/25/2015 11:00,70,35,35
7/25/2015 12:00,131,64,67
7/25/2015 13:00,115,68,47
7/25/2015 14:00,126,71,55
7/25/2015 15:00,124,68,56
7/25/2015 16:00,111,51,60
7/25/2015 17:00,110,54,56
7/25/2015 18:00,88,54,34
7/25/2015 19:00,79,39,40
7/25/2015 20:00,62,31,31
7/25/2015 21:00,27,11,16
7/25/2015 22:00,27,12,15
7/25/2015 23:00,26,11,15
7/26/2015 0:00,19,6,13
7/26/2015 1:00,9,3,6
7/26/2015 2:00,10,5,5
7/26/2015 3:00,4,2,2
7/26/2015 4:00,3,2,1
7/26/2015 5:00,9,4,5
7/26/2015 6:00,25,12,13
7/26/2015 7:00,38,20,18
7/26/2015 8:00,45,23,22
7/26/2015 9:00,82,47,35
7/26/2015 10:00,104,55,49
7/26/2015 11:00,147,71,76
7/26/2015 12:00,129,62,67
7/26/2015 13:00,121,78,43
7/26/2015 14:00,172,109,63
7/26/2015 15:00,169,92,77
7/26/2015 16:00,102,58,44
7/26/2015 17:00,54,28,26
7/26/2015 18:00,81,35,46
7/26/2015 19:00,43,24,19
7/26/2015 20:00,31,12,19
7/26/2015 21:00,17,11,6
7/26/2015 22:00,23,6,17
7/26/2015 23:00,15,5,10
7/27/2015 0:00,10,4,6
7/27/2015 1:00,4,0,4
7/27/2015 2:00,3,2,1
7/27/2015 3:00,4,4,0
7/27/2015 4:00,4,3,1
7/27/2015 5:00,35,22,13
7/27/2015 6:00,143,98,45
7/27/2015 7:00,425,296,129
7/27/2015 8:00,520,351,169
7/27/2015 9:00,264,155,109
7/27/2015 10:00,106,61,45
7/27/2015 11:00,88,52,36
7/27/2015 12:00,89,51,38
7/27/2015 13:00,95,52,43
7/27/2015 14:00,116,52,64
7/27/2015 15:00,175,74,101
7/27/2015 16:00,349,122,227
7/27/2015 17:00,705,199,506
7/27/2015 18:00,470,143,327
7/27/2015 19:00,219,93,126
7/27/2015 20:00,132,56,76
7/27/2015 21:00,81,35,46
7/27/2015 22:00,33,11,22
7/27/2015 23:00,32,17,15
7/28/2015 0:00,13,6,7
7/28/2015 1:00,10,3,7
7/28/2015 2:00,3,2,1
7/28/2015 3:00,8,3,5
7/28/2015 4:00,11,8,3
7/28/2015 5:00,50,31,19
7/28/2015 6:00,183,123,60
7/28/2015 7:00,480,335,145
7/28/2015 8:00,616,392,224
7/28/2015 9:00,306,184,122
7/28/2015 10:00,140,74,66
7/28/2015 11:00,93,50,43
7/28/2015 12:00,99,45,54
7/28/2015 13:00,122,57,65
7/28/2015 14:00,145,73,72
7/28/2015 15:00,181,72,109
7/28/2015 16:00,354,122,232
7/28/2015 17:00,736,219,517
7/28/2015 18:00,492,174,318
7/28/2015 19:00,306,139,167
7/28/2015 20:00,168,79,89
7/28/2015 21:00,89,39,50
7/28/2015 22:00,75,31,44
7/28/2015 23:00,35,13,22
7/29/2015 0:00,11,5,6
7/29/2015 1:00,5,2,3
7/29/2015 2:00,5,1,4
7/29/2015 3:00,3,2,1
7/29/2015 4:00,10,8,2
7/29/2015 5:00,47,31,16
7/29/2015 6:00,197,127,70
7/29/2015 7:00,482,338,144
7/29/2015 8:00,623,392,231
7/29/2015 9:00,304,191,113
7/29/2015 10:00,143,69,74
7/29/2015 11:00,115,63,52
7/29/2015 12:00,102,48,54
7/29/2015 13:00,120,58,62
7/29/2015 14:00,117,70,47
7/29/2015 15:00,152,76,76
7/29/2015 16:00,407,143,264
7/29/2015 17:00,686,196,490
7/29/2015 18:00,531,183,348
7/29/2015 19:00,277,96,181
7/29/2015 20:00,162,64,98
7/29/2015 21:00,118,63,55
7/29/2015 22:00,72,36,36
7/29/2015 23:00,45,15,30
7/30/2015 0:00,18,8,10
7/30/2015 1:00,10,5,5
7/30/2015 2:00,7,5,2
7/30/2015 3:00,3,0,3
7/30/2015 4:00,10,5,5
7/30/2015 5:00,42,20,22
7/30/2015 6:00,166,107,59
7/30/2015 7:00,416,271,145
7/30/2015 8:00,605,397,208
7/30/2015 9:00,305,193,112
7/30/2015 10:00,130,72,58
7/30/2015 11:00,110,59,51
7/30/2015 12:00,82,43,39
7/30/2015 13:00,101,55,46
7/30/2015 14:00,111,46,65
7/30/2015 15:00,142,72,70
7/30/2015 16:00,331,127,204
7/30/2015 17:00,642,184,458
7/30/2015 18:00,476,165,311
7/30/2015 19:00,278,120,158
7/30/2015 20:00,156,57,99
7/30/2015 21:00,118,54,64
7/30/2015 22:00,75,44,31
7/30/2015 23:00,45,22,23
7/31/2015 0:00,24,11,13
7/31/2015 1:00,15,5,10
7/31/2015 2:00,7,1,6
7/31/2015 3:00,2,2,0
7/31/2015 4:00,9,4,5
7/31/2015 5:00,41,25,16
7/31/2015 6:00,139,95,44
7/31/2015 7:00,363,244,119
7/31/2015 8:00,504,315,189
7/31/2015 9:00,259,166,93
7/31/2015 10:00,124,62,62
7/31/2015 11:00,121,67,54
7/31/2015 12:00,107,54,53
7/31/2015 13:00,104,57,47
7/31/2015 14:00,118,49,69
7/31/2015 15:00,182,84,98
7/31/2015 16:00,350,132,218
7/31/2015 17:00,533,171,362
7/31/2015 18:00,322,115,207
7/31/2015 19:00,191,88,103
7/31/2015 20:00,130,43,87
7/31/2015 21:00,109,45,64
7/31/2015 22:00,73,32,41
7/31/2015 23:00,60,38,22
8/1/2015 0:00,40,21,19
8/1/2015 1:00,14,8,6
8/1/2015 2:00,10,5,5
8/1/2015 3:00,7,0,7
8/1/2015 4:00,4,2,2
8/1/2015 5:00,12,7,5
8/1/2015 6:00,25,11,14
8/1/2015 7:00,81,42,39
8/1/2015 8:00,112,64,48
8/1/2015 9:00,146,77,69
8/1/2015 10:00,163,94,69
8/1/2015 11:00,194,104,90
8/1/2015 12:00,161,76,85
8/1/2015 13:00,164,79,85
8/1/2015 14:00,167,85,82
8/1/2015 15:00,177,101,76
8/1/2015 16:00,154,81,73
8/1/2015 17:00,134,77,57
8/1/2015 18:00,129,68,61
8/1/2015 19:00,90,39,51
8/1/2015 20:00,53,28,25
8/1/2015 21:00,74,33,41
8/1/2015 22:00,59,28,31
8/1/2015 23:00,49,23,26
8/2/2015 0:00,26,6,20
8/2/2015 1:00,17,8,9
8/2/2015 2:00,9,3,6
8/2/2015 3:00,3,2,1
8/2/2015 4:00,6,1,5
8/2/2015 5:00,6,1,5
8/2/2015 6:00,29,14,15
8/2/2015 7:00,57,28,29
8/2/2015 8:00,79,41,38
8/2/2015 9:00,125,70,55
8/2/2015 10:00,109,67,42
8/2/2015 11:00,149,89,60
8/2/2015 12:00,171,88,83
8/2/2015 13:00,158,84,74
8/2/2015 14:00,125,66,59
8/2/2015 15:00,183,83,100
8/2/2015 16:00,157,82,75
8/2/2015 17:00,128,58,70
8/2/2015 18:00,106,51,55
8/2/2015 19:00,76,41,35
8/2/2015 20:00,72,35,37
8/2/2015 21:00,38,16,22
8/2/2015 22:00,34,14,20
8/2/2015 23:00,20,5,15
8/3/2015 0:00,6,3,3
8/3/2015 1:00,5,2,3
8/3/2015 2:00,2,2,0
8/3/2015 3:00,4,2,2
8/3/2015 4:00,10,9,1
8/3/2015 5:00,49,36,13
8/3/2015 6:00,172,114,58
8/3/2015 7:00,408,289,119
8/3/2015 8:00,606,403,203
8/3/2015 9:00,293,188,105
8/3/2015 10:00,98,52,46
8/3/2015 11:00,88,55,33
8/3/2015 12:00,81,39,42
8/3/2015 13:00,99,45,54
8/3/2015 14:00,113,57,56
8/3/2015 15:00,141,65,76
8/3/2015 16:00,350,122,228
8/3/2015 17:00,692,174,518
8/3/2015 18:00,492,189,303
8/3/2015 19:00,225,84,141
8/3/2015 20:00,148,61,87
8/3/2015 21:00,81,40,41
8/3/2015 22:00,56,26,30
8/3/2015 23:00,24,11,13
8/4/2015 0:00,14,7,7
8/4/2015 1:00,12,6,6
8/4/2015 2:00,4,1,3
8/4/2015 3:00,2,1,1
8/4/2015 4:00,11,4,7
8/4/2015 5:00,56,33,23
8/4/2015 6:00,177,126,51
8/4/2015 7:00,473,333,140
8/4/2015 8:00,623,404,219
8/4/2015 9:00,311,200,111
8/4/2015 10:00,132,72,60
8/4/2015 11:00,91,46,45
8/4/2015 12:00,100,59,41
8/4/2015 13:00,89,46,43
8/4/2015 14:00,121,52,69
8/4/2015 15:00,168,79,89
8/4/2015 16:00,397,126,271
8/4/2015 17:00,791,227,564
8/4/2015 18:00,488,191,297
8/4/2015 19:00,253,111,142
8/4/2015 20:00,179,86,93
8/4/2015 21:00,80,43,37
8/4/2015 22:00,51,17,34
8/4/2015 23:00,32,13,19
8/5/2015 0:00,10,6,4
8/5/2015 1:00,3,2,1
8/5/2015 2:00,5,2,3
8/5/2015 3:00,8,3,5
8/5/2015 4:00,8,7,1
8/5/2015 5:00,58,32,26
8/5/2015 6:00,179,117,62
8/5/2015 7:00,450,322,128
8/5/2015 8:00,535,336,199
8/5/2015 9:00,270,158,112
8/5/2015 10:00,102,55,47
8/5/2015 11:00,93,49,44
8/5/2015 12:00,89,47,42
8/5/2015 13:00,77,38,39
8/5/2015 14:00,104,44,60
8/5/2015 15:00,154,67,87
8/5/2015 16:00,376,134,242
8/5/2015 17:00,676,175,501
8/5/2015 18:00,462,177,285
8/5/2015 19:00,193,80,113
8/5/2015 20:00,125,54,71
8/5/2015 21:00,60,30,30
8/5/2015 22:00,40,22,18
8/5/2015 23:00,31,14,17
8/6/2015 0:00,23,5,18
8/6/2015 1:00,4,3,1
8/6/2015 2:00,3,1,2
8/6/2015 3:00,5,2,3
8/6/2015 4:00,8,4,4
8/6/2015 5:00,35,22,13
8/6/2015 6:00,154,96,58
8/6/2015 7:00,488,269,219
8/6/2015 8:00,553,363,190
8/6/2015 9:00,272,163,109
8/6/2015 10:00,122,59,63
8/6/2015 11:00,89,46,43
8/6/2015 12:00,96,56,40
8/6/2015 13:00,119,69,50
8/6/2015 14:00,105,52,53
8/6/2015 15:00,167,75,92
8/6/2015 16:00,336,121,215
8/6/2015 17:00,630,200,430
8/6/2015 18:00,490,181,309
8/6/2015 19:00,243,108,135
8/6/2015 20:00,163,88,75
8/6/2015 21:00,96,57,39
8/6/2015 22:00,64,32,32
8/6/2015 23:00,30,18,12
8/7/2015 0:00,25,7,18
8/7/2015 1:00,11,5,6
8/7/2015 2:00,4,0,4
8/7/2015 3:00,4,3,1
8/7/2015 4:00,7,5,2
8/7/2015 5:00,34,17,17
8/7/2015 6:00,154,105,49
8/7/2015 7:00,364,253,111
8/7/2015 8:00,453,298,155
8/7/2015 9:00,247,140,107
8/7/2015 10:00,143,67,76
8/7/2015 11:00,113,61,52
8/7/2015 12:00,118,57,61
8/7/2015 13:00,138,75,63
8/7/2015 14:00,143,68,75
8/7/2015 15:00,219,99,120
8/7/2015 16:00,405,142,263
8/7/2015 17:00,582,207,375
8/7/2015 18:00,390,165,225
8/7/2015 19:00,212,91,121
8/7/2015 20:00,145,53,92
8/7/2015 21:00,74,38,36
8/7/2015 22:00,69,30,39
8/7/2015 23:00,46,14,32
8/8/2015 0:00,35,8,27
8/8/2015 1:00,29,11,18
8/8/2015 2:00,17,3,14
8/8/2015 3:00,7,2,5
8/8/2015 4:00,6,1,5
8/8/2015 5:00,12,8,4
8/8/2015 6:00,30,14,16
8/8/2015 7:00,67,30,37
8/8/2015 8:00,85,50,35
8/8/2015 9:00,127,64,63
8/8/2015 10:00,142,74,68
8/8/2015 11:00,138,84,54
8/8/2015 12:00,156,81,75
8/8/2015 13:00,157,89,68
8/8/2015 14:00,193,98,95
8/8/2015 15:00,163,75,88
8/8/2015 16:00,146,75,71
8/8/2015 17:00,148,69,79
8/8/2015 18:00,109,46,63
8/8/2015 19:00,66,40,26
8/8/2015 20:00,59,31,28
8/8/2015 21:00,54,39,15
8/8/2015 22:00,31,16,15
8/8/2015 23:00,37,18,19
8/9/2015 0:00,24,9,15
8/9/2015 1:00,18,9,9
8/9/2015 2:00,5,1,4
8/9/2015 3:00,3,2,1
8/9/2015 4:00,3,2,1
8/9/2015 5:00,12,11,1
8/9/2015 6:00,33,18,15
8/9/2015 7:00,60,40,20
8/9/2015 8:00,88,54,34
8/9/2015 9:00,116,56,60
8/9/2015 10:00,136,79,57
8/9/2015 11:00,289,83,206
8/9/2015 12:00,476,95,381
8/9/2015 13:00,450,122,328
8/9/2015 14:00,278,104,174
8/9/2015 15:00,211,101,110
8/9/2015 16:00,210,127,83
8/9/2015 17:00,174,97,77
8/9/2015 18:00,117,54,63
8/9/2015 19:00,86,52,34
8/9/2015 20:00,57,29,28
8/9/2015 21:00,55,32,23
8/9/2015 22:00,29,11,18
8/9/2015 23:00,15,7,8
8/10/2015 0:00,11,1,10
8/10/2015 1:00,7,2,5
8/10/2015 2:00,5,2,3
8/10/2015 3:00,3,2,1
8/10/2015 4:00,13,5,8
8/10/2015 5:00,43,24,19
8/10/2015 6:00,172,114,58
8/10/2015 7:00,396,272,124
8/10/2015 8:00,452,304,148
8/10/2015 9:00,260,146,114
8/10/2015 10:00,117,62,55
8/10/2015 11:00,78,37,41
8/10/2015 12:00,103,60,43
8/10/2015 13:00,105,52,53
8/10/2015 14:00,95,47,48
8/10/2015 15:00,137,54,83
8/10/2015 16:00,318,121,197
8/10/2015 17:00,621,179,442
8/10/2015 18:00,446,167,279
8/10/2015 19:00,212,91,121
8/10/2015 20:00,156,73,83
8/10/2015 21:00,81,35,46
8/10/2015 22:00,43,26,17
8/10/2015 23:00,24,15,9
8/11/2015 0:00,15,6,9
8/11/2015 1:00,7,2,5
8/11/2015 2:00,1,1,0
8/11/2015 3:00,3,1,2
8/11/2015 4:00,13,6,7
8/11/2015 5:00,54,30,24
8/11/2015 6:00,145,95,50
8/11/2015 7:00,455,322,133
8/11/2015 8:00,628,422,206
8/11/2015 9:00,282,171,111
8/11/2015 10:00,123,79,44
8/11/2015 11:00,111,53,58
8/11/2015 12:00,108,57,51
8/11/2015 13:00,126,68,58
8/11/2015 14:00,117,65,52
8/11/2015 15:00,157,61,96
8/11/2015 16:00,318,110,208
8/11/2015 17:00,742,227,515
8/11/2015 18:00,533,178,355
8/11/2015 19:00,256,101,155
8/11/2015 20:00,151,71,80
8/11/2015 21:00,91,41,50
8/11/2015 22:00,52,25,27
8/11/2015 23:00,42,19,23
8/12/2015 0:00,13,5,8
8/12/2015 1:00,10,5,5
8/12/2015 2:00,5,5,0
8/12/2015 3:00,2,1,1
8/12/2015 4:00,12,9,3
8/12/2015 5:00,58,39,19
8/12/2015 6:00,161,113,48
8/12/2015 7:00,477,322,155
8/12/2015 8:00,581,382,199
8/12/2015 9:00,319,205,114
8/12/2015 10:00,118,63,55
8/12/2015 11:00,111,63,48
8/12/2015 12:00,80,43,37
8/12/2015 13:00,88,42,46
8/12/2015 14:00,102,48,54
8/12/2015 15:00,127,56,71
8/12/2015 16:00,398,134,264
8/12/2015 17:00,710,216,494
8/12/2015 18:00,455,151,304
8/12/2015 19:00,246,93,153
8/12/2015 20:00,157,64,93
8/12/2015 21:00,94,44,50
8/12/2015 22:00,46,19,27
8/12/2015 23:00,33,21,12
8/13/2015 0:00,17,9,8
8/13/2015 1:00,7,5,2
8/13/2015 2:00,5,5,0
8/13/2015 3:00,3,1,2
8/13/2015 4:00,10,5,5
8/13/2015 5:00,37,21,16
8/13/2015 6:00,162,108,54
8/13/2015 7:00,434,300,134
8/13/2015 8:00,613,392,221
8/13/2015 9:00,262,155,107
8/13/2015 10:00,143,77,66
8/13/2015 11:00,89,47,42
8/13/2015 12:00,103,58,45
8/13/2015 13:00,133,75,58
8/13/2015 14:00,131,59,72
8/13/2015 15:00,175,89,86
8/13/2015 16:00,357,115,242
8/13/2015 17:00,675,180,495
8/13/2015 18:00,474,175,299
8/13/2015 19:00,231,93,138
8/13/2015 20:00,173,69,104
8/13/2015 21:00,86,49,37
8/13/2015 22:00,76,34,42
8/13/2015 23:00,32,12,20
8/14/2015 0:00,17,9,8
8/14/2015 1:00,9,3,6
8/14/2015 2:00,3,3,0
8/14/2015 3:00,2,0,2
8/14/2015 4:00,12,5,7
8/14/2015 5:00,38,19,19
8/14/2015 6:00,105,68,37
8/14/2015 7:00,240,159,81
8/14/2015 8:00,344,241,103
8/14/2015 9:00,205,127,78
8/14/2015 10:00,98,43,55
8/14/2015 11:00,59,30,29
8/14/2015 12:00,65,26,39
8/14/2015 13:00,39,22,17
8/14/2015 14:00,38,19,19
8/14/2015 15:00,72,19,53
8/14/2015 16:00,133,43,90
8/14/2015 17:00,283,84,199
8/14/2015 18:00,144,45,99
8/14/2015 19:00,63,23,40
8/14/2015 20:00,33,13,20
8/14/2015 21:00,26,12,14
8/14/2015 22:00,20,8,12
8/14/2015 23:00,14,4,10
8/15/2015 0:00,17,4,13
8/15/2015 1:00,6,1,5
8/15/2015 2:00,6,2,4
8/15/2015 3:00,4,4,0
8/15/2015 4:00,5,2,3
8/15/2015 5:00,17,11,6
8/15/2015 6:00,34,9,25
8/15/2015 7:00,31,16,15
8/15/2015 8:00,79,41,38
8/15/2015 9:00,67,32,35
8/15/2015 10:00,112,51,61
8/15/2015 11:00,114,60,54
8/15/2015 12:00,113,63,50
8/15/2015 13:00,148,74,74
8/15/2015 14:00,163,78,85
8/15/2015 15:00,153,90,63
8/15/2015 16:00,135,65,70
8/15/2015 17:00,166,84,82
8/15/2015 18:00,105,54,51
8/15/2015 19:00,70,28,42
8/15/2015 20:00,50,22,28
8/15/2015 21:00,49,14,35
8/15/2015 22:00,34,15,19
8/15/2015 23:00,24,10,14
8/16/2015 0:00,20,11,9
8/16/2015 1:00,14,5,9
8/16/2015 2:00,8,3,5
8/16/2015 3:00,3,0,3
8/16/2015 4:00,8,7,1
8/16/2015 5:00,6,3,3
8/16/2015 6:00,12,6,6
8/16/2015 7:00,23,8,15
8/16/2015 8:00,71,36,35
8/16/2015 9:00,114,49,65
8/16/2015 10:00,150,85,65
8/16/2015 11:00,183,105,78
8/16/2015 12:00,202,110,92
8/16/2015 13:00,253,153,100
8/16/2015 14:00,204,115,89
8/16/2015 15:00,225,114,111
8/16/2015 16:00,245,105,140
8/16/2015 17:00,176,82,94
8/16/2015 18:00,139,74,65
8/16/2015 19:00,114,62,52
8/16/2015 20:00,63,31,32
8/16/2015 21:00,56,30,26
8/16/2015 22:00,30,13,17
8/16/2015 23:00,14,6,8
8/17/2015 0:00,18,6,12
8/17/2015 1:00,4,0,4
8/17/2015 2:00,4,1,3
8/17/2015 3:00,6,6,0
8/17/2015 4:00,11,6,5
8/17/2015 5:00,48,34,14
8/17/2015 6:00,162,118,44
8/17/2015 7:00,452,320,132
8/17/2015 8:00,530,369,161
8/17/2015 9:00,275,161,114
8/17/2015 10:00,131,82,49
8/17/2015 11:00,111,56,55
8/17/2015 12:00,105,59,46
8/17/2015 13:00,102,52,50
8/17/2015 14:00,122,53,69
8/17/2015 15:00,145,59,86
8/17/2015 16:00,343,127,216
8/17/2015 17:00,733,209,524
8/17/2015 18:00,480,164,316
8/17/2015 19:00,238,102,136
8/17/2015 20:00,145,74,71
8/17/2015 21:00,76,40,36
8/17/2015 22:00,41,23,18
8/17/2015 23:00,37,25,12
8/18/2015 0:00,17,5,12
8/18/2015 1:00,3,2,1
8/18/2015 2:00,7,3,4
8/18/2015 3:00,3,3,0
8/18/2015 4:00,15,8,7
8/18/2015 5:00,46,28,18
8/18/2015 6:00,152,100,52
8/18/2015 7:00,457,323,134
8/18/2015 8:00,614,406,208
8/18/2015 9:00,292,165,127
8/18/2015 10:00,126,70,56
8/18/2015 11:00,105,59,46
8/18/2015 12:00,86,44,42
8/18/2015 13:00,98,53,45
8/18/2015 14:00,111,49,62
8/18/2015 15:00,166,66,100
8/18/2015 16:00,359,130,229
8/18/2015 17:00,704,218,486
8/18/2015 18:00,527,174,353
8/18/2015 19:00,269,119,150
8/18/2015 20:00,161,64,97
8/18/2015 21:00,101,52,49
8/18/2015 22:00,64,30,34
8/18/2015 23:00,25,12,13
8/19/2015 0:00,19,9,10
8/19/2015 1:00,12,7,5
8/19/2015 2:00,4,1,3
8/19/2015 3:00,2,1,1
8/19/2015 4:00,9,6,3
8/19/2015 5:00,49,29,20
8/19/2015 6:00,180,118,62
8/19/2015 7:00,485,337,148
8/19/2015 8:00,566,377,189
8/19/2015 9:00,296,186,110
8/19/2015 10:00,141,82,59
8/19/2015 11:00,104,53,51
8/19/2015 12:00,109,46,63
8/19/2015 13:00,117,58,59
8/19/2015 14:00,106,61,45
8/19/2015 15:00,205,82,123
8/19/2015 16:00,345,124,221
8/19/2015 17:00,660,192,468
8/19/2015 18:00,497,165,332
8/19/2015 19:00,279,96,183
8/19/2015 20:00,141,53,88
8/19/2015 21:00,117,50,67
8/19/2015 22:00,62,31,31
8/19/2015 23:00,43,21,22
8/20/2015 0:00,11,4,7
8/20/2015 1:00,5,1,4
8/20/2015 2:00,6,5,1
8/20/2015 3:00,0,0,0
8/20/2015 4:00,9,7,2
8/20/2015 5:00,36,24,12
8/20/2015 6:00,155,101,54
8/20/2015 7:00,390,254,136
8/20/2015 8:00,501,313,188
8/20/2015 9:00,267,161,106
8/20/2015 10:00,110,62,48
8/20/2015 11:00,76,46,30
8/20/2015 12:00,76,38,38
8/20/2015 13:00,110,57,53
8/20/2015 14:00,92,39,53
8/20/2015 15:00,129,52,77
8/20/2015 16:00,301,107,194
8/20/2015 17:00,584,166,418
8/20/2015 18:00,446,169,277
8/20/2015 19:00,254,99,155
8/20/2015 20:00,131,57,74
8/20/2015 21:00,82,38,44
8/20/2015 22:00,49,23,26
8/20/2015 23:00,26,10,16
8/21/2015 0:00,16,4,12
8/21/2015 1:00,5,1,4
8/21/2015 2:00,5,4,1
8/21/2015 3:00,1,1,0
8/21/2015 4:00,9,5,4
8/21/2015 5:00,27,18,9
8/21/2015 6:00,118,81,37
8/21/2015 7:00,341,235,106
8/21/2015 8:00,446,297,149
8/21/2015 9:00,264,173,91
8/21/2015 10:00,91,55,36
8/21/2015 11:00,106,50,56
8/21/2015 12:00,99,43,56
8/21/2015 13:00,120,61,59
8/21/2015 14:00,130,61,69
8/21/2015 15:00,200,88,112
8/21/2015 16:00,337,122,215
8/21/2015 17:00,533,171,362
8/21/2015 18:00,312,120,192
8/21/2015 19:00,166,73,93
8/21/2015 20:00,104,52,52
8/21/2015 21:00,60,30,30
8/21/2015 22:00,65,33,32
8/21/2015 23:00,51,19,32
8/22/2015 0:00,18,5,13
8/22/2015 1:00,24,14,10
8/22/2015 2:00,10,5,5
8/22/2015 3:00,7,5,2
8/22/2015 4:00,4,2,2
8/22/2015 5:00,9,7,2
8/22/2015 6:00,29,16,13
8/22/2015 7:00,65,35,30
8/22/2015 8:00,70,38,32
8/22/2015 9:00,147,87,60
8/22/2015 10:00,190,148,42
8/22/2015 11:00,156,89,67
8/22/2015 12:00,148,79,69
8/22/2015 13:00,177,78,99
8/22/2015 14:00,172,83,89
8/22/2015 15:00,170,86,84
8/22/2015 16:00,160,83,77
8/22/2015 17:00,148,63,85
8/22/2015 18:00,117,63,54
8/22/2015 19:00,85,43,42
8/22/2015 20:00,64,27,37
8/22/2015 21:00,54,32,22
8/22/2015 22:00,39,20,19
8/22/2015 23:00,27,8,19
8/23/2015 0:00,27,12,15
8/23/2015 1:00,8,3,5
8/23/2015 2:00,13,8,5
8/23/2015 3:00,6,4,2
8/23/2015 4:00,5,3,2
8/23/2015 5:00,6,5,1
8/23/2015 6:00,18,7,11
8/23/2015 7:00,40,24,16
8/23/2015 8:00,77,45,32
8/23/2015 9:00,109,63,46
8/23/2015 10:00,123,60,63
8/23/2015 11:00,163,103,60
8/23/2015 12:00,197,85,112
8/23/2015 13:00,191,106,85
8/23/2015 14:00,159,90,69
8/23/2015 15:00,155,98,57
8/23/2015 16:00,155,80,75
8/23/2015 17:00,173,92,81
8/23/2015 18:00,132,63,69
8/23/2015 19:00,71,34,37
8/23/2015 20:00,85,35,50
8/23/2015 21:00,39,23,16
8/23/2015 22:00,44,19,25
8/23/2015 23:00,20,11,9
8/24/2015 0:00,13,2,11
8/24/2015 1:00,10,3,7
8/24/2015 2:00,4,2,2
8/24/2015 3:00,2,2,0
8/24/2015 4:00,10,7,3
8/24/2015 5:00,44,29,15
8/24/2015 6:00,142,95,47
8/24/2015 7:00,447,318,129
8/24/2015 8:00,534,354,180
8/24/2015 9:00,266,153,113
8/24/2015 10:00,105,52,53
8/24/2015 11:00,98,52,46
8/24/2015 12:00,102,49,53
8/24/2015 13:00,106,42,64
8/24/2015 14:00,112,66,46
8/24/2015 15:00,167,71,96
8/24/2015 16:00,339,134,205
8/24/2015 17:00,629,169,460
8/24/2015 18:00,463,167,296
8/24/2015 19:00,216,96,120
8/24/2015 20:00,131,59,72
8/24/2015 21:00,60,24,36
8/24/2015 22:00,38,18,20
8/24/2015 23:00,34,15,19
8/25/2015 0:00,17,6,11
8/25/2015 1:00,5,3,2
8/25/2015 2:00,8,2,6
8/25/2015 3:00,5,0,5
8/25/2015 4:00,8,8,0
8/25/2015 5:00,53,32,21
8/25/2015 6:00,155,108,47
8/25/2015 7:00,459,331,128
8/25/2015 8:00,615,403,212
8/25/2015 9:00,279,161,118
8/25/2015 10:00,174,112,62
8/25/2015 11:00,98,50,48
8/25/2015 12:00,91,42,49
8/25/2015 13:00,109,55,54
8/25/2015 14:00,123,57,66
8/25/2015 15:00,160,71,89
8/25/2015 16:00,373,144,229
8/25/2015 17:00,714,215,499
8/25/2015 18:00,497,195,302
8/25/2015 19:00,262,116,146
8/25/2015 20:00,130,55,75
8/25/2015 21:00,65,35,30
8/25/2015 22:00,42,15,27
8/25/2015 23:00,31,12,19
8/26/2015 0:00,18,7,11
8/26/2015 1:00,7,5,2
8/26/2015 2:00,9,5,4
8/26/2015 3:00,2,1,1
8/26/2015 4:00,15,11,4
8/26/2015 5:00,49,30,19
8/26/2015 6:00,167,110,57
8/26/2015 7:00,436,306,130
8/26/2015 8:00,555,354,201
8/26/2015 9:00,283,174,109
8/26/2015 10:00,120,60,60
8/26/2015 11:00,101,58,43
8/26/2015 12:00,88,44,44
8/26/2015 13:00,103,46,57
8/26/2015 14:00,118,47,71
8/26/2015 15:00,139,58,81
8/26/2015 16:00,375,148,227
8/26/2015 17:00,719,206,513
8/26/2015 18:00,509,181,328
8/26/2015 19:00,211,90,121
8/26/2015 20:00,138,65,73
8/26/2015 21:00,97,48,49
8/26/2015 22:00,41,25,16
8/26/2015 23:00,31,17,14
8/27/2015 0:00,18,9,9
8/27/2015 1:00,4,2,2
8/27/2015 2:00,4,2,2
8/27/2015 3:00,3,1,2
8/27/2015 4:00,4,2,2
8/27/2015 5:00,49,35,14
8/27/2015 6:00,143,104,39
8/27/2015 7:00,416,287,129
8/27/2015 8:00,587,383,204
8/27/2015 9:00,278,174,104
8/27/2015 10:00,131,78,53
8/27/2015 11:00,95,56,39
8/27/2015 12:00,107,49,58
8/27/2015 13:00,137,75,62
8/27/2015 14:00,123,46,77
8/27/2015 15:00,150,64,86
8/27/2015 16:00,353,123,230
8/27/2015 17:00,671,222,449
8/27/2015 18:00,490,173,317
8/27/2015 19:00,220,86,134
8/27/2015 20:00,161,72,89
8/27/2015 21:00,93,48,45
8/27/2015 22:00,49,30,19
8/27/2015 23:00,50,28,22
8/28/2015 0:00,18,8,10
8/28/2015 1:00,4,3,1
8/28/2015 2:00,2,1,1
8/28/2015 3:00,4,2,2
8/28/2015 4:00,11,7,4
8/28/2015 5:00,29,19,10
8/28/2015 6:00,85,63,22
8/28/2015 7:00,221,151,70
8/28/2015 8:00,351,239,112
8/28/2015 9:00,184,101,83
8/28/2015 10:00,94,46,48
8/28/2015 11:00,75,47,28
8/28/2015 12:00,90,33,57
8/28/2015 13:00,73,38,35
8/28/2015 14:00,93,48,45
8/28/2015 15:00,142,59,83
8/28/2015 16:00,256,98,158
8/28/2015 17:00,409,133,276
8/28/2015 18:00,224,84,140
8/28/2015 19:00,105,33,72
8/28/2015 20:00,81,37,44
8/28/2015 21:00,46,24,22
8/28/2015 22:00,25,9,16
8/28/2015 23:00,31,17,14
8/29/2015 0:00,21,6,15
8/29/2015 1:00,15,6,9
8/29/2015 2:00,12,9,3
8/29/2015 3:00,3,2,1
8/29/2015 4:00,6,2,4
8/29/2015 5:00,2,2,0
8/29/2015 6:00,8,4,4
8/29/2015 7:00,13,7,6
8/29/2015 8:00,27,14,13
8/29/2015 9:00,35,22,13
8/29/2015 10:00,52,31,21
8/29/2015 11:00,45,23,22
8/29/2015 12:00,36,19,17
8/29/2015 13:00,53,25,28
8/29/2015 14:00,63,38,25
8/29/2015 15:00,60,32,28
8/29/2015 16:00,72,34,38
8/29/2015 17:00,54,25,29
8/29/2015 18:00,46,20,26
8/29/2015 19:00,28,20,8
8/29/2015 20:00,20,8,12
8/29/2015 21:00,11,8,3
8/29/2015 22:00,5,1,4
8/29/2015 23:00,12,7,5
8/30/2015 0:00,4,1,3
8/30/2015 1:00,4,3,1
8/30/2015 2:00,0,0,0
8/30/2015 3:00,3,2,1
8/30/2015 4:00,4,2,2
8/30/2015 5:00,4,1,3
8/30/2015 6:00,5,3,2
8/30/2015 7:00,6,4,2
8/30/2015 8:00,24,16,8
8/30/2015 9:00,32,19,13
8/30/2015 10:00,43,27,16
8/30/2015 11:00,98,57,41
8/30/2015 12:00,123,80,43
8/30/2015 13:00,128,84,44
8/30/2015 14:00,120,63,57
8/30/2015 15:00,109,65,44
8/30/2015 16:00,129,57,72
8/30/2015 17:00,103,51,52
8/30/2015 18:00,88,41,47
8/30/2015 19:00,70,40,30
8/30/2015 20:00,62,23,39
8/30/2015 21:00,20,15,5
8/30/2015 22:00,18,11,7
8/30/2015 23:00,16,7,9
8/31/2015 0:00,10,3,7
8/31/2015 1:00,5,2,3
8/31/2015 2:00,3,1,2
8/31/2015 3:00,4,3,1
8/31/2015 4:00,7,2,5
8/31/2015 5:00,26,15,11
8/31/2015 6:00,122,71,51
8/31/2015 7:00,309,200,109
8/31/2015 8:00,420,270,150
8/31/2015 9:00,193,109,84
8/31/2015 10:00,79,53,26
8/31/2015 11:00,48,28,20
8/31/2015 12:00,54,28,26
8/31/2015 13:00,57,25,32
8/31/2015 14:00,76,33,43
8/31/2015 15:00,80,29,51
8/31/2015 16:00,216,77,139
8/31/2015 17:00,480,130,350
8/31/2015 18:00,311,101,210
8/31/2015 19:00,171,59,112
8/31/2015 20:00,57,33,24
8/31/2015 21:00,46,22,24
8/31/2015 22:00,31,9,22
8/31/2015 23:00,18,7,11
9/1/2015 0:00,8,6,2
9/1/2015 1:00,2,1,1
9/1/2015 2:00,4,1,3
9/1/2015 3:00,4,1,3
9/1/2015 4:00,5,3,2
9/1/2015 5:00,40,23,17
9/1/2015 6:00,127,88,39
9/1/2015 7:00,330,227,103
9/1/2015 8:00,415,273,142
9/1/2015 9:00,175,115,60
9/1/2015 10:00,64,36,28
9/1/2015 11:00,43,25,18
9/1/2015 12:00,75,45,30
9/1/2015 13:00,64,22,42
9/1/2015 14:00,76,43,33
9/1/2015 15:00,85,35,50
9/1/2015 16:00,218,85,133
9/1/2015 17:00,520,142,378
9/1/2015 18:00,320,106,214
9/1/2015 19:00,148,46,102
9/1/2015 20:00,63,27,36
9/1/2015 21:00,37,17,20
9/1/2015 22:00,35,17,18
9/1/2015 23:00,18,9,9
9/2/2015 0:00,13,7,6
9/2/2015 1:00,3,0,3
9/2/2015 2:00,5,3,2
9/2/2015 3:00,4,3,1
9/2/2015 4:00,12,9,3
9/2/2015 5:00,40,25,15
9/2/2015 6:00,155,104,51
9/2/2015 7:00,369,242,127
9/2/2015 8:00,476,303,173
9/2/2015 9:00,249,155,94
9/2/2015 10:00,92,51,41
9/2/2015 11:00,63,30,33
9/2/2015 12:00,83,48,35
9/2/2015 13:00,88,42,46
9/2/2015 14:00,91,53,38
9/2/2015 15:00,136,56,80
9/2/2015 16:00,322,129,193
9/2/2015 17:00,607,191,416
9/2/2015 18:00,399,133,266
9/2/2015 19:00,193,76,117
9/2/2015 20:00,108,39,69
9/2/2015 21:00,48,23,25
9/2/2015 22:00,30,12,18
9/2/2015 23:00,26,11,15
9/3/2015 0:00,8,4,4
9/3/2015 1:00,9,6,3
9/3/2015 2:00,2,0,2
9/3/2015 3:00,3,2,1
9/3/2015 4:00,7,2,5
9/3/2015 5:00,34,18,16
9/3/2015 6:00,129,89,40
9/3/2015 7:00,327,218,109
9/3/2015 8:00,391,253,138
9/3/2015 9:00,217,136,81
9/3/2015 10:00,92,53,39
9/3/2015 11:00,86,48,38
9/3/2015 12:00,74,35,39
9/3/2015 13:00,72,31,41
9/3/2015 14:00,91,44,47
9/3/2015 15:00,142,48,94
9/3/2015 16:00,286,118,168
9/3/2015 17:00,460,151,309
9/3/2015 18:00,330,120,210
9/3/2015 19:00,167,69,98
9/3/2015 20:00,112,38,74
9/3/2015 21:00,45,19,26
9/3/2015 22:00,45,18,27
9/3/2015 23:00,30,12,18
9/4/2015 0:00,11,8,3
9/4/2015 1:00,4,2,2
9/4/2015 2:00,3,1,2
9/4/2015 3:00,5,3,2
9/4/2015 4:00,5,3,2
9/4/2015 5:00,37,24,13
9/4/2015 6:00,108,80,28
9/4/2015 7:00,301,219,82
9/4/2015 8:00,369,235,134
9/4/2015 9:00,211,121,90
9/4/2015 10:00,79,50,29
9/4/2015 11:00,68,30,38
9/4/2015 12:00,66,30,36
9/4/2015 13:00,71,37,34
9/4/2015 14:00,126,58,68
9/4/2015 15:00,196,60,136
9/4/2015 16:00,282,101,181
9/4/2015 17:00,413,138,275
9/4/2015 18:00,292,105,187
9/4/2015 19:00,130,56,74
9/4/2015 20:00,78,27,51
9/4/2015 21:00,35,18,17
9/4/2015 22:00,27,14,13
9/4/2015 23:00,20,5,15
9/5/2015 0:00,20,8,12
9/5/2015 1:00,11,5,6
9/5/2015 2:00,6,3,3
9/5/2015 3:00,3,3,0
9/5/2015 4:00,3,1,2
9/5/2015 5:00,11,9,2
9/5/2015 6:00,23,15,8
9/5/2015 7:00,36,17,19
9/5/2015 8:00,69,33,36
9/5/2015 9:00,117,62,55
9/5/2015 10:00,102,61,41
9/5/2015 11:00,149,74,75
9/5/2015 12:00,157,88,69
9/5/2015 13:00,172,101,71
9/5/2015 14:00,147,81,66
9/5/2015 15:00,197,99,98
9/5/2015 16:00,141,80,61
9/5/2015 17:00,51,22,29
9/5/2015 18:00,48,20,28
9/5/2015 19:00,38,20,18
9/5/2015 20:00,25,8,17
9/5/2015 21:00,29,8,21
9/5/2015 22:00,16,5,11
9/5/2015 23:00,25,3,22
9/6/2015 0:00,12,2,10
9/6/2015 1:00,11,6,5
9/6/2015 2:00,4,1,3
9/6/2015 3:00,2,0,2
9/6/2015 4:00,3,2,1
9/6/2015 5:00,3,3,0
9/6/2015 6:00,9,5,4
9/6/2015 7:00,10,6,4
9/6/2015 8:00,23,11,12
9/6/2015 9:00,37,19,18
9/6/2015 10:00,61,34,27
9/6/2015 11:00,54,29,25
9/6/2015 12:00,93,50,43
9/6/2015 13:00,65,40,25
9/6/2015 14:00,74,47,27
9/6/2015 15:00,81,33,48
9/6/2015 16:00,87,48,39
9/6/2015 17:00,59,28,31
9/6/2015 18:00,66,38,28
9/6/2015 19:00,46,26,20
9/6/2015 20:00,24,8,16
9/6/2015 21:00,26,13,13
9/6/2015 22:00,25,11,14
9/6/2015 23:00,16,6,10
9/7/2015 0:00,6,2,4
9/7/2015 1:00,5,2,3
9/7/2015 2:00,4,0,4
9/7/2015 3:00,2,1,1
9/7/2015 4:00,3,2,1
9/7/2015 5:00,11,9,2
9/7/2015 6:00,23,9,14
9/7/2015 7:00,32,20,12
9/7/2015 8:00,58,32,26
9/7/2015 9:00,79,37,42
9/7/2015 10:00,92,44,48
9/7/2015 11:00,151,92,59
9/7/2015 12:00,153,93,60
9/7/2015 13:00,181,99,82
9/7/2015 14:00,198,104,94
9/7/2015 15:00,219,123,96
9/7/2015 16:00,235,134,101
9/7/2015 17:00,170,101,69
9/7/2015 18:00,124,69,55
9/7/2015 19:00,99,59,40
9/7/2015 20:00,54,32,22
9/7/2015 21:00,56,23,33
9/7/2015 22:00,37,14,23
9/7/2015 23:00,13,6,7
9/8/2015 0:00,12,2,10
9/8/2015 1:00,5,3,2
9/8/2015 2:00,4,1,3
9/8/2015 3:00,6,4,2
9/8/2015 4:00,8,4,4
9/8/2015 5:00,44,29,15
9/8/2015 6:00,168,113,55
9/8/2015 7:00,410,271,139
9/8/2015 8:00,482,304,178
9/8/2015 9:00,232,144,88
9/8/2015 10:00,94,48,46
9/8/2015 11:00,76,35,41
9/8/2015 12:00,77,49,28
9/8/2015 13:00,77,44,33
9/8/2015 14:00,110,52,58
9/8/2015 15:00,144,68,76
9/8/2015 16:00,283,105,178
9/8/2015 17:00,602,151,451
9/8/2015 18:00,446,144,302
9/8/2015 19:00,187,75,112
9/8/2015 20:00,89,39,50
9/8/2015 21:00,58,29,29
9/8/2015 22:00,31,11,20
9/8/2015 23:00,20,8,12
9/9/2015 0:00,9,4,5
9/9/2015 1:00,6,2,4
9/9/2015 2:00,5,1,4
9/9/2015 3:00,2,2,0
9/9/2015 4:00,13,7,6
9/9/2015 5:00,42,26,16
9/9/2015 6:00,175,119,56
9/9/2015 7:00,453,313,140
9/9/2015 8:00,564,376,188
9/9/2015 9:00,284,160,124
9/9/2015 10:00,109,61,48
9/9/2015 11:00,100,56,44
9/9/2015 12:00,110,50,60
9/9/2015 13:00,91,41,50
9/9/2015 14:00,96,44,52
9/9/2015 15:00,169,72,97
9/9/2015 16:00,330,120,210
9/9/2015 17:00,719,218,501
9/9/2015 18:00,494,178,316
9/9/2015 19:00,258,100,158
9/9/2015 20:00,102,41,61
9/9/2015 21:00,89,37,52
9/9/2015 22:00,62,28,34
9/9/2015 23:00,31,14,17
9/10/2015 0:00,14,6,8
9/10/2015 1:00,6,5,1
9/10/2015 2:00,3,1,2
9/10/2015 3:00,6,4,2
9/10/2015 4:00,7,5,2
9/10/2015 5:00,33,21,12
9/10/2015 6:00,177,123,54
9/10/2015 7:00,413,280,133
9/10/2015 8:00,539,348,191
9/10/2015 9:00,255,146,109
9/10/2015 10:00,113,69,44
9/10/2015 11:00,99,46,53
9/10/2015 12:00,105,51,54
9/10/2015 13:00,109,59,50
9/10/2015 14:00,117,53,64
9/10/2015 15:00,154,78,76
9/10/2015 16:00,330,121,209
9/10/2015 17:00,618,191,427
9/10/2015 18:00,428,151,277
9/10/2015 19:00,240,91,149
9/10/2015 20:00,107,44,63
9/10/2015 21:00,90,41,49
9/10/2015 22:00,39,19,20
9/10/2015 23:00,28,8,20
9/11/2015 0:00,13,8,5
9/11/2015 1:00,3,1,2
9/11/2015 2:00,4,0,4
9/11/2015 3:00,4,3,1
9/11/2015 4:00,5,3,2
9/11/2015 5:00,38,27,11
9/11/2015 6:00,118,79,39
9/11/2015 7:00,379,262,117
9/11/2015 8:00,496,347,149
9/11/2015 9:00,286,168,118
9/11/2015 10:00,123,72,51
9/11/2015 11:00,113,52,61
9/11/2015 12:00,90,43,47
9/11/2015 13:00,90,47,43
9/11/2015 14:00,132,58,74
9/11/2015 15:00,161,74,87
9/11/2015 16:00,351,128,223
9/11/2015 17:00,590,186,404
9/11/2015 18:00,360,134,226
9/11/2015 19:00,170,68,102
9/11/2015 20:00,101,48,53
9/11/2015 21:00,54,23,31
9/11/2015 22:00,36,15,21
9/11/2015 23:00,44,17,27
9/12/2015 0:00,18,7,11
9/12/2015 1:00,8,3,5
9/12/2015 2:00,10,5,5
9/12/2015 3:00,5,2,3
9/12/2015 4:00,6,3,3
9/12/2015 5:00,13,6,7
9/12/2015 6:00,13,5,8
9/12/2015 7:00,61,28,33
9/12/2015 8:00,88,37,51
9/12/2015 9:00,137,73,64
9/12/2015 10:00,117,71,46
9/12/2015 11:00,176,99,77
9/12/2015 12:00,188,102,86
9/12/2015 13:00,187,120,67
9/12/2015 14:00,230,131,99
9/12/2015 15:00,205,117,88
9/12/2015 16:00,155,73,82
9/12/2015 17:00,183,84,99
9/12/2015 18:00,139,83,56
9/12/2015 19:00,95,61,34
9/12/2015 20:00,62,30,32
9/12/2015 21:00,52,22,30
9/12/2015 22:00,26,11,15
9/12/2015 23:00,17,5,12
9/13/2015 0:00,17,8,9
9/13/2015 1:00,6,2,4
9/13/2015 2:00,13,3,10
9/13/2015 3:00,3,2,1
9/13/2015 4:00,2,2,0
9/13/2015 5:00,7,4,3
9/13/2015 6:00,21,13,8
9/13/2015 7:00,21,8,13
9/13/2015 8:00,56,27,29
9/13/2015 9:00,225,41,184
9/13/2015 10:00,95,33,62
9/13/2015 11:00,52,24,28
9/13/2015 12:00,115,92,23
9/13/2015 13:00,103,80,23
9/13/2015 14:00,113,60,53
9/13/2015 15:00,109,63,46
9/13/2015 16:00,102,49,53
9/13/2015 17:00,82,50,32
9/13/2015 18:00,79,43,36
9/13/2015 19:00,43,21,22
9/13/2015 20:00,28,8,20
9/13/2015 21:00,17,6,11
9/13/2015 22:00,12,6,6
9/13/2015 23:00,6,3,3
9/14/2015 0:00,8,6,2
9/14/2015 1:00,3,0,3
9/14/2015 2:00,3,2,1
9/14/2015 3:00,4,2,2
9/14/2015 4:00,6,6,0
9/14/2015 5:00,30,21,9
9/14/2015 6:00,140,102,38
9/14/2015 7:00,373,250,123
9/14/2015 8:00,471,317,154
9/14/2015 9:00,226,141,85
9/14/2015 10:00,99,53,46
9/14/2015 11:00,53,27,26
9/14/2015 12:00,48,25,23
9/14/2015 13:00,64,37,27
9/14/2015 14:00,86,41,45
9/14/2015 15:00,140,54,86
9/14/2015 16:00,275,111,164
9/14/2015 17:00,578,164,414
9/14/2015 18:00,351,122,229
9/14/2015 19:00,162,61,101
9/14/2015 20:00,81,34,47
9/14/2015 21:00,40,19,21
9/14/2015 22:00,26,12,14
9/14/2015 23:00,17,8,9
9/15/2015 0:00,13,4,9
9/15/2015 1:00,5,4,1
9/15/2015 2:00,3,1,2
9/15/2015 3:00,5,2,3
9/15/2015 4:00,9,7,2
9/15/2015 5:00,39,18,21
9/15/2015 6:00,148,100,48
9/15/2015 7:00,387,272,115
9/15/2015 8:00,511,341,170
9/15/2015 9:00,243,144,99
9/15/2015 10:00,95,60,35
9/15/2015 11:00,87,46,41
9/15/2015 12:00,70,37,33
9/15/2015 13:00,100,59,41
9/15/2015 14:00,106,55,51
9/15/2015 15:00,136,55,81
9/15/2015 16:00,328,130,198
9/15/2015 17:00,575,162,413
9/15/2015 18:00,383,130,253
9/15/2015 19:00,182,71,111
9/15/2015 20:00,89,37,52
9/15/2015 21:00,76,33,43
9/15/2015 22:00,42,13,29
9/15/2015 23:00,25,14,11
9/16/2015 0:00,11,6,5
9/16/2015 1:00,1,1,0
9/16/2015 2:00,3,2,1
9/16/2015 3:00,2,2,0
9/16/2015 4:00,8,3,5
9/16/2015 5:00,35,22,13
9/16/2015 6:00,135,92,43
9/16/2015 7:00,375,252,123
9/16/2015 8:00,522,344,178
9/16/2015 9:00,247,155,92
9/16/2015 10:00,98,54,44
9/16/2015 11:00,100,62,38
9/16/2015 12:00,104,50,54
9/16/2015 13:00,115,59,56
9/16/2015 14:00,106,45,61
9/16/2015 15:00,136,59,77
9/16/2015 16:00,339,134,205
9/16/2015 17:00,583,160,423
9/16/2015 18:00,407,133,274
9/16/2015 19:00,167,55,112
9/16/2015 20:00,117,48,69
9/16/2015 21:00,56,23,33
9/16/2015 22:00,39,9,30
9/16/2015 23:00,25,12,13
9/17/2015 0:00,11,4,7
9/17/2015 1:00,9,3,6
9/17/2015 2:00,2,1,1
9/17/2015 3:00,3,3,0
9/17/2015 4:00,10,4,6
9/17/2015 5:00,34,24,10
9/17/2015 6:00,106,71,35
9/17/2015 7:00,307,212,95
9/17/2015 8:00,369,231,138
9/17/2015 9:00,190,116,74
9/17/2015 10:00,96,53,43
9/17/2015 11:00,41,25,16
9/17/2015 12:00,40,22,18
9/17/2015 13:00,64,30,34
9/17/2015 14:00,59,25,34
9/17/2015 15:00,90,34,56
9/17/2015 16:00,161,56,105
9/17/2015 17:00,398,91,307
9/17/2015 18:00,228,69,159
9/17/2015 19:00,120,37,83
9/17/2015 20:00,47,21,26
9/17/2015 21:00,35,16,19
9/17/2015 22:00,20,7,13
9/17/2015 23:00,13,5,8
9/18/2015 0:00,20,8,12
9/18/2015 1:00,1,0,1
9/18/2015 2:00,2,0,2
9/18/2015 3:00,4,4,0
9/18/2015 4:00,9,6,3
9/18/2015 5:00,34,25,9
9/18/2015 6:00,110,78,32
9/18/2015 7:00,308,219,89
9/18/2015 8:00,370,236,134
9/18/2015 9:00,224,133,91
9/18/2015 10:00,87,51,36
9/18/2015 11:00,82,40,42
9/18/2015 12:00,95,49,46
9/18/2015 13:00,76,26,50
9/18/2015 14:00,115,61,54
9/18/2015 15:00,138,60,78
9/18/2015 16:00,282,113,169
9/18/2015 17:00,500,163,337
9/18/2015 18:00,252,79,173
9/18/2015 19:00,135,44,91
9/18/2015 20:00,45,17,28
9/18/2015 21:00,36,14,22
9/18/2015 22:00,41,20,21
9/18/2015 23:00,34,15,19
9/19/2015 0:00,18,5,13
9/19/2015 1:00,7,5,2
9/19/2015 2:00,18,7,11
9/19/2015 3:00,1,0,1
9/19/2015 4:00,4,3,1
9/19/2015 5:00,14,10,4
9/19/2015 6:00,24,14,10
9/19/2015 7:00,46,24,22
9/19/2015 8:00,66,30,36
9/19/2015 9:00,92,52,40
9/19/2015 10:00,117,65,52
9/19/2015 11:00,134,67,67
9/19/2015 12:00,137,62,75
9/19/2015 13:00,135,78,57
9/19/2015 14:00,146,87,59
9/19/2015 15:00,175,89,86
9/19/2015 16:00,181,97,84
9/19/2015 17:00,156,87,69
9/19/2015 18:00,139,71,68
9/19/2015 19:00,80,48,32
9/19/2015 20:00,48,26,22
9/19/2015 21:00,42,22,20
9/19/2015 22:00,27,17,10
9/19/2015 23:00,27,15,12
9/20/2015 0:00,20,12,8
9/20/2015 1:00,14,8,6
9/20/2015 2:00,10,5,5
9/20/2015 3:00,4,3,1
9/20/2015 4:00,4,3,1
9/20/2015 5:00,6,5,1
9/20/2015 6:00,16,11,5
9/20/2015 7:00,14,9,5
9/20/2015 8:00,50,29,21
9/20/2015 9:00,75,44,31
9/20/2015 10:00,96,65,31
9/20/2015 11:00,113,52,61
9/20/2015 12:00,92,44,48
9/20/2015 13:00,132,63,69
9/20/2015 14:00,145,84,61
9/20/2015 15:00,131,71,60
9/20/2015 16:00,112,63,49
9/20/2015 17:00,96,49,47
9/20/2015 18:00,72,38,34
9/20/2015 19:00,38,22,16
9/20/2015 20:00,19,9,10
9/20/2015 21:00,17,9,8
9/20/2015 22:00,16,8,8
9/20/2015 23:00,11,6,5
9/21/2015 0:00,3,1,2
9/21/2015 1:00,3,1,2
9/21/2015 2:00,0,0,0
9/21/2015 3:00,4,4,0
9/21/2015 4:00,9,6,3
9/21/2015 5:00,45,28,17
9/21/2015 6:00,137,92,45
9/21/2015 7:00,387,260,127
9/21/2015 8:00,533,338,195
9/21/2015 9:00,248,159,89
9/21/2015 10:00,92,56,36
9/21/2015 11:00,91,54,37
9/21/2015 12:00,104,54,50
9/21/2015 13:00,96,39,57
9/21/2015 14:00,113,52,61
9/21/2015 15:00,166,67,99
9/21/2015 16:00,309,113,196
9/21/2015 17:00,655,190,465
9/21/2015 18:00,447,161,286
9/21/2015 19:00,170,59,111
9/21/2015 20:00,90,42,48
9/21/2015 21:00,51,21,30
9/21/2015 22:00,33,18,15
9/21/2015 23:00,19,9,10
9/22/2015 0:00,10,7,3
9/22/2015 1:00,9,2,7
9/22/2015 2:00,2,1,1
9/22/2015 3:00,8,5,3
9/22/2015 4:00,6,2,4
9/22/2015 5:00,51,27,24
9/22/2015 6:00,157,97,60
9/22/2015 7:00,499,365,134
9/22/2015 8:00,630,420,210
9/22/2015 9:00,334,210,124
9/22/2015 10:00,128,69,59
9/22/2015 11:00,88,50,38
9/22/2015 12:00,115,71,44
9/22/2015 13:00,100,45,55
9/22/2015 14:00,141,60,81
9/22/2015 15:00,163,67,96
9/22/2015 16:00,370,126,244
9/22/2015 17:00,780,239,541
9/22/2015 18:00,481,154,327
9/22/2015 19:00,243,81,162
9/22/2015 20:00,107,36,71
9/22/2015 21:00,58,24,34
9/22/2015 22:00,43,17,26
9/22/2015 23:00,28,15,13
9/23/2015 0:00,14,7,7
9/23/2015 1:00,6,5,1
9/23/2015 2:00,3,2,1
9/23/2015 3:00,3,3,0
9/23/2015 4:00,17,12,5
9/23/2015 5:00,40,29,11
9/23/2015 6:00,157,97,60
9/23/2015 7:00,486,341,145
9/23/2015 8:00,625,424,201
9/23/2015 9:00,320,210,110
9/23/2015 10:00,116,58,58
9/23/2015 11:00,94,47,47
9/23/2015 12:00,121,69,52
9/23/2015 13:00,113,60,53
9/23/2015 14:00,143,78,65
9/23/2015 15:00,175,83,92
9/23/2015 16:00,398,149,249
9/23/2015 17:00,781,250,531
9/23/2015 18:00,460,154,306
9/23/2015 19:00,206,69,137
9/23/2015 20:00,109,43,66
9/23/2015 21:00,92,34,58
9/23/2015 22:00,57,31,26
9/23/2015 23:00,26,15,11
9/24/2015 0:00,15,10,5
9/24/2015 1:00,8,4,4
9/24/2015 2:00,3,1,2
9/24/2015 3:00,2,2,0
9/24/2015 4:00,14,7,7
9/24/2015 5:00,39,24,15
9/24/2015 6:00,162,115,47
9/24/2015 7:00,370,253,117
9/24/2015 8:00,566,386,180
9/24/2015 9:00,309,203,106
9/24/2015 10:00,122,71,51
9/24/2015 11:00,94,54,40
9/24/2015 12:00,126,73,53
9/24/2015 13:00,134,69,65
9/24/2015 14:00,145,60,85
9/24/2015 15:00,169,69,100
9/24/2015 16:00,368,134,234
9/24/2015 17:00,670,207,463
9/24/2015 18:00,528,167,361
9/24/2015 19:00,218,76,142
9/24/2015 20:00,99,36,63
9/24/2015 21:00,76,31,45
9/24/2015 22:00,58,24,34
9/24/2015 23:00,26,10,16
9/25/2015 0:00,18,10,8
9/25/2015 1:00,7,2,5
9/25/2015 2:00,1,0,1
9/25/2015 3:00,3,3,0
9/25/2015 4:00,9,5,4
9/25/2015 5:00,39,26,13
9/25/2015 6:00,108,80,28
9/25/2015 7:00,287,204,83
9/25/2015 8:00,348,236,112
9/25/2015 9:00,208,119,89
9/25/2015 10:00,80,45,35
9/25/2015 11:00,61,28,33
9/25/2015 12:00,70,35,35
9/25/2015 13:00,64,29,35
9/25/2015 14:00,94,38,56
9/25/2015 15:00,119,46,73
9/25/2015 16:00,212,72,140
9/25/2015 17:00,432,127,305
9/25/2015 18:00,257,84,173
9/25/2015 19:00,110,47,63
9/25/2015 20:00,61,27,34
9/25/2015 21:00,46,23,23
9/25/2015 22:00,30,17,13
9/25/2015 23:00,20,11,9
9/26/2015 0:00,17,8,9
9/26/2015 1:00,6,3,3
9/26/2015 2:00,9,4,5
9/26/2015 3:00,4,1,3
9/26/2015 4:00,5,1,4
9/26/2015 5:00,12,6,6
9/26/2015 6:00,16,9,7
9/26/2015 7:00,46,20,26
9/26/2015 8:00,70,37,33
9/26/2015 9:00,107,59,48
9/26/2015 10:00,129,68,61
9/26/2015 11:00,145,75,70
9/26/2015 12:00,168,101,67
9/26/2015 13:00,125,54,71
9/26/2015 14:00,152,63,89
9/26/2015 15:00,165,95,70
9/26/2015 16:00,127,77,50
9/26/2015 17:00,145,65,80
9/26/2015 18:00,136,70,66
9/26/2015 19:00,79,41,38
9/26/2015 20:00,35,12,23
9/26/2015 21:00,33,14,19
9/26/2015 22:00,18,8,10
9/26/2015 23:00,19,8,11
9/27/2015 0:00,8,4,4
9/27/2015 1:00,12,4,8
9/27/2015 2:00,3,2,1
9/27/2015 3:00,6,4,2
9/27/2015 4:00,7,3,4
9/27/2015 5:00,14,11,3
9/27/2015 6:00,24,12,12
9/27/2015 7:00,33,21,12
9/27/2015 8:00,67,36,31
9/27/2015 9:00,81,51,30
9/27/2015 10:00,87,50,37
9/27/2015 11:00,133,76,57
9/27/2015 12:00,138,88,50
9/27/2015 13:00,177,90,87
9/27/2015 14:00,161,78,83
9/27/2015 15:00,133,76,57
9/27/2015 16:00,128,79,49
9/27/2015 17:00,137,83,54
9/27/2015 18:00,93,54,39
9/27/2015 19:00,46,29,17
9/27/2015 20:00,28,16,12
9/27/2015 21:00,22,16,6
9/27/2015 22:00,14,6,8
9/27/2015 23:00,19,6,13
9/28/2015 0:00,6,2,4
9/28/2015 1:00,4,1,3
9/28/2015 2:00,1,1,0
9/28/2015 3:00,3,2,1
9/28/2015 4:00,12,9,3
9/28/2015 5:00,39,24,15
9/28/2015 6:00,134,97,37
9/28/2015 7:00,414,290,124
9/28/2015 8:00,535,373,162
9/28/2015 9:00,284,177,107
9/28/2015 10:00,101,62,39
9/28/2015 11:00,76,37,39
9/28/2015 12:00,76,49,27
9/28/2015 13:00,109,52,57
9/28/2015 14:00,109,57,52
9/28/2015 15:00,144,66,78
9/28/2015 16:00,305,129,176
9/28/2015 17:00,681,191,490
9/28/2015 18:00,480,152,328
9/28/2015 19:00,150,52,98
9/28/2015 20:00,104,41,63
9/28/2015 21:00,47,21,26
9/28/2015 22:00,28,13,15
9/28/2015 23:00,20,9,11
9/29/2015 0:00,16,7,9
9/29/2015 1:00,4,3,1
9/29/2015 2:00,6,1,5
9/29/2015 3:00,1,1,0
9/29/2015 4:00,12,8,4
9/29/2015 5:00,45,24,21
9/29/2015 6:00,158,117,41
9/29/2015 7:00,447,319,128
9/29/2015 8:00,617,426,191
9/29/2015 9:00,295,178,117
9/29/2015 10:00,116,67,49
9/29/2015 11:00,93,45,48
9/29/2015 12:00,113,56,57
9/29/2015 13:00,121,58,63
9/29/2015 14:00,147,67,80
9/29/2015 15:00,157,70,87
9/29/2015 16:00,382,149,233
9/29/2015 17:00,688,171,517
9/29/2015 18:00,501,158,343
9/29/2015 19:00,190,84,106
9/29/2015 20:00,92,30,62
9/29/2015 21:00,73,37,36
9/29/2015 22:00,44,13,31
9/29/2015 23:00,18,8,10
9/30/2015 0:00,14,9,5
9/30/2015 1:00,9,7,2
9/30/2015 2:00,6,4,2
9/30/2015 3:00,4,3,1
9/30/2015 4:00,12,7,5
9/30/2015 5:00,45,30,15
9/30/2015 6:00,149,92,57
9/30/2015 7:00,417,291,126
9/30/2015 8:00,604,402,202
9/30/2015 9:00,267,167,100
9/30/2015 10:00,111,65,46
9/30/2015 11:00,63,36,27
9/30/2015 12:00,98,48,50
9/30/2015 13:00,96,51,45
9/30/2015 14:00,103,48,55
9/30/2015 15:00,150,66,84
9/30/2015 16:00,363,144,219
9/30/2015 17:00,665,189,476
9/30/2015 18:00,409,139,270
9/30/2015 19:00,216,84,132
9/30/2015 20:00,102,42,60
9/30/2015 21:00,85,34,51
9/30/2015 22:00,44,21,23
9/30/2015 23:00,23,13,10
10/1/2015 0:00,15,7,8
10/1/2015 1:00,3,2,1
10/1/2015 2:00,4,3,1
10/1/2015 3:00,2,1,1
10/1/2015 4:00,10,5,5
10/1/2015 5:00,42,26,16
10/1/2015 6:00,142,100,42
10/1/2015 7:00,378,255,123
10/1/2015 8:00,538,378,160
10/1/2015 9:00,297,187,110
10/1/2015 10:00,136,72,64
10/1/2015 11:00,102,53,49
10/1/2015 12:00,107,56,51
10/1/2015 13:00,110,55,55
10/1/2015 14:00,129,63,66
10/1/2015 15:00,176,73,103
10/1/2015 16:00,345,158,187
10/1/2015 17:00,680,201,479
10/1/2015 18:00,438,140,298
10/1/2015 19:00,196,69,127
10/1/2015 20:00,99,43,56
10/1/2015 21:00,74,41,33
10/1/2015 22:00,43,13,30
10/1/2015 23:00,35,21,14
10/2/2015 0:00,13,7,6
10/2/2015 1:00,9,4,5
10/2/2015 2:00,2,1,1
10/2/2015 3:00,2,0,2
10/2/2015 4:00,10,6,4
10/2/2015 5:00,29,18,11
10/2/2015 6:00,92,61,31
10/2/2015 7:00,300,201,99
10/2/2015 8:00,414,272,142
10/2/2015 9:00,240,153,87
10/2/2015 10:00,97,54,43
10/2/2015 11:00,85,52,33
10/2/2015 12:00,82,37,45
10/2/2015 13:00,97,54,43
10/2/2015 14:00,91,48,43
10/2/2015 15:00,152,50,102
10/2/2015 16:00,255,73,182
10/2/2015 17:00,486,149,337
10/2/2015 18:00,276,125,151
10/2/2015 19:00,125,46,79
10/2/2015 20:00,56,25,31
10/2/2015 21:00,32,12,20
10/2/2015 22:00,40,13,27
10/2/2015 23:00,32,16,16
10/3/2015 0:00,25,10,15
10/3/2015 1:00,14,5,9
10/3/2015 2:00,5,3,2
10/3/2015 3:00,5,3,2
10/3/2015 4:00,5,0,5
10/3/2015 5:00,9,5,4
10/3/2015 6:00,20,11,9
10/3/2015 7:00,37,23,14
10/3/2015 8:00,56,29,27
10/3/2015 9:00,78,43,35
10/3/2015 10:00,90,48,42
10/3/2015 11:00,132,71,61
10/3/2015 12:00,147,81,66
10/3/2015 13:00,162,81,81
10/3/2015 14:00,158,80,78
10/3/2015 15:00,190,96,94
10/3/2015 16:00,145,83,62
10/3/2015 17:00,125,62,63
10/3/2015 18:00,145,81,64
10/3/2015 19:00,77,46,31
10/3/2015 20:00,39,15,24
10/3/2015 21:00,23,10,13
10/3/2015 22:00,33,15,18
10/3/2015 23:00,19,10,9
10/4/2015 0:00,18,7,11
10/4/2015 1:00,14,5,9
10/4/2015 2:00,7,6,1
10/4/2015 3:00,4,2,2
10/4/2015 4:00,4,1,3
10/4/2015 5:00,6,3,3
10/4/2015 6:00,12,7,5
10/4/2015 7:00,30,23,7
10/4/2015 8:00,76,47,29
10/4/2015 9:00,125,68,57
10/4/2015 10:00,147,81,66
10/4/2015 11:00,154,88,66
10/4/2015 12:00,170,101,69
10/4/2015 13:00,195,105,90
10/4/2015 14:00,198,106,92
10/4/2015 15:00,205,111,94
10/4/2015 16:00,179,105,74
10/4/2015 17:00,170,97,73
10/4/2015 18:00,92,56,36
10/4/2015 19:00,43,26,17
10/4/2015 20:00,29,16,13
10/4/2015 21:00,58,22,36
10/4/2015 22:00,26,13,13
10/4/2015 23:00,13,4,9
10/5/2015 0:00,12,7,5
10/5/2015 1:00,3,1,2
10/5/2015 2:00,2,1,1
10/5/2015 3:00,3,2,1
10/5/2015 4:00,10,7,3
10/5/2015 5:00,38,27,11
10/5/2015 6:00,135,89,46
10/5/2015 7:00,420,298,122
10/5/2015 8:00,588,398,190
10/5/2015 9:00,285,167,118
10/5/2015 10:00,109,58,51
10/5/2015 11:00,103,50,53
10/5/2015 12:00,92,44,48
10/5/2015 13:00,93,49,44
10/5/2015 14:00,120,63,57
10/5/2015 15:00,210,89,121
10/5/2015 16:00,351,115,236
10/5/2015 17:00,714,215,499
10/5/2015 18:00,388,133,255
10/5/2015 19:00,151,67,84
10/5/2015 20:00,107,54,53
10/5/2015 21:00,66,31,35
10/5/2015 22:00,32,11,21
10/5/2015 23:00,21,10,11
10/6/2015 0:00,14,7,7
10/6/2015 1:00,10,3,7
10/6/2015 2:00,2,1,1
10/6/2015 3:00,4,4,0
10/6/2015 4:00,10,4,6
10/6/2015 5:00,50,34,16
10/6/2015 6:00,141,94,47
10/6/2015 7:00,457,305,152
10/6/2015 8:00,572,385,187
10/6/2015 9:00,269,165,104
10/6/2015 10:00,125,67,58
10/6/2015 11:00,88,56,32
10/6/2015 12:00,90,49,41
10/6/2015 13:00,85,42,43
10/6/2015 14:00,99,40,59
10/6/2015 15:00,141,68,73
10/6/2015 16:00,340,122,218
10/6/2015 17:00,612,168,444
10/6/2015 18:00,415,148,267
10/6/2015 19:00,159,60,99
10/6/2015 20:00,86,36,50
10/6/2015 21:00,61,23,38
10/6/2015 22:00,33,11,22
10/6/2015 23:00,22,10,12
10/7/2015 0:00,11,7,4
10/7/2015 1:00,3,1,2
10/7/2015 2:00,4,3,1
10/7/2015 3:00,5,4,1
10/7/2015 4:00,7,2,5
10/7/2015 5:00,34,21,13
10/7/2015 6:00,106,65,41
10/7/2015 7:00,267,196,71
10/7/2015 8:00,356,235,121
10/7/2015 9:00,177,121,56
10/7/2015 10:00,57,36,21
10/7/2015 11:00,37,20,17
10/7/2015 12:00,33,16,17
10/7/2015 13:00,47,23,24
10/7/2015 14:00,56,22,34
10/7/2015 15:00,78,26,52
10/7/2015 16:00,166,50,116
10/7/2015 17:00,409,107,302
10/7/2015 18:00,253,84,169
10/7/2015 19:00,107,38,69
10/7/2015 20:00,69,27,42
10/7/2015 21:00,31,10,21
10/7/2015 22:00,30,8,22
10/7/2015 23:00,16,9,7
10/8/2015 0:00,14,10,4
10/8/2015 1:00,5,3,2
10/8/2015 2:00,5,2,3
10/8/2015 3:00,4,2,2
10/8/2015 4:00,12,7,5
10/8/2015 5:00,38,23,15
10/8/2015 6:00,130,87,43
10/8/2015 7:00,364,264,100
10/8/2015 8:00,507,327,180
10/8/2015 9:00,268,168,100
10/8/2015 10:00,112,58,54
10/8/2015 11:00,93,47,46
10/8/2015 12:00,88,34,54
10/8/2015 13:00,79,42,37
10/8/2015 14:00,99,44,55
10/8/2015 15:00,167,80,87
10/8/2015 16:00,264,98,166
10/8/2015 17:00,577,185,392
10/8/2015 18:00,395,148,247
10/8/2015 19:00,144,53,91
10/8/2015 20:00,98,42,56
10/8/2015 21:00,63,23,40
10/8/2015 22:00,31,6,25
10/8/2015 23:00,31,16,15
10/9/2015 0:00,24,7,17
10/9/2015 1:00,11,3,8
10/9/2015 2:00,4,0,4
10/9/2015 3:00,5,0,5
10/9/2015 4:00,4,1,3
10/9/2015 5:00,38,23,15
10/9/2015 6:00,110,78,32
10/9/2015 7:00,299,201,98
10/9/2015 8:00,427,297,130
10/9/2015 9:00,221,138,83
10/9/2015 10:00,106,60,46
10/9/2015 11:00,80,40,40
10/9/2015 12:00,80,43,37
10/9/2015 13:00,93,43,50
10/9/2015 14:00,94,39,55
10/9/2015 15:00,162,63,99
10/9/2015 16:00,265,97,168
10/9/2015 17:00,529,157,372
10/9/2015 18:00,275,90,185
10/9/2015 19:00,118,51,67
10/9/2015 20:00,60,22,38
10/9/2015 21:00,46,26,20
10/9/2015 22:00,35,13,22
10/9/2015 23:00,33,11,22
10/10/2015 0:00,20,10,10
10/10/2015 1:00,15,7,8
10/10/2015 2:00,7,1,6
10/10/2015 3:00,5,3,2
10/10/2015 4:00,3,1,2
10/10/2015 5:00,11,5,6
10/10/2015 6:00,11,6,5
10/10/2015 7:00,13,11,2
10/10/2015 8:00,37,21,16
10/10/2015 9:00,39,27,12
10/10/2015 10:00,30,15,15
10/10/2015 11:00,24,16,8
10/10/2015 12:00,27,13,14
10/10/2015 13:00,32,22,10
10/10/2015 14:00,23,13,10
10/10/2015 15:00,35,18,17
10/10/2015 16:00,39,19,20
10/10/2015 17:00,42,21,21
10/10/2015 18:00,33,18,15
10/10/2015 19:00,17,11,6
10/10/2015 20:00,12,6,6
10/10/2015 21:00,25,18,7
10/10/2015 22:00,14,5,9
10/10/2015 23:00,25,14,11
10/11/2015 0:00,15,12,3
10/11/2015 1:00,8,1,7
10/11/2015 2:00,1,1,0
10/11/2015 3:00,1,0,1
10/11/2015 4:00,4,2,2
10/11/2015 5:00,6,4,2
10/11/2015 6:00,15,12,3
10/11/2015 7:00,20,14,6
10/11/2015 8:00,38,17,21
10/11/2015 9:00,71,36,35
10/11/2015 10:00,64,37,27
10/11/2015 11:00,125,57,68
10/11/2015 12:00,118,58,60
10/11/2015 13:00,130,57,73
10/11/2015 14:00,183,107,76
10/11/2015 15:00,186,102,84
10/11/2015 16:00,130,79,51
10/11/2015 17:00,114,64,50
10/11/2015 18:00,87,54,33
10/11/2015 19:00,46,27,19
10/11/2015 20:00,32,17,15
10/11/2015 21:00,16,11,5
10/11/2015 22:00,22,10,12
10/11/2015 23:00,16,6,10
10/12/2015 0:00,9,5,4
10/12/2015 1:00,6,4,2
10/12/2015 2:00,4,3,1
10/12/2015 3:00,3,3,0
10/12/2015 4:00,6,2,4
10/12/2015 5:00,43,27,16
10/12/2015 6:00,140,90,50
10/12/2015 7:00,377,258,119
10/12/2015 8:00,504,344,160
10/12/2015 9:00,269,166,103
10/12/2015 10:00,113,64,49
10/12/2015 11:00,74,38,36
10/12/2015 12:00,61,32,29
10/12/2015 13:00,89,49,40
10/12/2015 14:00,99,50,49
10/12/2015 15:00,142,57,85
10/12/2015 16:00,249,90,159
10/12/2015 17:00,581,153,428
10/12/2015 18:00,391,124,267
10/12/2015 19:00,125,53,72
10/12/2015 20:00,64,26,38
10/12/2015 21:00,36,14,22
10/12/2015 22:00,18,8,10
10/12/2015 23:00,15,4,11
10/13/2015 0:00,9,4,5
10/13/2015 1:00,3,2,1
10/13/2015 2:00,3,2,1
10/13/2015 3:00,3,2,1
10/13/2015 4:00,5,4,1
10/13/2015 5:00,42,23,19
10/13/2015 6:00,129,86,43
10/13/2015 7:00,363,256,107
10/13/2015 8:00,522,356,166
10/13/2015 9:00,229,141,88
10/13/2015 10:00,94,56,38
10/13/2015 11:00,61,32,29
10/13/2015 12:00,74,37,37
10/13/2015 13:00,75,41,34
10/13/2015 14:00,101,52,49
10/13/2015 15:00,147,68,79
10/13/2015 16:00,308,119,189
10/13/2015 17:00,569,159,410
10/13/2015 18:00,375,142,233
10/13/2015 19:00,154,55,99
10/13/2015 20:00,85,35,50
10/13/2015 21:00,56,28,28
10/13/2015 22:00,39,15,24
10/13/2015 23:00,14,6,8
10/14/2015 0:00,13,10,3
10/14/2015 1:00,5,5,0
10/14/2015 2:00,3,2,1
10/14/2015 3:00,5,5,0
10/14/2015 4:00,14,8,6
10/14/2015 5:00,48,31,17
10/14/2015 6:00,145,96,49
10/14/2015 7:00,397,280,117
10/14/2015 8:00,496,345,151
10/14/2015 9:00,244,152,92
10/14/2015 10:00,111,56,55
10/14/2015 11:00,82,36,46
10/14/2015 12:00,71,39,32
10/14/2015 13:00,71,32,39
10/14/2015 14:00,91,39,52
10/14/2015 15:00,150,68,82
10/14/2015 16:00,294,117,177
10/14/2015 17:00,634,189,445
10/14/2015 18:00,394,124,270
10/14/2015 19:00,138,45,93
10/14/2015 20:00,88,38,50
10/14/2015 21:00,52,21,31
10/14/2015 22:00,44,22,22
10/14/2015 23:00,16,8,8
10/15/2015 0:00,15,9,6
10/15/2015 1:00,5,3,2
10/15/2015 2:00,1,1,0
10/15/2015 3:00,9,8,1
10/15/2015 4:00,11,4,7
10/15/2015 5:00,40,27,13
10/15/2015 6:00,150,105,45
10/15/2015 7:00,356,239,117
10/15/2015 8:00,522,352,170
10/15/2015 9:00,287,176,111
10/15/2015 10:00,131,70,61
10/15/2015 11:00,87,44,43
10/15/2015 12:00,90,43,47
10/15/2015 13:00,100,59,41
10/15/2015 14:00,126,59,67
10/15/2015 15:00,177,77,100
10/15/2015 16:00,313,118,195
10/15/2015 17:00,612,169,443
10/15/2015 18:00,378,137,241
10/15/2015 19:00,144,53,91
10/15/2015 20:00,93,36,57
10/15/2015 21:00,58,34,24
10/15/2015 22:00,39,17,22
10/15/2015 23:00,29,12,17
10/16/2015 0:00,17,10,7
10/16/2015 1:00,2,1,1
10/16/2015 2:00,3,2,1
10/16/2015 3:00,3,3,0
10/16/2015 4:00,6,2,4
10/16/2015 5:00,37,25,12
10/16/2015 6:00,113,77,36
10/16/2015 7:00,303,212,91
10/16/2015 8:00,488,349,139
10/16/2015 9:00,245,157,88
10/16/2015 10:00,124,73,51
10/16/2015 11:00,97,48,49
10/16/2015 12:00,111,73,38
10/16/2015 13:00,113,58,55
10/16/2015 14:00,134,63,71
10/16/2015 15:00,214,113,101
10/16/2015 16:00,326,105,221
10/16/2015 17:00,572,184,388
10/16/2015 18:00,292,92,200
10/16/2015 19:00,107,42,65
10/16/2015 20:00,52,20,32
10/16/2015 21:00,54,26,28
10/16/2015 22:00,29,11,18
10/16/2015 23:00,23,10,13
10/17/2015 0:00,39,13,26
10/17/2015 1:00,10,4,6
10/17/2015 2:00,9,4,5
10/17/2015 3:00,2,0,2
10/17/2015 4:00,4,3,1
10/17/2015 5:00,5,3,2
10/17/2015 6:00,11,6,5
10/17/2015 7:00,49,33,16
10/17/2015 8:00,57,27,30
10/17/2015 9:00,67,42,25
10/17/2015 10:00,85,50,35
10/17/2015 11:00,98,60,38
10/17/2015 12:00,114,64,50
10/17/2015 13:00,135,67,68
10/17/2015 14:00,115,66,49
10/17/2015 15:00,100,46,54
10/17/2015 16:00,134,78,56
10/17/2015 17:00,86,45,41
10/17/2015 18:00,67,34,33
10/17/2015 19:00,28,14,14
10/17/2015 20:00,27,9,18
10/17/2015 21:00,21,6,15
10/17/2015 22:00,42,22,20
10/17/2015 23:00,40,21,19
10/18/2015 0:00,21,10,11
10/18/2015 1:00,9,4,5
10/18/2015 2:00,6,2,4
10/18/2015 3:00,5,4,1
10/18/2015 4:00,4,1,3
10/18/2015 5:00,6,3,3
10/18/2015 6:00,11,4,7
10/18/2015 7:00,22,15,7
10/18/2015 8:00,23,10,13
10/18/2015 9:00,52,27,25
10/18/2015 10:00,62,32,30
10/18/2015 11:00,73,32,41
10/18/2015 12:00,80,50,30
10/18/2015 13:00,57,28,29
10/18/2015 14:00,66,31,35
10/18/2015 15:00,55,28,27
10/18/2015 16:00,64,35,29
10/18/2015 17:00,70,35,35
10/18/2015 18:00,45,27,18
10/18/2015 19:00,34,19,15
10/18/2015 20:00,20,9,11
10/18/2015 21:00,17,10,7
10/18/2015 22:00,23,12,11
10/18/2015 23:00,12,3,9
10/19/2015 0:00,7,1,6
10/19/2015 1:00,5,2,3
10/19/2015 2:00,3,3,0
10/19/2015 3:00,4,3,1
10/19/2015 4:00,6,4,2
10/19/2015 5:00,39,26,13
10/19/2015 6:00,106,73,33
10/19/2015 7:00,325,226,99
10/19/2015 8:00,451,297,154
10/19/2015 9:00,228,143,85
10/19/2015 10:00,86,51,35
10/19/2015 11:00,72,43,29
10/19/2015 12:00,56,33,23
10/19/2015 13:00,74,32,42
10/19/2015 14:00,79,42,37
10/19/2015 15:00,125,48,77
10/19/2015 16:00,222,95,127
10/19/2015 17:00,520,129,391
10/19/2015 18:00,311,89,222
10/19/2015 19:00,131,51,80
10/19/2015 20:00,70,33,37
10/19/2015 21:00,55,20,35
10/19/2015 22:00,25,9,16
10/19/2015 23:00,21,10,11
10/20/2015 0:00,9,4,5
10/20/2015 1:00,7,3,4
10/20/2015 2:00,4,2,2
10/20/2015 3:00,6,5,1
10/20/2015 4:00,4,3,1
10/20/2015 5:00,46,25,21
10/20/2015 6:00,148,101,47
10/20/2015 7:00,427,320,107
10/20/2015 8:00,518,370,148
10/20/2015 9:00,257,147,110
10/20/2015 10:00,107,57,50
10/20/2015 11:00,79,35,44
10/20/2015 12:00,89,52,37
10/20/2015 13:00,80,43,37
10/20/2015 14:00,122,60,62
10/20/2015 15:00,143,61,82
10/20/2015 16:00,299,105,194
10/20/2015 17:00,679,208,471
10/20/2015 18:00,408,111,297
10/20/2015 19:00,159,62,97
10/20/2015 20:00,76,33,43
10/20/2015 21:00,64,32,32
10/20/2015 22:00,36,16,20
10/20/2015 23:00,28,16,12
10/21/2015 0:00,11,6,5
10/21/2015 1:00,2,2,0
10/21/2015 2:00,3,1,2
10/21/2015 3:00,3,1,2
10/21/2015 4:00,8,2,6
10/21/2015 5:00,39,26,13
10/21/2015 6:00,132,89,43
10/21/2015 7:00,381,272,109
10/21/2015 8:00,501,341,160
10/21/2015 9:00,264,162,102
10/21/2015 10:00,101,52,49
10/21/2015 11:00,81,42,39
10/21/2015 12:00,72,37,35
10/21/2015 13:00,111,43,68
10/21/2015 14:00,117,52,65
10/21/2015 15:00,131,59,72
10/21/2015 16:00,275,108,167
10/21/2015 17:00,576,154,422
10/21/2015 18:00,335,117,218
10/21/2015 19:00,136,52,84
10/21/2015 20:00,86,41,45
10/21/2015 21:00,66,27,39
10/21/2015 22:00,38,14,24
10/21/2015 23:00,23,11,12
10/22/2015 0:00,22,16,6
10/22/2015 1:00,5,0,5
10/22/2015 2:00,4,3,1
10/22/2015 3:00,5,5,0
10/22/2015 4:00,12,5,7
10/22/2015 5:00,42,24,18
10/22/2015 6:00,120,85,35
10/22/2015 7:00,396,290,106
10/22/2015 8:00,507,349,158
10/22/2015 9:00,275,170,105
10/22/2015 10:00,110,59,51
10/22/2015 11:00,93,54,39
10/22/2015 12:00,73,30,43
10/22/2015 13:00,112,57,55
10/22/2015 14:00,108,40,68
10/22/2015 15:00,140,60,80
10/22/2015 16:00,317,120,197
10/22/2015 17:00,609,172,437
10/22/2015 18:00,337,105,232
10/22/2015 19:00,123,43,80
10/22/2015 20:00,80,25,55
10/22/2015 21:00,54,22,32
10/22/2015 22:00,39,19,20
10/22/2015 23:00,23,13,10
10/23/2015 0:00,9,5,4
10/23/2015 1:00,7,2,5
10/23/2015 2:00,8,7,1
10/23/2015 3:00,2,2,0
10/23/2015 4:00,5,2,3
10/23/2015 5:00,30,18,12
10/23/2015 6:00,108,69,39
10/23/2015 7:00,321,226,95
10/23/2015 8:00,427,293,134
10/23/2015 9:00,242,142,100
10/23/2015 10:00,96,55,41
10/23/2015 11:00,84,47,37
10/23/2015 12:00,83,49,34
10/23/2015 13:00,81,36,45
10/23/2015 14:00,110,53,57
10/23/2015 15:00,132,44,88
10/23/2015 16:00,293,100,193
10/23/2015 17:00,497,144,353
10/23/2015 18:00,281,94,187
10/23/2015 19:00,116,45,71
10/23/2015 20:00,50,24,26
10/23/2015 21:00,32,9,23
10/23/2015 22:00,34,15,19
10/23/2015 23:00,39,16,23
10/24/2015 0:00,15,7,8
10/24/2015 1:00,14,3,11
10/24/2015 2:00,6,3,3
10/24/2015 3:00,1,0,1
10/24/2015 4:00,6,3,3
10/24/2015 5:00,12,7,5
10/24/2015 6:00,19,7,12
10/24/2015 7:00,33,16,17
10/24/2015 8:00,64,29,35
10/24/2015 9:00,88,60,28
10/24/2015 10:00,81,47,34
10/24/2015 11:00,94,59,35
10/24/2015 12:00,92,47,45
10/24/2015 13:00,73,38,35
10/24/2015 14:00,82,45,37
10/24/2015 15:00,100,46,54
10/24/2015 16:00,125,67,58
10/24/2015 17:00,82,47,35
10/24/2015 18:00,67,37,30
10/24/2015 19:00,37,24,13
10/24/2015 20:00,29,13,16
10/24/2015 21:00,21,7,14
10/24/2015 22:00,25,14,11
10/24/2015 23:00,22,6,16
10/25/2015 0:00,10,4,6
10/25/2015 1:00,9,6,3
10/25/2015 2:00,4,1,3
10/25/2015 3:00,1,1,0
10/25/2015 4:00,3,1,2
10/25/2015 5:00,6,2,4
10/25/2015 6:00,13,11,2
10/25/2015 7:00,18,10,8
10/25/2015 8:00,42,24,18
10/25/2015 9:00,50,30,20
10/25/2015 10:00,61,34,27
10/25/2015 11:00,78,36,42
10/25/2015 12:00,95,49,46
10/25/2015 13:00,96,53,43
10/25/2015 14:00,124,66,58
10/25/2015 15:00,99,56,43
10/25/2015 16:00,55,32,23
10/25/2015 17:00,37,19,18
10/25/2015 18:00,41,18,23
10/25/2015 19:00,27,16,11
10/25/2015 20:00,14,12,2
10/25/2015 21:00,3,2,1
10/25/2015 22:00,10,4,6
10/25/2015 23:00,6,2,4
10/26/2015 0:00,5,3,2
10/26/2015 1:00,2,0,2
10/26/2015 2:00,1,1,0
10/26/2015 3:00,2,2,0
10/26/2015 4:00,3,2,1
10/26/2015 5:00,31,17,14
10/26/2015 6:00,110,72,38
10/26/2015 7:00,261,189,72
10/26/2015 8:00,349,242,107
10/26/2015 9:00,208,128,80
10/26/2015 10:00,49,26,23
10/26/2015 11:00,44,25,19
10/26/2015 12:00,35,16,19
10/26/2015 13:00,43,22,21
10/26/2015 14:00,59,28,31
10/26/2015 15:00,79,40,39
10/26/2015 16:00,188,73,115
10/26/2015 17:00,438,125,313
10/26/2015 18:00,242,66,176
10/26/2015 19:00,91,31,60
10/26/2015 20:00,48,16,32
10/26/2015 21:00,34,11,23
10/26/2015 22:00,25,8,17
10/26/2015 23:00,18,10,8
10/27/2015 0:00,10,2,8
10/27/2015 1:00,2,1,1
10/27/2015 2:00,4,2,2
10/27/2015 3:00,0,0,0
10/27/2015 4:00,8,4,4
10/27/2015 5:00,46,26,20
10/27/2015 6:00,143,98,45
10/27/2015 7:00,395,281,114
10/27/2015 8:00,548,351,197
10/27/2015 9:00,280,179,101
10/27/2015 10:00,97,59,38
10/27/2015 11:00,99,57,42
10/27/2015 12:00,81,36,45
10/27/2015 13:00,106,52,54
10/27/2015 14:00,118,61,57
10/27/2015 15:00,146,69,77
10/27/2015 16:00,313,124,189
10/27/2015 17:00,626,168,458
10/27/2015 18:00,372,114,258
10/27/2015 19:00,155,58,97
10/27/2015 20:00,73,29,44
10/27/2015 21:00,66,33,33
10/27/2015 22:00,39,11,28
10/27/2015 23:00,28,11,17
10/28/2015 0:00,12,8,4
10/28/2015 1:00,5,3,2
10/28/2015 2:00,3,1,2
10/28/2015 3:00,2,2,0
10/28/2015 4:00,7,3,4
10/28/2015 5:00,39,24,15
10/28/2015 6:00,126,78,48
10/28/2015 7:00,291,207,84
10/28/2015 8:00,367,250,117
10/28/2015 9:00,198,130,68
10/28/2015 10:00,72,44,28
10/28/2015 11:00,35,17,18
10/28/2015 12:00,60,25,35
10/28/2015 13:00,47,26,21
10/28/2015 14:00,46,23,23
10/28/2015 15:00,87,40,47
10/28/2015 16:00,193,76,117
10/28/2015 17:00,441,132,309
10/28/2015 18:00,278,84,194
10/28/2015 19:00,110,37,73
10/28/2015 20:00,47,14,33
10/28/2015 21:00,52,23,29
10/28/2015 22:00,43,15,28
10/28/2015 23:00,13,7,6
10/29/2015 0:00,5,2,3
10/29/2015 1:00,6,3,3
10/29/2015 2:00,0,0,0
10/29/2015 3:00,2,2,0
10/29/2015 4:00,6,2,4
10/29/2015 5:00,30,17,13
10/29/2015 6:00,123,80,43
10/29/2015 7:00,336,234,102
10/29/2015 8:00,443,298,145
10/29/2015 9:00,220,133,87
10/29/2015 10:00,98,54,44
10/29/2015 11:00,72,38,34
10/29/2015 12:00,66,33,33
10/29/2015 13:00,73,39,34
10/29/2015 14:00,80,31,49
10/29/2015 15:00,114,48,66
10/29/2015 16:00,252,82,170
10/29/2015 17:00,496,155,341
10/29/2015 18:00,305,91,214
10/29/2015 19:00,119,46,73
10/29/2015 20:00,68,29,39
10/29/2015 21:00,40,18,22
10/29/2015 22:00,30,15,15
10/29/2015 23:00,23,6,17
10/30/2015 0:00,4,4,0
10/30/2015 1:00,6,3,3
10/30/2015 2:00,8,4,4
10/30/2015 3:00,1,1,0
10/30/2015 4:00,6,2,4
10/30/2015 5:00,29,15,14
10/30/2015 6:00,83,55,28
10/30/2015 7:00,193,152,41
10/30/2015 8:00,265,185,80
10/30/2015 9:00,153,89,64
10/30/2015 10:00,78,43,35
10/30/2015 11:00,62,28,34
10/30/2015 12:00,47,24,23
10/30/2015 13:00,65,38,27
10/30/2015 14:00,63,40,23
10/30/2015 15:00,97,44,53
10/30/2015 16:00,174,48,126
10/30/2015 17:00,322,102,220
10/30/2015 18:00,158,43,115
10/30/2015 19:00,63,24,39
10/30/2015 20:00,47,18,29
10/30/2015 21:00,32,17,15
10/30/2015 22:00,21,12,9
10/30/2015 23:00,13,8,5
10/31/2015 0:00,11,6,5
10/31/2015 1:00,6,3,3
10/31/2015 2:00,11,9,2
10/31/2015 3:00,1,1,0
10/31/2015 4:00,1,0,1
10/31/2015 5:00,9,6,3
10/31/2015 6:00,9,5,4
10/31/2015 7:00,12,8,4
10/31/2015 8:00,27,14,13
10/31/2015 9:00,23,13,10
10/31/2015 10:00,32,18,14
10/31/2015 11:00,22,12,10
10/31/2015 12:00,41,21,20
10/31/2015 13:00,35,19,16
10/31/2015 14:00,40,18,22
10/31/2015 15:00,43,20,23
10/31/2015 16:00,42,21,21
10/31/2015 17:00,32,16,16
10/31/2015 18:00,27,14,13
10/31/2015 19:00,19,11,8
10/31/2015 20:00,14,8,6
10/31/2015 21:00,14,6,8
10/31/2015 22:00,17,7,10
10/31/2015 23:00,6,4,2
11/1/2015 0:00,8,3,5
11/1/2015 1:00,11,8,3
11/1/2015 2:00,1,1,0
11/1/2015 3:00,4,3,1
11/1/2015 4:00,3,0,3
11/1/2015 5:00,4,2,2
11/1/2015 6:00,7,2,5
11/1/2015 7:00,15,10,5
11/1/2015 8:00,47,25,22
11/1/2015 9:00,43,30,13
11/1/2015 10:00,38,19,19
11/1/2015 11:00,35,17,18
11/1/2015 12:00,36,17,19
11/1/2015 13:00,37,17,20
11/1/2015 14:00,39,15,24
11/1/2015 15:00,29,18,11
11/1/2015 16:00,43,15,28
11/1/2015 17:00,49,31,18
11/1/2015 18:00,24,11,13
11/1/2015 19:00,9,6,3
11/1/2015 20:00,12,6,6
11/1/2015 21:00,11,2,9
11/1/2015 22:00,8,5,3
11/1/2015 23:00,9,4,5
11/2/2015 0:00,7,2,5
11/2/2015 1:00,1,0,1
11/2/2015 2:00,1,0,1
11/2/2015 3:00,4,2,2
11/2/2015 4:00,4,2,2
11/2/2015 5:00,40,28,12
11/2/2015 6:00,129,86,43
11/2/2015 7:00,359,254,105
11/2/2015 8:00,475,330,145
11/2/2015 9:00,206,117,89
11/2/2015 10:00,74,39,35
11/2/2015 11:00,38,24,14
11/2/2015 12:00,61,30,31
11/2/2015 13:00,57,24,33
11/2/2015 14:00,66,32,34
11/2/2015 15:00,113,48,65
11/2/2015 16:00,269,107,162
11/2/2015 17:00,548,149,399
11/2/2015 18:00,333,102,231
11/2/2015 19:00,99,34,65
11/2/2015 20:00,56,27,29
11/2/2015 21:00,47,19,28
11/2/2015 22:00,28,11,17
11/2/2015 23:00,9,5,4
11/3/2015 0:00,10,9,1
11/3/2015 1:00,2,1,1
11/3/2015 2:00,3,0,3
11/3/2015 3:00,4,3,1
11/3/2015 4:00,5,3,2
11/3/2015 5:00,49,35,14
11/3/2015 6:00,148,99,49
11/3/2015 7:00,411,289,122
11/3/2015 8:00,492,333,159
11/3/2015 9:00,216,126,90
11/3/2015 10:00,83,50,33
11/3/2015 11:00,62,43,19
11/3/2015 12:00,57,30,27
11/3/2015 13:00,70,36,34
11/3/2015 14:00,80,36,44
11/3/2015 15:00,133,48,85
11/3/2015 16:00,296,116,180
11/3/2015 17:00,562,128,434
11/3/2015 18:00,318,100,218
11/3/2015 19:00,131,46,85
11/3/2015 20:00,69,31,38
11/3/2015 21:00,58,23,35
11/3/2015 22:00,23,10,13
11/3/2015 23:00,22,11,11
11/4/2015 0:00,4,1,3
11/4/2015 1:00,4,4,0
11/4/2015 2:00,3,1,2
11/4/2015 3:00,4,3,1
11/4/2015 4:00,6,4,2
11/4/2015 5:00,40,31,9
11/4/2015 6:00,152,93,59
11/4/2015 7:00,420,298,122
11/4/2015 8:00,478,324,154
11/4/2015 9:00,241,156,85
11/4/2015 10:00,102,57,45
11/4/2015 11:00,65,37,28
11/4/2015 12:00,79,33,46
11/4/2015 13:00,83,45,38
11/4/2015 14:00,95,50,45
11/4/2015 15:00,133,54,79
11/4/2015 16:00,279,110,169
11/4/2015 17:00,563,159,404
11/4/2015 18:00,343,120,223
11/4/2015 19:00,128,44,84
11/4/2015 20:00,100,41,59
11/4/2015 21:00,51,21,30
11/4/2015 22:00,41,18,23
11/4/2015 23:00,18,10,8
11/5/2015 0:00,8,4,4
11/5/2015 1:00,6,5,1
11/5/2015 2:00,1,0,1
11/5/2015 3:00,3,2,1
11/5/2015 4:00,4,2,2
11/5/2015 5:00,36,20,16
11/5/2015 6:00,111,76,35
11/5/2015 7:00,335,241,94
11/5/2015 8:00,456,309,147
11/5/2015 9:00,199,126,73
11/5/2015 10:00,94,61,33
11/5/2015 11:00,57,34,23
11/5/2015 12:00,49,22,27
11/5/2015 13:00,58,27,31
11/5/2015 14:00,72,29,43
11/5/2015 15:00,125,52,73
11/5/2015 16:00,259,104,155
11/5/2015 17:00,484,140,344
11/5/2015 18:00,272,89,183
11/5/2015 19:00,117,36,81
11/5/2015 20:00,73,28,45
11/5/2015 21:00,54,18,36
11/5/2015 22:00,40,14,26
11/5/2015 23:00,14,6,8
11/6/2015 0:00,7,1,6
11/6/2015 1:00,8,3,5
11/6/2015 2:00,2,1,1
11/6/2015 3:00,3,2,1
11/6/2015 4:00,7,5,2
11/6/2015 5:00,30,20,10
11/6/2015 6:00,101,68,33
11/6/2015 7:00,270,196,74
11/6/2015 8:00,340,238,102
11/6/2015 9:00,180,105,75
11/6/2015 10:00,76,46,30
11/6/2015 11:00,68,34,34
11/6/2015 12:00,61,34,27
11/6/2015 13:00,73,28,45
11/6/2015 14:00,104,37,67
11/6/2015 15:00,121,45,76
11/6/2015 16:00,242,69,173
11/6/2015 17:00,354,120,234
11/6/2015 18:00,207,64,143
11/6/2015 19:00,120,47,73
11/6/2015 20:00,41,14,27
11/6/2015 21:00,31,13,18
11/6/2015 22:00,32,14,18
11/6/2015 23:00,21,9,12
11/7/2015 0:00,13,7,6
11/7/2015 1:00,18,8,10
11/7/2015 2:00,3,2,1
11/7/2015 3:00,3,2,1
11/7/2015 4:00,3,0,3
11/7/2015 5:00,5,3,2
11/7/2015 6:00,9,1,8
11/7/2015 7:00,22,14,8
11/7/2015 8:00,31,18,13
11/7/2015 9:00,27,15,12
11/7/2015 10:00,36,20,16
11/7/2015 11:00,31,13,18
11/7/2015 12:00,42,24,18
11/7/2015 13:00,40,19,21
11/7/2015 14:00,32,17,15
11/7/2015 15:00,30,11,19
11/7/2015 16:00,44,17,27
11/7/2015 17:00,30,17,13
11/7/2015 18:00,24,12,12
11/7/2015 19:00,17,13,4
11/7/2015 20:00,19,10,9
11/7/2015 21:00,15,2,13
11/7/2015 22:00,18,12,6
11/7/2015 23:00,13,3,10
11/8/2015 0:00,6,3,3
11/8/2015 1:00,10,4,6
11/8/2015 2:00,0,0,0
11/8/2015 3:00,8,6,2
11/8/2015 4:00,0,0,0
11/8/2015 5:00,4,2,2
11/8/2015 6:00,5,2,3
11/8/2015 7:00,19,11,8
11/8/2015 8:00,39,20,19
11/8/2015 9:00,40,21,19
11/8/2015 10:00,45,29,16
11/8/2015 11:00,35,18,17
11/8/2015 12:00,38,23,15
11/8/2015 13:00,44,22,22
11/8/2015 14:00,64,34,30
11/8/2015 15:00,78,49,29
11/8/2015 16:00,110,49,61
11/8/2015 17:00,49,28,21
11/8/2015 18:00,23,15,8
11/8/2015 19:00,21,10,11
11/8/2015 20:00,13,5,8
11/8/2015 21:00,12,6,6
11/8/2015 22:00,6,2,4
11/8/2015 23:00,12,4,8
11/9/2015 0:00,3,1,2
11/9/2015 1:00,4,1,3
11/9/2015 2:00,2,1,1
11/9/2015 3:00,4,2,2
11/9/2015 4:00,5,5,0
11/9/2015 5:00,29,17,12
11/9/2015 6:00,109,69,40
11/9/2015 7:00,260,184,76
11/9/2015 8:00,320,217,103
11/9/2015 9:00,137,82,55
11/9/2015 10:00,67,34,33
11/9/2015 11:00,34,19,15
11/9/2015 12:00,45,26,19
11/9/2015 13:00,50,27,23
11/9/2015 14:00,46,15,31
11/9/2015 15:00,97,36,61
11/9/2015 16:00,222,67,155
11/9/2015 17:00,394,115,279
11/9/2015 18:00,257,89,168
11/9/2015 19:00,97,37,60
11/9/2015 20:00,55,20,35
11/9/2015 21:00,37,14,23
11/9/2015 22:00,18,11,7
11/9/2015 23:00,7,2,5
11/10/2015 0:00,7,4,3
11/10/2015 1:00,0,0,0
11/10/2015 2:00,2,0,2
11/10/2015 3:00,4,2,2
11/10/2015 4:00,6,5,1
11/10/2015 5:00,35,20,15
11/10/2015 6:00,129,78,51
11/10/2015 7:00,413,312,101
11/10/2015 8:00,501,340,161
11/10/2015 9:00,241,143,98
11/10/2015 10:00,88,46,42
11/10/2015 11:00,76,43,33
11/10/2015 12:00,89,46,43
11/10/2015 13:00,79,39,40
11/10/2015 14:00,78,33,45
11/10/2015 15:00,118,43,75
11/10/2015 16:00,298,103,195
11/10/2015 17:00,568,133,435
11/10/2015 18:00,318,97,221
11/10/2015 19:00,132,55,77
11/10/2015 20:00,76,22,54
11/10/2015 21:00,52,26,26
11/10/2015 22:00,33,13,20
11/10/2015 23:00,14,5,9
11/11/2015 0:00,6,2,4
11/11/2015 1:00,3,1,2
11/11/2015 2:00,3,0,3
11/11/2015 3:00,3,3,0
11/11/2015 4:00,6,2,4
11/11/2015 5:00,17,12,5
11/11/2015 6:00,84,47,37
11/11/2015 7:00,245,177,68
11/11/2015 8:00,343,228,115
11/11/2015 9:00,190,117,73
11/11/2015 10:00,81,51,30
11/11/2015 11:00,80,47,33
11/11/2015 12:00,95,46,49
11/11/2015 13:00,93,52,41
11/11/2015 14:00,103,41,62
11/11/2015 15:00,134,54,80
11/11/2015 16:00,211,83,128
11/11/2015 17:00,398,105,293
11/11/2015 18:00,258,98,160
11/11/2015 19:00,100,27,73
11/11/2015 20:00,67,20,47
11/11/2015 21:00,58,19,39
11/11/2015 22:00,36,17,19
11/11/2015 23:00,15,9,6
11/12/2015 0:00,4,2,2
11/12/2015 1:00,5,2,3
11/12/2015 2:00,1,1,0
11/12/2015 3:00,4,2,2
11/12/2015 4:00,5,1,4
11/12/2015 5:00,42,27,15
11/12/2015 6:00,115,75,40
11/12/2015 7:00,318,227,91
11/12/2015 8:00,427,283,144
11/12/2015 9:00,186,121,65
11/12/2015 10:00,86,46,40
11/12/2015 11:00,60,39,21
11/12/2015 12:00,45,19,26
11/12/2015 13:00,48,20,28
11/12/2015 14:00,54,27,27
11/12/2015 15:00,108,41,67
11/12/2015 16:00,189,63,126
11/12/2015 17:00,403,96,307
11/12/2015 18:00,241,72,169
11/12/2015 19:00,114,38,76
11/12/2015 20:00,37,17,20
11/12/2015 21:00,53,34,19
11/12/2015 22:00,19,8,11
11/12/2015 23:00,11,4,7
11/13/2015 0:00,6,3,3
11/13/2015 1:00,2,1,1
11/13/2015 2:00,2,1,1
11/13/2015 3:00,1,1,0
11/13/2015 4:00,4,2,2
11/13/2015 5:00,21,10,11
11/13/2015 6:00,46,34,12
11/13/2015 7:00,171,119,52
11/13/2015 8:00,234,157,77
11/13/2015 9:00,133,90,43
11/13/2015 10:00,57,37,20
11/13/2015 11:00,40,23,17
11/13/2015 12:00,31,15,16
11/13/2015 13:00,35,18,17
11/13/2015 14:00,36,16,20
11/13/2015 15:00,78,30,48
11/13/2015 16:00,135,49,86
11/13/2015 17:00,271,78,193
11/13/2015 18:00,171,46,125
11/13/2015 19:00,58,16,42
11/13/2015 20:00,32,14,18
11/13/2015 21:00,18,7,11
11/13/2015 22:00,24,12,12
11/13/2015 23:00,6,0,6
11/14/2015 0:00,6,2,4
11/14/2015 1:00,6,1,5
11/14/2015 2:00,2,1,1
11/14/2015 3:00,1,0,1
11/14/2015 4:00,2,0,2
11/14/2015 5:00,5,4,1
11/14/2015 6:00,8,3,5
11/14/2015 7:00,19,10,9
11/14/2015 8:00,26,17,9
11/14/2015 9:00,23,10,13
11/14/2015 10:00,20,13,7
11/14/2015 11:00,45,27,18
11/14/2015 12:00,45,27,18
11/14/2015 13:00,31,16,15
11/14/2015 14:00,26,12,14
11/14/2015 15:00,26,12,14
11/14/2015 16:00,24,11,13
11/14/2015 17:00,19,11,8
11/14/2015 18:00,19,10,9
11/14/2015 19:00,17,9,8
11/14/2015 20:00,8,3,5
11/14/2015 21:00,8,2,6
11/14/2015 22:00,5,3,2
11/14/2015 23:00,14,3,11
11/15/2015 0:00,5,2,3
11/15/2015 1:00,6,4,2
11/15/2015 2:00,0,0,0
11/15/2015 3:00,1,0,1
11/15/2015 4:00,1,0,1
11/15/2015 5:00,3,2,1
11/15/2015 6:00,9,6,3
11/15/2015 7:00,8,6,2
11/15/2015 8:00,19,12,7
11/15/2015 9:00,29,16,13
11/15/2015 10:00,38,17,21
11/15/2015 11:00,62,42,20
11/15/2015 12:00,84,44,40
11/15/2015 13:00,108,71,37
11/15/2015 14:00,99,51,48
11/15/2015 15:00,111,61,50
11/15/2015 16:00,92,55,37
11/15/2015 17:00,53,25,28
11/15/2015 18:00,33,14,19
11/15/2015 19:00,14,9,5
11/15/2015 20:00,14,7,7
11/15/2015 21:00,9,5,4
11/15/2015 22:00,21,8,13
11/15/2015 23:00,14,6,8
11/16/2015 0:00,8,4,4
11/16/2015 1:00,1,1,0
11/16/2015 2:00,3,2,1
11/16/2015 3:00,1,1,0
11/16/2015 4:00,4,2,2
11/16/2015 5:00,25,13,12
11/16/2015 6:00,103,67,36
11/16/2015 7:00,307,216,91
11/16/2015 8:00,394,255,139
11/16/2015 9:00,212,137,75
11/16/2015 10:00,56,32,24
11/16/2015 11:00,55,33,22
11/16/2015 12:00,26,14,12
11/16/2015 13:00,40,19,21
11/16/2015 14:00,41,15,26
11/16/2015 15:00,75,27,48
11/16/2015 16:00,191,78,113
11/16/2015 17:00,409,108,301
11/16/2015 18:00,254,72,182
11/16/2015 19:00,90,23,67
11/16/2015 20:00,45,17,28
11/16/2015 21:00,36,14,22
11/16/2015 22:00,19,7,12
11/16/2015 23:00,8,4,4
11/17/2015 0:00,3,3,0
11/17/2015 1:00,6,3,3
11/17/2015 2:00,4,2,2
11/17/2015 3:00,3,3,0
11/17/2015 4:00,6,4,2
11/17/2015 5:00,26,18,8
11/17/2015 6:00,64,46,18
11/17/2015 7:00,234,165,69
11/17/2015 8:00,303,211,92
11/17/2015 9:00,131,85,46
11/17/2015 10:00,45,22,23
11/17/2015 11:00,18,15,3
11/17/2015 12:00,27,11,16
11/17/2015 13:00,32,16,16
11/17/2015 14:00,34,14,20
11/17/2015 15:00,48,17,31
11/17/2015 16:00,161,60,101
11/17/2015 17:00,308,82,226
11/17/2015 18:00,189,59,130
11/17/2015 19:00,70,18,52
11/17/2015 20:00,33,9,24
11/17/2015 21:00,21,9,12
11/17/2015 22:00,13,7,6
11/17/2015 23:00,9,4,5
11/18/2015 0:00,7,3,4
11/18/2015 1:00,4,1,3
11/18/2015 2:00,1,1,0
11/18/2015 3:00,3,2,1
11/18/2015 4:00,8,4,4
11/18/2015 5:00,35,27,8
11/18/2015 6:00,113,67,46
11/18/2015 7:00,322,237,85
11/18/2015 8:00,450,306,144
11/18/2015 9:00,212,136,76
11/18/2015 10:00,93,53,40
11/18/2015 11:00,53,28,25
11/18/2015 12:00,64,29,35
11/18/2015 13:00,84,42,42
11/18/2015 14:00,73,35,38
11/18/2015 15:00,114,53,61
11/18/2015 16:00,240,84,156
11/18/2015 17:00,467,138,329
11/18/2015 18:00,313,90,223
11/18/2015 19:00,116,37,79
11/18/2015 20:00,81,22,59
11/18/2015 21:00,41,21,20
11/18/2015 22:00,22,12,10
11/18/2015 23:00,11,3,8
11/19/2015 0:00,9,7,2
11/19/2015 1:00,4,3,1
11/19/2015 2:00,1,0,1
11/19/2015 3:00,2,2,0
11/19/2015 4:00,7,3,4
11/19/2015 5:00,34,25,9
11/19/2015 6:00,103,74,29
11/19/2015 7:00,307,231,76
11/19/2015 8:00,437,291,146
11/19/2015 9:00,218,120,98
11/19/2015 10:00,100,66,34
11/19/2015 11:00,71,41,30
11/19/2015 12:00,61,27,34
11/19/2015 13:00,67,39,28
11/19/2015 14:00,83,39,44
11/19/2015 15:00,123,50,73
11/19/2015 16:00,237,93,144
11/19/2015 17:00,421,99,322
11/19/2015 18:00,313,98,215
11/19/2015 19:00,144,48,96
11/19/2015 20:00,75,26,49
11/19/2015 21:00,63,17,46
11/19/2015 22:00,32,11,21
11/19/2015 23:00,25,10,15
11/20/2015 0:00,10,5,5
11/20/2015 1:00,7,3,4
11/20/2015 2:00,1,1,0
11/20/2015 3:00,1,1,0
11/20/2015 4:00,9,5,4
11/20/2015 5:00,34,18,16
11/20/2015 6:00,86,58,28
11/20/2015 7:00,238,170,68
11/20/2015 8:00,368,252,116
11/20/2015 9:00,225,142,83
11/20/2015 10:00,73,36,37
11/20/2015 11:00,57,28,29
11/20/2015 12:00,74,41,33
11/20/2015 13:00,75,36,39
11/20/2015 14:00,88,37,51
11/20/2015 15:00,113,52,61
11/20/2015 16:00,233,69,164
11/20/2015 17:00,373,116,257
11/20/2015 18:00,223,69,154
11/20/2015 19:00,102,35,67
11/20/2015 20:00,45,13,32
11/20/2015 21:00,33,9,24
11/20/2015 22:00,26,13,13
11/20/2015 23:00,26,8,18
11/21/2015 0:00,10,8,2
11/21/2015 1:00,5,4,1
11/21/2015 2:00,0,0,0
11/21/2015 3:00,1,0,1
11/21/2015 4:00,4,1,3
11/21/2015 5:00,6,1,5
11/21/2015 6:00,13,9,4
11/21/2015 7:00,25,13,12
11/21/2015 8:00,49,28,21
11/21/2015 9:00,49,26,23
11/21/2015 10:00,82,40,42
11/21/2015 11:00,113,69,44
11/21/2015 12:00,144,73,71
11/21/2015 13:00,119,79,40
11/21/2015 14:00,117,62,55
11/21/2015 15:00,111,65,46
11/21/2015 16:00,78,49,29
11/21/2015 17:00,49,23,26
11/21/2015 18:00,37,20,17
11/21/2015 19:00,32,15,17
11/21/2015 20:00,17,6,11
11/21/2015 21:00,23,12,11
11/21/2015 22:00,24,6,18
11/21/2015 23:00,11,8,3
11/22/2015 0:00,11,5,6
11/22/2015 1:00,3,2,1
11/22/2015 2:00,5,3,2
11/22/2015 3:00,2,1,1
11/22/2015 4:00,1,1,0
11/22/2015 5:00,2,1,1
11/22/2015 6:00,5,2,3
11/22/2015 7:00,15,10,5
11/22/2015 8:00,39,22,17
11/22/2015 9:00,64,29,35
11/22/2015 10:00,64,35,29
11/22/2015 11:00,85,52,33
11/22/2015 12:00,92,48,44
11/22/2015 13:00,97,56,41
11/22/2015 14:00,130,70,60
11/22/2015 15:00,123,81,42
11/22/2015 16:00,67,36,31
11/22/2015 17:00,57,33,24
11/22/2015 18:00,38,21,17
11/22/2015 19:00,20,7,13
11/22/2015 20:00,13,3,10
11/22/2015 21:00,5,2,3
11/22/2015 22:00,9,3,6
11/22/2015 23:00,11,2,9
11/23/2015 0:00,3,1,2
11/23/2015 1:00,1,1,0
11/23/2015 2:00,1,0,1
11/23/2015 3:00,4,3,1
11/23/2015 4:00,5,0,5
11/23/2015 5:00,28,19,9
11/23/2015 6:00,99,64,35
11/23/2015 7:00,294,211,83
11/23/2015 8:00,333,222,111
11/23/2015 9:00,199,127,72
11/23/2015 10:00,61,28,33
11/23/2015 11:00,63,40,23
11/23/2015 12:00,57,30,27
11/23/2015 13:00,42,26,16
11/23/2015 14:00,48,16,32
11/23/2015 15:00,82,34,48
11/23/2015 16:00,190,61,129
11/23/2015 17:00,375,89,286
11/23/2015 18:00,221,60,161
11/23/2015 19:00,93,29,64
11/23/2015 20:00,39,13,26
11/23/2015 21:00,17,9,8
11/23/2015 22:00,18,9,9
11/23/2015 23:00,5,4,1
11/24/2015 0:00,4,2,2
11/24/2015 1:00,4,2,2
11/24/2015 2:00,2,1,1
11/24/2015 3:00,2,0,2
11/24/2015 4:00,5,3,2
11/24/2015 5:00,23,12,11
11/24/2015 6:00,74,47,27
11/24/2015 7:00,191,132,59
11/24/2015 8:00,275,192,83
11/24/2015 9:00,153,99,54
11/24/2015 10:00,68,36,32
11/24/2015 11:00,44,18,26
11/24/2015 12:00,48,17,31
11/24/2015 13:00,45,23,22
11/24/2015 14:00,51,22,29
11/24/2015 15:00,93,33,60
11/24/2015 16:00,166,57,109
11/24/2015 17:00,323,94,229
11/24/2015 18:00,218,53,165
11/24/2015 19:00,77,22,55
11/24/2015 20:00,35,10,25
11/24/2015 21:00,24,15,9
11/24/2015 22:00,20,12,8
11/24/2015 23:00,7,3,4
11/25/2015 0:00,6,3,3
11/25/2015 1:00,1,1,0
11/25/2015 2:00,5,2,3
11/25/2015 3:00,2,1,1
11/25/2015 4:00,6,0,6
11/25/2015 5:00,22,14,8
11/25/2015 6:00,78,46,32
11/25/2015 7:00,210,153,57
11/25/2015 8:00,271,187,84
11/25/2015 9:00,152,91,61
11/25/2015 10:00,61,35,26
11/25/2015 11:00,60,28,32
11/25/2015 12:00,57,30,27
11/25/2015 13:00,76,32,44
11/25/2015 14:00,107,42,65
11/25/2015 15:00,184,72,112
11/25/2015 16:00,226,70,156
11/25/2015 17:00,246,79,167
11/25/2015 18:00,127,34,93
11/25/2015 19:00,46,22,24
11/25/2015 20:00,31,8,23
11/25/2015 21:00,21,10,11
11/25/2015 22:00,9,7,2
11/25/2015 23:00,12,5,7
11/26/2015 0:00,7,3,4
11/26/2015 1:00,7,4,3
11/26/2015 2:00,3,3,0
11/26/2015 3:00,2,1,1
11/26/2015 4:00,1,0,1
11/26/2015 5:00,4,2,2
11/26/2015 6:00,7,5,2
11/26/2015 7:00,10,6,4
11/26/2015 8:00,13,5,8
11/26/2015 9:00,24,12,12
11/26/2015 10:00,38,22,16
11/26/2015 11:00,53,33,20
11/26/2015 12:00,80,46,34
11/26/2015 13:00,61,28,33
11/26/2015 14:00,65,34,31
11/26/2015 15:00,26,14,12
11/26/2015 16:00,21,14,7
11/26/2015 17:00,7,5,2
11/26/2015 18:00,9,5,4
11/26/2015 19:00,9,4,5
11/26/2015 20:00,8,1,7
11/26/2015 21:00,65,5,60
11/26/2015 22:00,4,2,2
11/26/2015 23:00,8,5,3
11/27/2015 0:00,9,4,5
11/27/2015 1:00,4,3,1
11/27/2015 2:00,3,3,0
11/27/2015 3:00,1,0,1
11/27/2015 4:00,4,2,2
11/27/2015 5:00,9,7,2
11/27/2015 6:00,16,9,7
11/27/2015 7:00,20,13,7
11/27/2015 8:00,27,15,12
11/27/2015 9:00,58,35,23
11/27/2015 10:00,65,28,37
11/27/2015 11:00,97,69,28
11/27/2015 12:00,66,28,38
11/27/2015 13:00,63,32,31
11/27/2015 14:00,99,52,47
11/27/2015 15:00,92,45,47
11/27/2015 16:00,78,46,32
11/27/2015 17:00,42,20,22
11/27/2015 18:00,49,19,30
11/27/2015 19:00,23,9,14
11/27/2015 20:00,25,7,18
11/27/2015 21:00,7,3,4
11/27/2015 22:00,18,10,8
11/27/2015 23:00,7,2,5
11/28/2015 0:00,5,2,3
11/28/2015 1:00,5,0,5
11/28/2015 2:00,1,0,1
11/28/2015 3:00,4,4,0
11/28/2015 4:00,5,3,2
11/28/2015 5:00,5,4,1
11/28/2015 6:00,4,2,2
11/28/2015 7:00,15,7,8
11/28/2015 8:00,26,12,14
11/28/2015 9:00,34,23,11
11/28/2015 10:00,53,32,21
11/28/2015 11:00,64,35,29
11/28/2015 12:00,76,57,19
11/28/2015 13:00,93,53,40
11/28/2015 14:00,99,59,40
11/28/2015 15:00,106,55,51
11/28/2015 16:00,74,35,39
11/28/2015 17:00,37,14,23
11/28/2015 18:00,26,9,17
11/28/2015 19:00,21,8,13
11/28/2015 20:00,12,3,9
11/28/2015 21:00,13,10,3
11/28/2015 22:00,11,8,3
11/28/2015 23:00,9,4,5
11/29/2015 0:00,4,2,2
11/29/2015 1:00,4,0,4
11/29/2015 2:00,2,1,1
11/29/2015 3:00,2,1,1
11/29/2015 4:00,0,0,0
11/29/2015 5:00,3,2,1
11/29/2015 6:00,2,1,1
11/29/2015 7:00,11,4,7
11/29/2015 8:00,14,10,4
11/29/2015 9:00,25,13,12
11/29/2015 10:00,41,24,17
11/29/2015 11:00,68,32,36
11/29/2015 12:00,64,29,35
11/29/2015 13:00,74,33,41
11/29/2015 14:00,63,33,30
11/29/2015 15:00,63,33,30
11/29/2015 16:00,41,24,17
11/29/2015 17:00,44,13,31
11/29/2015 18:00,25,12,13
11/29/2015 19:00,14,7,7
11/29/2015 20:00,14,5,9
11/29/2015 21:00,13,6,7
11/29/2015 22:00,8,3,5
11/29/2015 23:00,6,5,1
11/30/2015 0:00,2,0,2
11/30/2015 1:00,3,0,3
11/30/2015 2:00,1,0,1
11/30/2015 3:00,5,3,2
11/30/2015 4:00,3,2,1
11/30/2015 5:00,32,20,12
11/30/2015 6:00,79,45,34
11/30/2015 7:00,264,201,63
11/30/2015 8:00,372,251,121
11/30/2015 9:00,184,115,69
11/30/2015 10:00,52,36,16
11/30/2015 11:00,57,36,21
11/30/2015 12:00,48,31,17
11/30/2015 13:00,65,26,39
11/30/2015 14:00,70,34,36
11/30/2015 15:00,83,36,47
11/30/2015 16:00,185,70,115
11/30/2015 17:00,379,102,277
11/30/2015 18:00,279,69,210
11/30/2015 19:00,82,22,60
11/30/2015 20:00,47,21,26
11/30/2015 21:00,19,6,13
11/30/2015 22:00,13,4,9
11/30/2015 23:00,5,2,3
12/1/2015 0:00,8,4,4
12/1/2015 1:00,2,2,0
12/1/2015 2:00,2,1,1
12/1/2015 3:00,3,3,0
12/1/2015 4:00,5,2,3
12/1/2015 5:00,36,21,15
12/1/2015 6:00,96,66,30
12/1/2015 7:00,310,225,85
12/1/2015 8:00,405,294,111
12/1/2015 9:00,208,127,81
12/1/2015 10:00,76,42,34
12/1/2015 11:00,61,27,34
12/1/2015 12:00,48,20,28
12/1/2015 13:00,63,31,32
12/1/2015 14:00,64,27,37
12/1/2015 15:00,110,42,68
12/1/2015 16:00,231,83,148
12/1/2015 17:00,419,109,310
12/1/2015 18:00,254,73,181
12/1/2015 19:00,103,35,68
12/1/2015 20:00,50,11,39
12/1/2015 21:00,25,5,20
12/1/2015 22:00,13,7,6
12/1/2015 23:00,6,2,4
12/2/2015 0:00,5,1,4
12/2/2015 1:00,1,1,0
12/2/2015 2:00,3,1,2
12/2/2015 3:00,6,5,1
12/2/2015 4:00,8,7,1
12/2/2015 5:00,29,21,8
12/2/2015 6:00,116,77,39
12/2/2015 7:00,274,198,76
12/2/2015 8:00,358,230,128
12/2/2015 9:00,176,111,65
12/2/2015 10:00,80,57,23
12/2/2015 11:00,51,22,29
12/2/2015 12:00,50,26,24
12/2/2015 13:00,47,26,21
12/2/2015 14:00,70,33,37
12/2/2015 15:00,91,32,59
12/2/2015 16:00,196,81,115
12/2/2015 17:00,419,103,316
12/2/2015 18:00,272,83,189
12/2/2015 19:00,98,27,71
12/2/2015 20:00,72,22,50
12/2/2015 21:00,50,18,32
12/2/2015 22:00,23,10,13
12/2/2015 23:00,20,8,12
12/3/2015 0:00,5,5,0
12/3/2015 1:00,4,1,3
12/3/2015 2:00,0,0,0
12/3/2015 3:00,1,1,0
12/3/2015 4:00,2,1,1
12/3/2015 5:00,24,13,11
12/3/2015 6:00,85,51,34
12/3/2015 7:00,178,129,49
12/3/2015 8:00,288,200,88
12/3/2015 9:00,158,86,72
12/3/2015 10:00,81,49,32
12/3/2015 11:00,45,27,18
12/3/2015 12:00,33,17,16
12/3/2015 13:00,49,23,26
12/3/2015 14:00,50,25,25
12/3/2015 15:00,82,30,52
12/3/2015 16:00,152,59,93
12/3/2015 17:00,270,74,196
12/3/2015 18:00,190,66,124
12/3/2015 19:00,86,24,62
12/3/2015 20:00,47,14,33
12/3/2015 21:00,32,8,24
12/3/2015 22:00,7,2,5
12/3/2015 23:00,15,5,10
12/4/2015 0:00,7,1,6
12/4/2015 1:00,2,0,2
12/4/2015 2:00,2,1,1
12/4/2015 3:00,3,2,1
12/4/2015 4:00,5,2,3
12/4/2015 5:00,22,14,8
12/4/2015 6:00,76,49,27
12/4/2015 7:00,221,158,63
12/4/2015 8:00,319,210,109
12/4/2015 9:00,205,122,83
12/4/2015 10:00,70,42,28
12/4/2015 11:00,55,31,24
12/4/2015 12:00,60,36,24
12/4/2015 13:00,62,34,28
12/4/2015 14:00,85,45,40
12/4/2015 15:00,119,53,66
12/4/2015 16:00,216,74,142
12/4/2015 17:00,337,103,234
12/4/2015 18:00,191,65,126
12/4/2015 19:00,83,27,56
12/4/2015 20:00,42,13,29
12/4/2015 21:00,38,11,27
12/4/2015 22:00,23,9,14
12/4/2015 23:00,25,11,14
12/5/2015 0:00,19,7,12
12/5/2015 1:00,10,6,4
12/5/2015 2:00,3,2,1
12/5/2015 3:00,3,0,3
12/5/2015 4:00,5,3,2
12/5/2015 5:00,5,4,1
12/5/2015 6:00,15,12,3
12/5/2015 7:00,18,9,9
12/5/2015 8:00,48,24,24
12/5/2015 9:00,28,21,7
12/5/2015 10:00,25,17,8
12/5/2015 11:00,29,18,11
12/5/2015 12:00,23,11,12
12/5/2015 13:00,24,13,11
12/5/2015 14:00,22,11,11
12/5/2015 15:00,15,8,7
12/5/2015 16:00,21,5,16
12/5/2015 17:00,25,18,7
12/5/2015 18:00,23,9,14
12/5/2015 19:00,10,7,3
12/5/2015 20:00,11,7,4
12/5/2015 21:00,12,3,9
12/5/2015 22:00,8,5,3
12/5/2015 23:00,6,1,5
12/6/2015 0:00,1,1,0
12/6/2015 1:00,4,2,2
12/6/2015 2:00,1,1,0
12/6/2015 3:00,1,0,1
12/6/2015 4:00,0,0,0
12/6/2015 5:00,2,0,2
12/6/2015 6:00,6,4,2
12/6/2015 7:00,4,1,3
12/6/2015 8:00,16,9,7
12/6/2015 9:00,34,16,18
12/6/2015 10:00,22,12,10
12/6/2015 11:00,28,12,16
12/6/2015 12:00,55,31,24
12/6/2015 13:00,61,27,34
12/6/2015 14:00,73,41,32
12/6/2015 15:00,64,29,35
12/6/2015 16:00,25,17,8
12/6/2015 17:00,22,7,15
12/6/2015 18:00,19,8,11
12/6/2015 19:00,13,5,8
12/6/2015 20:00,14,4,10
12/6/2015 21:00,5,2,3
12/6/2015 22:00,5,4,1
12/6/2015 23:00,5,3,2
12/7/2015 0:00,3,2,1
12/7/2015 1:00,2,1,1
12/7/2015 2:00,3,1,2
12/7/2015 3:00,2,2,0
12/7/2015 4:00,5,4,1
12/7/2015 5:00,35,26,9
12/7/2015 6:00,88,50,38
12/7/2015 7:00,252,199,53
12/7/2015 8:00,342,235,107
12/7/2015 9:00,177,115,62
12/7/2015 10:00,46,34,12
12/7/2015 11:00,17,7,10
12/7/2015 12:00,22,11,11
12/7/2015 13:00,18,4,14
12/7/2015 14:00,29,15,14
12/7/2015 15:00,70,26,44
12/7/2015 16:00,142,52,90
12/7/2015 17:00,370,96,274
12/7/2015 18:00,245,74,171
12/7/2015 19:00,78,23,55
12/7/2015 20:00,39,14,25
12/7/2015 21:00,24,10,14
12/7/2015 22:00,28,11,17
12/7/2015 23:00,4,1,3
12/8/2015 0:00,3,1,2
12/8/2015 1:00,3,0,3
12/8/2015 2:00,3,1,2
12/8/2015 3:00,4,4,0
12/8/2015 4:00,4,3,1
12/8/2015 5:00,21,15,6
12/8/2015 6:00,73,50,23
12/8/2015 7:00,194,137,57
12/8/2015 8:00,307,208,99
12/8/2015 9:00,161,99,62
12/8/2015 10:00,43,25,18
12/8/2015 11:00,29,15,14
12/8/2015 12:00,23,9,14
12/8/2015 13:00,20,11,9
12/8/2015 14:00,32,16,16
12/8/2015 15:00,67,30,37
12/8/2015 16:00,110,42,68
12/8/2015 17:00,298,77,221
12/8/2015 18:00,196,55,141
12/8/2015 19:00,85,33,52
12/8/2015 20:00,35,14,21
12/8/2015 21:00,21,6,15
12/8/2015 22:00,13,3,10
12/8/2015 23:00,11,1,10
12/9/2015 0:00,4,3,1
12/9/2015 1:00,0,0,0
12/9/2015 2:00,1,0,1
12/9/2015 3:00,4,4,0
12/9/2015 4:00,4,2,2
12/9/2015 5:00,25,15,10
12/9/2015 6:00,66,43,23
12/9/2015 7:00,200,142,58
12/9/2015 8:00,302,205,97
12/9/2015 9:00,190,117,73
12/9/2015 10:00,80,48,32
12/9/2015 11:00,51,26,25
12/9/2015 12:00,45,25,20
12/9/2015 13:00,54,28,26
12/9/2015 14:00,82,38,44
12/9/2015 15:00,104,56,48
12/9/2015 16:00,167,68,99
12/9/2015 17:00,364,100,264
12/9/2015 18:00,238,82,156
12/9/2015 19:00,96,28,68
12/9/2015 20:00,50,21,29
12/9/2015 21:00,41,14,27
12/9/2015 22:00,26,8,18
12/9/2015 23:00,26,12,14
12/10/2015 0:00,3,0,3
12/10/2015 1:00,5,3,2
12/10/2015 2:00,2,0,2
12/10/2015 3:00,3,2,1
12/10/2015 4:00,5,4,1
12/10/2015 5:00,23,14,9
12/10/2015 6:00,81,53,28
12/10/2015 7:00,239,169,70
12/10/2015 8:00,317,214,103
12/10/2015 9:00,131,72,59
12/10/2015 10:00,53,34,19
12/10/2015 11:00,19,12,7
12/10/2015 12:00,13,8,5
12/10/2015 13:00,21,10,11
12/10/2015 14:00,35,10,25
12/10/2015 15:00,62,30,32
12/10/2015 16:00,155,56,99
12/10/2015 17:00,287,71,216
12/10/2015 18:00,194,59,135
12/10/2015 19:00,77,20,57
12/10/2015 20:00,49,17,32
12/10/2015 21:00,32,9,23
12/10/2015 22:00,20,10,10
12/10/2015 23:00,15,4,11
12/11/2015 0:00,7,2,5
12/11/2015 1:00,2,1,1
12/11/2015 2:00,3,1,2
12/11/2015 3:00,1,1,0
12/11/2015 4:00,7,2,5
12/11/2015 5:00,22,15,7
12/11/2015 6:00,66,46,20
12/11/2015 7:00,207,157,50
12/11/2015 8:00,294,183,111
12/11/2015 9:00,174,109,65
12/11/2015 10:00,73,42,31
12/11/2015 11:00,61,35,26
12/11/2015 12:00,63,27,36
12/11/2015 13:00,47,22,25
12/11/2015 14:00,75,45,30
12/11/2015 15:00,106,45,61
12/11/2015 16:00,189,68,121
12/11/2015 17:00,321,86,235
12/11/2015 18:00,159,43,116
12/11/2015 19:00,68,21,47
12/11/2015 20:00,41,11,30
12/11/2015 21:00,30,13,17
12/11/2015 22:00,25,10,15
12/11/2015 23:00,16,7,9
12/12/2015 0:00,13,6,7
12/12/2015 1:00,10,3,7
12/12/2015 2:00,8,4,4
12/12/2015 3:00,1,0,1
12/12/2015 4:00,5,3,2
12/12/2015 5:00,12,7,5
12/12/2015 6:00,15,7,8
12/12/2015 7:00,18,6,12
12/12/2015 8:00,32,18,14
12/12/2015 9:00,27,15,12
12/12/2015 10:00,41,25,16
12/12/2015 11:00,30,17,13
12/12/2015 12:00,26,13,13
12/12/2015 13:00,19,9,10
12/12/2015 14:00,25,14,11
12/12/2015 15:00,30,15,15
12/12/2015 16:00,36,12,24
12/12/2015 17:00,24,14,10
12/12/2015 18:00,27,13,14
12/12/2015 19:00,13,6,7
12/12/2015 20:00,12,3,9
12/12/2015 21:00,7,4,3
12/12/2015 22:00,10,8,2
12/12/2015 23:00,6,3,3
12/13/2015 0:00,9,5,4
12/13/2015 1:00,1,1,0
12/13/2015 2:00,4,4,0
12/13/2015 3:00,4,3,1
12/13/2015 4:00,1,1,0
12/13/2015 5:00,9,4,5
12/13/2015 6:00,6,2,4
12/13/2015 7:00,13,7,6
12/13/2015 8:00,22,11,11
12/13/2015 9:00,38,18,20
12/13/2015 10:00,34,18,16
12/13/2015 11:00,28,18,10
12/13/2015 12:00,52,25,27
12/13/2015 13:00,42,26,16
12/13/2015 14:00,55,34,21
12/13/2015 15:00,62,31,31
12/13/2015 16:00,23,11,12
12/13/2015 17:00,25,8,17
12/13/2015 18:00,19,9,10
12/13/2015 19:00,14,5,9
12/13/2015 20:00,8,6,2
12/13/2015 21:00,4,3,1
12/13/2015 22:00,9,3,6
12/13/2015 23:00,8,3,5
12/14/2015 0:00,5,2,3
12/14/2015 1:00,2,1,1
12/14/2015 2:00,3,1,2
12/14/2015 3:00,2,2,0
12/14/2015 4:00,11,8,3
12/14/2015 5:00,32,19,13
12/14/2015 6:00,88,55,33
12/14/2015 7:00,288,209,79
12/14/2015 8:00,406,277,129
12/14/2015 9:00,172,104,68
12/14/2015 10:00,72,40,32
12/14/2015 11:00,52,40,12
12/14/2015 12:00,58,28,30
12/14/2015 13:00,58,32,26
12/14/2015 14:00,54,24,30
12/14/2015 15:00,105,51,54
12/14/2015 16:00,191,72,119
12/14/2015 17:00,403,103,300
12/14/2015 18:00,290,93,197
12/14/2015 19:00,102,34,68
12/14/2015 20:00,48,18,30
12/14/2015 21:00,42,14,28
12/14/2015 22:00,23,11,12
12/14/2015 23:00,14,5,9
12/15/2015 0:00,9,5,4
12/15/2015 1:00,2,1,1
12/15/2015 2:00,3,0,3
12/15/2015 3:00,5,3,2
12/15/2015 4:00,6,3,3
12/15/2015 5:00,31,21,10
12/15/2015 6:00,102,61,41
12/15/2015 7:00,279,208,71
12/15/2015 8:00,357,238,119
12/15/2015 9:00,199,133,66
12/15/2015 10:00,68,41,27
12/15/2015 11:00,51,31,20
12/15/2015 12:00,55,33,22
12/15/2015 13:00,53,23,30
12/15/2015 14:00,55,25,30
12/15/2015 15:00,98,46,52
12/15/2015 16:00,195,66,129
12/15/2015 17:00,384,95,289
12/15/2015 18:00,265,83,182
12/15/2015 19:00,94,31,63
12/15/2015 20:00,55,22,33
12/15/2015 21:00,29,8,21
12/15/2015 22:00,21,9,12
12/15/2015 23:00,14,5,9
12/16/2015 0:00,10,7,3
12/16/2015 1:00,1,0,1
12/16/2015 2:00,2,1,1
12/16/2015 3:00,2,2,0
12/16/2015 4:00,7,4,3
12/16/2015 5:00,29,22,7
12/16/2015 6:00,101,66,35
12/16/2015 7:00,244,175,69
12/16/2015 8:00,349,226,123
12/16/2015 9:00,193,124,69
12/16/2015 10:00,85,55,30
12/16/2015 11:00,52,30,22
12/16/2015 12:00,54,24,30
12/16/2015 13:00,60,30,30
12/16/2015 14:00,66,26,40
12/16/2015 15:00,105,48,57
12/16/2015 16:00,167,74,93
12/16/2015 17:00,407,122,285
12/16/2015 18:00,257,84,173
12/16/2015 19:00,103,39,64
12/16/2015 20:00,56,19,37
12/16/2015 21:00,41,12,29
12/16/2015 22:00,23,8,15
12/16/2015 23:00,22,10,12
12/17/2015 0:00,8,4,4
12/17/2015 1:00,4,3,1
12/17/2015 2:00,3,2,1
12/17/2015 3:00,2,2,0
12/17/2015 4:00,4,2,2
12/17/2015 5:00,22,14,8
12/17/2015 6:00,80,55,25
12/17/2015 7:00,202,154,48
12/17/2015 8:00,243,158,85
12/17/2015 9:00,150,90,60
12/17/2015 10:00,49,30,19
12/17/2015 11:00,20,14,6
12/17/2015 12:00,22,11,11
12/17/2015 13:00,27,9,18
12/17/2015 14:00,31,13,18
12/17/2015 15:00,59,23,36
12/17/2015 16:00,118,51,67
12/17/2015 17:00,257,87,170
12/17/2015 18:00,168,48,120
12/17/2015 19:00,78,21,57
12/17/2015 20:00,68,18,50
12/17/2015 21:00,17,5,12
12/17/2015 22:00,17,4,13
12/17/2015 23:00,9,3,6
12/18/2015 0:00,3,2,1
12/18/2015 1:00,4,4,0
12/18/2015 2:00,1,1,0
12/18/2015 3:00,0,0,0
12/18/2015 4:00,3,1,2
12/18/2015 5:00,16,9,7
12/18/2015 6:00,59,44,15
12/18/2015 7:00,169,127,42
12/18/2015 8:00,246,167,79
12/18/2015 9:00,144,92,52
12/18/2015 10:00,65,37,28
12/18/2015 11:00,45,28,17
12/18/2015 12:00,50,24,26
12/18/2015 13:00,43,15,28
12/18/2015 14:00,59,33,26
12/18/2015 15:00,97,40,57
12/18/2015 16:00,159,62,97
12/18/2015 17:00,276,70,206
12/18/2015 18:00,133,44,89
12/18/2015 19:00,60,12,48
12/18/2015 20:00,25,8,17
12/18/2015 21:00,24,7,17
12/18/2015 22:00,17,10,7
12/18/2015 23:00,10,5,5
12/19/2015 0:00,7,3,4
12/19/2015 1:00,7,3,4
12/19/2015 2:00,1,0,1
12/19/2015 3:00,0,0,0
12/19/2015 4:00,0,0,0
12/19/2015 5:00,10,4,6
12/19/2015 6:00,10,4,6
12/19/2015 7:00,21,14,7
12/19/2015 8:00,35,19,16
12/19/2015 9:00,52,34,18
12/19/2015 10:00,56,37,19
12/19/2015 11:00,85,51,34
12/19/2015 12:00,86,50,36
12/19/2015 13:00,80,36,44
12/19/2015 14:00,95,58,37
12/19/2015 15:00,73,36,37
12/19/2015 16:00,46,25,21
12/19/2015 17:00,38,23,15
12/19/2015 18:00,31,16,15
12/19/2015 19:00,9,3,6
12/19/2015 20:00,16,7,9
12/19/2015 21:00,15,7,8
12/19/2015 22:00,17,8,9
12/19/2015 23:00,18,4,14
12/20/2015 0:00,4,2,2
12/20/2015 1:00,6,4,2
12/20/2015 2:00,0,0,0
12/20/2015 3:00,2,2,0
12/20/2015 4:00,4,2,2
12/20/2015 5:00,4,2,2
12/20/2015 6:00,6,0,6
12/20/2015 7:00,6,4,2
12/20/2015 8:00,27,18,9
12/20/2015 9:00,19,11,8
12/20/2015 10:00,42,16,26
12/20/2015 11:00,59,33,26
12/20/2015 12:00,46,28,18
12/20/2015 13:00,48,32,16
12/20/2015 14:00,52,30,22
12/20/2015 15:00,41,17,24
12/20/2015 16:00,40,22,18
12/20/2015 17:00,32,16,16
12/20/2015 18:00,21,7,14
12/20/2015 19:00,8,1,7
12/20/2015 20:00,22,13,9
12/20/2015 21:00,11,6,5
12/20/2015 22:00,5,4,1
12/20/2015 23:00,7,3,4
12/21/2015 0:00,5,2,3
12/21/2015 1:00,0,0,0
12/21/2015 2:00,1,0,1
12/21/2015 3:00,4,1,3
12/21/2015 4:00,4,3,1
12/21/2015 5:00,16,11,5
12/21/2015 6:00,74,41,33
12/21/2015 7:00,167,126,41
12/21/2015 8:00,201,130,71
12/21/2015 9:00,89,52,37
12/21/2015 10:00,30,19,11
12/21/2015 11:00,12,8,4
12/21/2015 12:00,19,10,9
12/21/2015 13:00,19,9,10
12/21/2015 14:00,25,6,19
12/21/2015 15:00,38,11,27
12/21/2015 16:00,97,41,56
12/21/2015 17:00,227,60,167
12/21/2015 18:00,145,38,107
12/21/2015 19:00,52,24,28
12/21/2015 20:00,19,8,11
12/21/2015 21:00,13,6,7
12/21/2015 22:00,14,8,6
12/21/2015 23:00,4,2,2
12/22/2015 0:00,1,0,1
12/22/2015 1:00,4,2,2
12/22/2015 2:00,2,2,0
12/22/2015 3:00,3,3,0
12/22/2015 4:00,2,1,1
12/22/2015 5:00,21,13,8
12/22/2015 6:00,74,44,30
12/22/2015 7:00,177,126,51
12/22/2015 8:00,219,147,72
12/22/2015 9:00,135,95,40
12/22/2015 10:00,62,37,25
12/22/2015 11:00,39,19,20
12/22/2015 12:00,51,23,28
12/22/2015 13:00,39,21,18
12/22/2015 14:00,54,20,34
12/22/2015 15:00,80,33,47
12/22/2015 16:00,158,46,112
12/22/2015 17:00,249,69,180
12/22/2015 18:00,148,34,114
12/22/2015 19:00,54,20,34
12/22/2015 20:00,24,6,18
12/22/2015 21:00,18,9,9
12/22/2015 22:00,12,6,6
12/22/2015 23:00,9,1,8
12/23/2015 0:00,3,3,0
12/23/2015 1:00,4,3,1
12/23/2015 2:00,0,0,0
12/23/2015 3:00,1,1,0
12/23/2015 4:00,3,0,3
12/23/2015 5:00,27,19,8
12/23/2015 6:00,59,38,21
12/23/2015 7:00,121,83,38
12/23/2015 8:00,149,100,49
12/23/2015 9:00,100,66,34
12/23/2015 10:00,37,20,17
12/23/2015 11:00,37,26,11
12/23/2015 12:00,46,24,22
12/23/2015 13:00,41,23,18
12/23/2015 14:00,58,20,38
12/23/2015 15:00,77,30,47
12/23/2015 16:00,131,38,93
12/23/2015 17:00,159,40,119
12/23/2015 18:00,69,28,41
12/23/2015 19:00,41,12,29
12/23/2015 20:00,23,9,14
12/23/2015 21:00,13,7,6
12/23/2015 22:00,8,4,4
12/23/2015 23:00,12,8,4
12/24/2015 0:00,6,1,5
12/24/2015 1:00,3,1,2
12/24/2015 2:00,1,0,1
12/24/2015 3:00,1,0,1
12/24/2015 4:00,2,0,2
12/24/2015 5:00,6,4,2
12/24/2015 6:00,22,17,5
12/24/2015 7:00,52,29,23
12/24/2015 8:00,54,37,17
12/24/2015 9:00,46,27,19
12/24/2015 10:00,28,19,9
12/24/2015 11:00,36,16,20
12/24/2015 12:00,48,26,22
12/24/2015 13:00,62,29,33
12/24/2015 14:00,65,35,30
12/24/2015 15:00,60,26,34
12/24/2015 16:00,30,8,22
12/24/2015 17:00,25,8,17
12/24/2015 18:00,18,8,10
12/24/2015 19:00,10,5,5
12/24/2015 20:00,6,1,5
12/24/2015 21:00,4,4,0
12/24/2015 22:00,5,3,2
12/24/2015 23:00,2,2,0
12/25/2015 0:00,1,0,1
12/25/2015 1:00,3,0,3
12/25/2015 2:00,4,0,4
12/25/2015 3:00,0,0,0
12/25/2015 4:00,1,0,1
12/25/2015 5:00,1,1,0
12/25/2015 6:00,1,0,1
12/25/2015 7:00,6,4,2
12/25/2015 8:00,4,0,4
12/25/2015 9:00,4,4,0
12/25/2015 10:00,11,5,6
12/25/2015 11:00,23,21,2
12/25/2015 12:00,26,13,13
12/25/2015 13:00,24,11,13
12/25/2015 14:00,45,26,19
12/25/2015 15:00,43,26,17
12/25/2015 16:00,20,10,10
12/25/2015 17:00,11,10,1
12/25/2015 18:00,8,5,3
12/25/2015 19:00,10,3,7
12/25/2015 20:00,6,4,2
12/25/2015 21:00,6,4,2
12/25/2015 22:00,4,1,3
12/25/2015 23:00,2,2,0
12/26/2015 0:00,2,1,1
12/26/2015 1:00,0,0,0
12/26/2015 2:00,0,0,0
12/26/2015 3:00,0,0,0
12/26/2015 4:00,1,0,1
12/26/2015 5:00,10,8,2
12/26/2015 6:00,6,3,3
12/26/2015 7:00,9,4,5
12/26/2015 8:00,11,8,3
12/26/2015 9:00,19,6,13
12/26/2015 10:00,42,29,13
12/26/2015 11:00,46,30,16
12/26/2015 12:00,43,22,21
12/26/2015 13:00,50,26,24
12/26/2015 14:00,55,25,30
12/26/2015 15:00,53,26,27
12/26/2015 16:00,37,19,18
12/26/2015 17:00,33,15,18
12/26/2015 18:00,21,8,13
12/26/2015 19:00,7,4,3
12/26/2015 20:00,16,4,12
12/26/2015 21:00,14,6,8
12/26/2015 22:00,7,4,3
12/26/2015 23:00,6,2,4
12/27/2015 0:00,5,2,3
12/27/2015 1:00,5,1,4
12/27/2015 2:00,2,2,0
12/27/2015 3:00,2,1,1
12/27/2015 4:00,1,0,1
12/27/2015 5:00,3,1,2
12/27/2015 6:00,9,5,4
12/27/2015 7:00,5,3,2
12/27/2015 8:00,14,7,7
12/27/2015 9:00,16,4,12
12/27/2015 10:00,20,12,8
12/27/2015 11:00,18,15,3
12/27/2015 12:00,12,5,7
12/27/2015 13:00,14,7,7
12/27/2015 14:00,16,9,7
12/27/2015 15:00,11,5,6
12/27/2015 16:00,14,5,9
12/27/2015 17:00,5,1,4
12/27/2015 18:00,5,3,2
12/27/2015 19:00,6,2,4
12/27/2015 20:00,2,1,1
12/27/2015 21:00,5,1,4
12/27/2015 22:00,7,4,3
12/27/2015 23:00,5,4,1
12/28/2015 0:00,4,1,3
12/28/2015 1:00,0,0,0
12/28/2015 2:00,1,0,1
12/28/2015 3:00,1,1,0
12/28/2015 4:00,3,2,1
12/28/2015 5:00,12,6,6
12/28/2015 6:00,47,30,17
12/28/2015 7:00,118,88,30
12/28/2015 8:00,158,111,47
12/28/2015 9:00,85,56,29
12/28/2015 10:00,43,19,24
12/28/2015 11:00,32,24,8
12/28/2015 12:00,29,14,15
12/28/2015 13:00,43,21,22
12/28/2015 14:00,41,14,27
12/28/2015 15:00,82,33,49
12/28/2015 16:00,115,40,75
12/28/2015 17:00,208,69,139
12/28/2015 18:00,93,32,61
12/28/2015 19:00,30,8,22
12/28/2015 20:00,24,7,17
12/28/2015 21:00,5,2,3
12/28/2015 22:00,13,5,8
12/28/2015 23:00,19,11,8
12/29/2015 0:00,3,1,2
12/29/2015 1:00,0,0,0
12/29/2015 2:00,1,0,1
12/29/2015 3:00,0,0,0
12/29/2015 4:00,6,3,3
12/29/2015 5:00,12,9,3
12/29/2015 6:00,52,29,23
12/29/2015 7:00,134,101,33
12/29/2015 8:00,199,135,64
12/29/2015 9:00,108,65,43
12/29/2015 10:00,72,31,41
12/29/2015 11:00,42,23,19
12/29/2015 12:00,45,24,21
12/29/2015 13:00,74,40,34
12/29/2015 14:00,63,33,30
12/29/2015 15:00,81,34,47
12/29/2015 16:00,149,57,92
12/29/2015 17:00,204,59,145
12/29/2015 18:00,141,50,91
12/29/2015 19:00,49,18,31
12/29/2015 20:00,29,17,12
12/29/2015 21:00,18,4,14
12/29/2015 22:00,16,7,9
12/29/2015 23:00,10,4,6
12/30/2015 0:00,7,2,5
12/30/2015 1:00,2,2,0
12/30/2015 2:00,0,0,0
12/30/2015 3:00,0,0,0
12/30/2015 4:00,5,3,2
12/30/2015 5:00,21,17,4
12/30/2015 6:00,42,25,17
12/30/2015 7:00,134,101,33
12/30/2015 8:00,166,113,53
12/30/2015 9:00,98,65,33
12/30/2015 10:00,64,33,31
12/30/2015 11:00,46,24,22
12/30/2015 12:00,53,34,19
12/30/2015 13:00,66,33,33
12/30/2015 14:00,84,37,47
12/30/2015 15:00,92,47,45
12/30/2015 16:00,150,70,80
12/30/2015 17:00,212,66,146
12/30/2015 18:00,107,26,81
12/30/2015 19:00,41,7,34
12/30/2015 20:00,29,9,20
12/30/2015 21:00,14,4,10
12/30/2015 22:00,9,5,4
12/30/2015 23:00,18,8,10
12/31/2015 0:00,5,3,2
12/31/2015 1:00,3,1,2
12/31/2015 2:00,2,1,1
12/31/2015 3:00,0,0,0
12/31/2015 4:00,5,3,2
12/31/2015 5:00,16,12,4
12/31/2015 6:00,33,17,16
12/31/2015 7:00,74,49,25
12/31/2015 8:00,100,68,32
12/31/2015 9:00,65,38,27
12/31/2015 10:00,43,21,22
12/31/2015 11:00,46,28,18
12/31/2015 12:00,68,41,27
12/31/2015 13:00,80,48,32
12/31/2015 14:00,105,41,64
12/31/2015 15:00,110,46,64
12/31/2015 16:00,109,48,61
12/31/2015 17:00,81,23,58
12/31/2015 18:00,44,14,30
12/31/2015 19:00,23,10,13
12/31/2015 20:00,12,2,10
12/31/2015 21:00,16,8,8
12/31/2015 22:00,12,7,5
12/31/2015 23:00,13,7,6
1/1/2016 0:00,18,9,9
1/1/2016 1:00,15,3,12
1/1/2016 2:00,11,6,5
1/1/2016 3:00,7,1,6
1/1/2016 4:00,2,0,2
1/1/2016 5:00,6,4,2
1/1/2016 6:00,3,2,1
1/1/2016 7:00,3,1,2
1/1/2016 8:00,11,2,9
1/1/2016 9:00,19,10,9
1/1/2016 10:00,24,10,14
1/1/2016 11:00,23,14,9
1/1/2016 12:00,51,31,20
1/1/2016 13:00,78,55,23
1/1/2016 14:00,84,57,27
1/1/2016 15:00,65,36,29
1/1/2016 16:00,57,30,27
1/1/2016 17:00,26,14,12
1/1/2016 18:00,11,8,3
1/1/2016 19:00,12,6,6
1/1/2016 20:00,12,5,7
1/1/2016 21:00,9,6,3
1/1/2016 22:00,11,3,8
1/1/2016 23:00,4,3,1
1/2/2016 0:00,3,2,1
1/2/2016 1:00,0,0,0
1/2/2016 2:00,1,1,0
1/2/2016 3:00,0,0,0
1/2/2016 4:00,3,1,2
1/2/2016 5:00,2,1,1
1/2/2016 6:00,6,2,4
1/2/2016 7:00,11,6,5
1/2/2016 8:00,22,12,10
1/2/2016 9:00,33,18,15
1/2/2016 10:00,45,27,18
1/2/2016 11:00,64,48,16
1/2/2016 12:00,63,26,37
1/2/2016 13:00,100,63,37
1/2/2016 14:00,101,60,41
1/2/2016 15:00,96,48,48
1/2/2016 16:00,59,35,24
1/2/2016 17:00,33,17,16
1/2/2016 18:00,30,7,23
1/2/2016 19:00,20,8,12
1/2/2016 20:00,11,5,6
1/2/2016 21:00,9,0,9
1/2/2016 22:00,14,6,8
1/2/2016 23:00,7,3,4
1/3/2016 0:00,2,2,0
1/3/2016 1:00,4,2,2
1/3/2016 2:00,4,3,1
1/3/2016 3:00,1,0,1
1/3/2016 4:00,0,0,0
1/3/2016 5:00,6,4,2
1/3/2016 6:00,6,1,5
1/3/2016 7:00,11,4,7
1/3/2016 8:00,20,10,10
1/3/2016 9:00,38,19,19
1/3/2016 10:00,47,25,22
1/3/2016 11:00,60,34,26
1/3/2016 12:00,43,21,22
1/3/2016 13:00,51,27,24
1/3/2016 14:00,29,19,10
1/3/2016 15:00,34,16,18
1/3/2016 16:00,28,14,14
1/3/2016 17:00,16,9,7
1/3/2016 18:00,12,7,5
1/3/2016 19:00,10,4,6
1/3/2016 20:00,11,5,6
1/3/2016 21:00,5,2,3
1/3/2016 22:00,3,2,1
1/3/2016 23:00,3,1,2
1/4/2016 0:00,0,0,0
1/4/2016 1:00,1,1,0
1/4/2016 2:00,0,0,0
1/4/2016 3:00,3,2,1
1/4/2016 4:00,5,2,3
1/4/2016 5:00,20,12,8
1/4/2016 6:00,71,42,29
1/4/2016 7:00,195,146,49
1/4/2016 8:00,295,194,101
1/4/2016 9:00,147,94,53
1/4/2016 10:00,54,28,26
1/4/2016 11:00,24,11,13
1/4/2016 12:00,21,9,12
1/4/2016 13:00,33,17,16
1/4/2016 14:00,41,15,26
1/4/2016 15:00,58,19,39
1/4/2016 16:00,148,54,94
1/4/2016 17:00,321,96,225
1/4/2016 18:00,224,69,155
1/4/2016 19:00,65,21,44
1/4/2016 20:00,37,13,24
1/4/2016 21:00,16,9,7
1/4/2016 22:00,13,5,8
1/4/2016 23:00,9,1,8
1/5/2016 0:00,4,4,0
1/5/2016 1:00,1,1,0
1/5/2016 2:00,1,1,0
1/5/2016 3:00,0,0,0
1/5/2016 4:00,6,3,3
1/5/2016 5:00,26,17,9
1/5/2016 6:00,85,58,27
1/5/2016 7:00,248,181,67
1/5/2016 8:00,300,207,93
1/5/2016 9:00,160,103,57
1/5/2016 10:00,72,36,36
1/5/2016 11:00,33,14,19
1/5/2016 12:00,30,15,15
1/5/2016 13:00,36,20,16
1/5/2016 14:00,45,12,33
1/5/2016 15:00,82,23,59
1/5/2016 16:00,179,55,124
1/5/2016 17:00,366,101,265
1/5/2016 18:00,229,64,165
1/5/2016 19:00,87,27,60
1/5/2016 20:00,37,13,24
1/5/2016 21:00,28,9,19
1/5/2016 22:00,16,7,9
1/5/2016 23:00,7,3,4
1/6/2016 0:00,5,4,1
1/6/2016 1:00,2,1,1
1/6/2016 2:00,2,1,1
1/6/2016 3:00,4,2,2
1/6/2016 4:00,7,5,2
1/6/2016 5:00,31,19,12
1/6/2016 6:00,99,67,32
1/6/2016 7:00,300,220,80
1/6/2016 8:00,374,256,118
1/6/2016 9:00,233,146,87
1/6/2016 10:00,71,38,33
1/6/2016 11:00,62,33,29
1/6/2016 12:00,71,44,27
1/6/2016 13:00,66,32,34
1/6/2016 14:00,70,31,39
1/6/2016 15:00,97,43,54
1/6/2016 16:00,240,85,155
1/6/2016 17:00,428,129,299
1/6/2016 18:00,270,105,165
1/6/2016 19:00,120,24,96
1/6/2016 20:00,54,26,28
1/6/2016 21:00,35,11,24
1/6/2016 22:00,35,15,20
1/6/2016 23:00,8,3,5
1/7/2016 0:00,10,7,3
1/7/2016 1:00,3,1,2
1/7/2016 2:00,0,0,0
1/7/2016 3:00,1,1,0
1/7/2016 4:00,5,3,2
1/7/2016 5:00,29,18,11
1/7/2016 6:00,113,82,31
1/7/2016 7:00,271,200,71
1/7/2016 8:00,373,261,112
1/7/2016 9:00,208,130,78
1/7/2016 10:00,69,46,23
1/7/2016 11:00,35,19,16
1/7/2016 12:00,54,23,31
1/7/2016 13:00,40,19,21
1/7/2016 14:00,60,33,27
1/7/2016 15:00,112,49,63
1/7/2016 16:00,178,57,121
1/7/2016 17:00,420,120,300
1/7/2016 18:00,278,106,172
1/7/2016 19:00,170,45,125
1/7/2016 20:00,61,17,44
1/7/2016 21:00,35,13,22
1/7/2016 22:00,29,10,19
1/7/2016 23:00,28,20,8
1/8/2016 0:00,12,8,4
1/8/2016 1:00,9,9,0
1/8/2016 2:00,2,2,0
1/8/2016 3:00,0,0,0
1/8/2016 4:00,5,2,3
1/8/2016 5:00,33,20,13
1/8/2016 6:00,79,52,27
1/8/2016 7:00,264,194,70
1/8/2016 8:00,329,222,107
1/8/2016 9:00,184,100,84
1/8/2016 10:00,64,44,20
1/8/2016 11:00,57,26,31
1/8/2016 12:00,61,30,31
1/8/2016 13:00,67,32,35
1/8/2016 14:00,84,42,42
1/8/2016 15:00,123,56,67
1/8/2016 16:00,227,94,133
1/8/2016 17:00,354,96,258
1/8/2016 18:00,227,78,149
1/8/2016 19:00,79,31,48
1/8/2016 20:00,49,18,31
1/8/2016 21:00,28,14,14
1/8/2016 22:00,24,14,10
1/8/2016 23:00,23,11,12
1/9/2016 0:00,8,4,4
1/9/2016 1:00,7,1,6
1/9/2016 2:00,6,3,3
1/9/2016 3:00,1,1,0
1/9/2016 4:00,1,0,1
1/9/2016 5:00,13,7,6
1/9/2016 6:00,9,4,5
1/9/2016 7:00,18,10,8
1/9/2016 8:00,41,21,20
1/9/2016 9:00,48,23,25
1/9/2016 10:00,74,54,20
1/9/2016 11:00,66,35,31
1/9/2016 12:00,113,63,50
1/9/2016 13:00,104,54,50
1/9/2016 14:00,97,60,37
1/9/2016 15:00,107,65,42
1/9/2016 16:00,70,40,30
1/9/2016 17:00,55,19,36
1/9/2016 18:00,27,12,15
1/9/2016 19:00,35,14,21
1/9/2016 20:00,16,5,11
1/9/2016 21:00,17,6,11
1/9/2016 22:00,17,11,6
1/9/2016 23:00,10,5,5
1/10/2016 0:00,6,1,5
1/10/2016 1:00,4,0,4
1/10/2016 2:00,3,2,1
1/10/2016 3:00,2,1,1
1/10/2016 4:00,0,0,0
1/10/2016 5:00,6,3,3
1/10/2016 6:00,6,3,3
1/10/2016 7:00,18,13,5
1/10/2016 8:00,23,17,6
1/10/2016 9:00,58,27,31
1/10/2016 10:00,60,40,20
1/10/2016 11:00,63,32,31
1/10/2016 12:00,77,40,37
1/10/2016 13:00,125,70,55
1/10/2016 14:00,166,103,63
1/10/2016 15:00,135,84,51
1/10/2016 16:00,110,60,50
1/10/2016 17:00,46,25,21
1/10/2016 18:00,24,15,9
1/10/2016 19:00,19,7,12
1/10/2016 20:00,14,6,8
1/10/2016 21:00,11,6,5
1/10/2016 22:00,12,5,7
1/10/2016 23:00,5,2,3
1/11/2016 0:00,3,0,3
1/11/2016 1:00,4,0,4
1/11/2016 2:00,0,0,0
1/11/2016 3:00,2,2,0
1/11/2016 4:00,9,6,3
1/11/2016 5:00,27,13,14
1/11/2016 6:00,90,63,27
1/11/2016 7:00,284,219,65
1/11/2016 8:00,339,225,114
1/11/2016 9:00,151,100,51
1/11/2016 10:00,60,31,29
1/11/2016 11:00,31,23,8
1/11/2016 12:00,27,15,12
1/11/2016 13:00,30,11,19
1/11/2016 14:00,44,21,23
1/11/2016 15:00,69,28,41
1/11/2016 16:00,177,63,114
1/11/2016 17:00,369,92,277
1/11/2016 18:00,247,72,175
1/11/2016 19:00,93,30,63
1/11/2016 20:00,46,15,31
1/11/2016 21:00,25,7,18
1/11/2016 22:00,17,10,7
1/11/2016 23:00,10,4,6
1/12/2016 0:00,2,1,1
1/12/2016 1:00,1,0,1
1/12/2016 2:00,1,0,1
1/12/2016 3:00,1,1,0
1/12/2016 4:00,5,2,3
1/12/2016 5:00,26,18,8
1/12/2016 6:00,90,57,33
1/12/2016 7:00,254,186,68
1/12/2016 8:00,313,226,87
1/12/2016 9:00,169,106,63
1/12/2016 10:00,56,28,28
1/12/2016 11:00,36,21,15
1/12/2016 12:00,34,16,18
1/12/2016 13:00,25,15,10
1/12/2016 14:00,45,12,33
1/12/2016 15:00,73,29,44
1/12/2016 16:00,157,56,101
1/12/2016 17:00,338,88,250
1/12/2016 18:00,206,46,160
1/12/2016 19:00,74,21,53
1/12/2016 20:00,34,11,23
1/12/2016 21:00,20,10,10
1/12/2016 22:00,16,10,6
1/12/2016 23:00,2,1,1
1/13/2016 0:00,3,2,1
1/13/2016 1:00,5,3,2
1/13/2016 2:00,1,0,1
1/13/2016 3:00,1,1,0
1/13/2016 4:00,3,1,2
1/13/2016 5:00,32,21,11
1/13/2016 6:00,92,63,29
1/13/2016 7:00,194,138,56
1/13/2016 8:00,238,156,82
1/13/2016 9:00,124,76,48
1/13/2016 10:00,49,27,22
1/13/2016 11:00,40,22,18
1/13/2016 12:00,28,17,11
1/13/2016 13:00,30,18,12
1/13/2016 14:00,42,13,29
1/13/2016 15:00,89,34,55
1/13/2016 16:00,140,51,89
1/13/2016 17:00,333,114,219
1/13/2016 18:00,203,53,150
1/13/2016 19:00,63,19,44
1/13/2016 20:00,44,8,36
1/13/2016 21:00,25,7,18
1/13/2016 22:00,22,9,13
1/13/2016 23:00,5,3,2
1/14/2016 0:00,3,2,1
1/14/2016 1:00,4,2,2
1/14/2016 2:00,1,1,0
1/14/2016 3:00,1,1,0
1/14/2016 4:00,4,2,2
1/14/2016 5:00,27,16,11
1/14/2016 6:00,102,70,32
1/14/2016 7:00,268,194,74
1/14/2016 8:00,372,261,111
1/14/2016 9:00,179,113,66
1/14/2016 10:00,105,62,43
1/14/2016 11:00,43,30,13
1/14/2016 12:00,69,39,30
1/14/2016 13:00,72,34,38
1/14/2016 14:00,76,30,46
1/14/2016 15:00,118,53,65
1/14/2016 16:00,211,70,141
1/14/2016 17:00,404,129,275
1/14/2016 18:00,285,102,183
1/14/2016 19:00,108,38,70
1/14/2016 20:00,65,22,43
1/14/2016 21:00,58,29,29
1/14/2016 22:00,27,6,21
1/14/2016 23:00,21,10,11
1/15/2016 0:00,11,5,6
1/15/2016 1:00,1,0,1
1/15/2016 2:00,1,1,0
1/15/2016 3:00,2,2,0
1/15/2016 4:00,3,0,3
1/15/2016 5:00,23,15,8
1/15/2016 6:00,79,50,29
1/15/2016 7:00,207,154,53
1/15/2016 8:00,277,189,88
1/15/2016 9:00,182,117,65
1/15/2016 10:00,54,27,27
1/15/2016 11:00,32,13,19
1/15/2016 12:00,34,17,17
1/15/2016 13:00,46,23,23
1/15/2016 14:00,60,19,41
1/15/2016 15:00,85,37,48
1/15/2016 16:00,167,65,102
1/15/2016 17:00,312,91,221
1/15/2016 18:00,178,53,125
1/15/2016 19:00,78,31,47
1/15/2016 20:00,34,11,23
1/15/2016 21:00,15,8,7
1/15/2016 22:00,17,10,7
1/15/2016 23:00,14,3,11
1/16/2016 0:00,7,2,5
1/16/2016 1:00,5,2,3
1/16/2016 2:00,1,1,0
1/16/2016 3:00,0,0,0
1/16/2016 4:00,2,1,1
1/16/2016 5:00,9,4,5
1/16/2016 6:00,11,6,5
1/16/2016 7:00,14,7,7
1/16/2016 8:00,23,10,13
1/16/2016 9:00,18,6,12
1/16/2016 10:00,33,20,13
1/16/2016 11:00,58,31,27
1/16/2016 12:00,63,37,26
1/16/2016 13:00,73,46,27
1/16/2016 14:00,58,26,32
1/16/2016 15:00,34,19,15
1/16/2016 16:00,33,14,19
1/16/2016 17:00,28,15,13
1/16/2016 18:00,17,7,10
1/16/2016 19:00,22,8,14
1/16/2016 20:00,15,6,9
1/16/2016 21:00,17,6,11
1/16/2016 22:00,15,9,6
1/16/2016 23:00,18,7,11
1/17/2016 0:00,10,1,9
1/17/2016 1:00,7,6,1
1/17/2016 2:00,0,0,0
1/17/2016 3:00,1,0,1
1/17/2016 4:00,1,0,1
1/17/2016 5:00,4,2,2
1/17/2016 6:00,5,2,3
1/17/2016 7:00,7,3,4
1/17/2016 8:00,24,12,12
1/17/2016 9:00,15,8,7
1/17/2016 10:00,21,11,10
1/17/2016 11:00,19,9,10
1/17/2016 12:00,36,20,16
1/17/2016 13:00,29,13,16
1/17/2016 14:00,37,18,19
1/17/2016 15:00,40,24,16
1/17/2016 16:00,36,24,12
1/17/2016 17:00,34,10,24
1/17/2016 18:00,11,3,8
1/17/2016 19:00,18,4,14
1/17/2016 20:00,12,7,5
1/17/2016 21:00,15,3,12
1/17/2016 22:00,12,2,10
1/17/2016 23:00,8,4,4
1/18/2016 0:00,2,0,2
1/18/2016 1:00,0,0,0
1/18/2016 2:00,0,0,0
1/18/2016 3:00,1,0,1
1/18/2016 4:00,4,2,2
1/18/2016 5:00,16,10,6
1/18/2016 6:00,53,34,19
1/18/2016 7:00,132,88,44
1/18/2016 8:00,181,125,56
1/18/2016 9:00,128,83,45
1/18/2016 10:00,66,33,33
1/18/2016 11:00,65,38,27
1/18/2016 12:00,73,44,29
1/18/2016 13:00,92,47,45
1/18/2016 14:00,128,78,50
1/18/2016 15:00,108,49,59
1/18/2016 16:00,125,50,75
1/18/2016 17:00,233,73,160
1/18/2016 18:00,170,55,115
1/18/2016 19:00,56,18,38
1/18/2016 20:00,44,25,19
1/18/2016 21:00,12,5,7
1/18/2016 22:00,13,6,7
1/18/2016 23:00,6,1,5
1/19/2016 0:00,5,4,1
1/19/2016 1:00,0,0,0
1/19/2016 2:00,2,0,2
1/19/2016 3:00,1,1,0
1/19/2016 4:00,4,1,3
1/19/2016 5:00,39,30,9
1/19/2016 6:00,103,68,35
1/19/2016 7:00,288,212,76
1/19/2016 8:00,415,267,148
1/19/2016 9:00,199,125,74
1/19/2016 10:00,53,27,26
1/19/2016 11:00,64,36,28
1/19/2016 12:00,42,17,25
1/19/2016 13:00,33,17,16
1/19/2016 14:00,48,18,30
1/19/2016 15:00,71,30,41
1/19/2016 16:00,170,60,110
1/19/2016 17:00,362,89,273
1/19/2016 18:00,251,68,183
1/19/2016 19:00,114,31,83
1/19/2016 20:00,44,14,30
1/19/2016 21:00,29,9,20
1/19/2016 22:00,15,5,10
1/19/2016 23:00,7,1,6
1/20/2016 0:00,6,4,2
1/20/2016 1:00,4,3,1
1/20/2016 2:00,2,0,2
1/20/2016 3:00,0,0,0
1/20/2016 4:00,9,7,2
1/20/2016 5:00,29,18,11
1/20/2016 6:00,96,62,34
1/20/2016 7:00,276,194,82
1/20/2016 8:00,369,257,112
1/20/2016 9:00,213,140,73
1/20/2016 10:00,70,40,30
1/20/2016 11:00,43,22,21
1/20/2016 12:00,47,25,22
1/20/2016 13:00,48,23,25
1/20/2016 14:00,80,32,48
1/20/2016 15:00,100,38,62
1/20/2016 16:00,236,85,151
1/20/2016 17:00,412,106,306
1/20/2016 18:00,293,88,205
1/20/2016 19:00,124,37,87
1/20/2016 20:00,60,21,39
1/20/2016 21:00,43,20,23
1/20/2016 22:00,19,6,13
1/20/2016 23:00,9,5,4
1/21/2016 0:00,5,3,2
1/21/2016 1:00,0,0,0
1/21/2016 2:00,0,0,0
1/21/2016 3:00,1,1,0
1/21/2016 4:00,4,2,2
1/21/2016 5:00,20,11,9
1/21/2016 6:00,74,51,23
1/21/2016 7:00,181,141,40
1/21/2016 8:00,203,131,72
1/21/2016 9:00,104,70,34
1/21/2016 10:00,38,20,18
1/21/2016 11:00,17,13,4
1/21/2016 12:00,12,6,6
1/21/2016 13:00,15,8,7
1/21/2016 14:00,30,12,18
1/21/2016 15:00,36,11,25
1/21/2016 16:00,96,33,63
1/21/2016 17:00,235,67,168
1/21/2016 18:00,165,51,114
1/21/2016 19:00,49,13,36
1/21/2016 20:00,42,14,28
1/21/2016 21:00,22,6,16
1/21/2016 22:00,16,10,6
1/21/2016 23:00,3,0,3
1/22/2016 0:00,11,4,7
1/22/2016 1:00,2,0,2
1/22/2016 2:00,0,0,0
1/22/2016 3:00,2,1,1
1/22/2016 4:00,4,1,3
1/22/2016 5:00,17,11,6
1/22/2016 6:00,56,36,20
1/22/2016 7:00,185,136,49
1/22/2016 8:00,306,206,100
1/22/2016 9:00,168,104,64
1/22/2016 10:00,65,35,30
1/22/2016 11:00,53,30,23
1/22/2016 12:00,72,39,33
1/22/2016 13:00,52,27,25
1/22/2016 14:00,91,39,52
1/22/2016 15:00,109,57,52
1/22/2016 16:00,212,85,127
1/22/2016 17:00,333,98,235
1/22/2016 18:00,207,58,149
1/22/2016 19:00,92,35,57
1/22/2016 20:00,44,22,22
1/22/2016 21:00,31,12,19
1/22/2016 22:00,25,9,16
1/22/2016 23:00,23,10,13
1/23/2016 0:00,9,5,4
1/23/2016 1:00,11,6,5
1/23/2016 2:00,7,1,6
1/23/2016 3:00,1,1,0
1/23/2016 4:00,3,0,3
1/23/2016 5:00,6,3,3
1/23/2016 6:00,4,0,4
1/23/2016 7:00,13,9,4
1/23/2016 8:00,23,10,13
1/23/2016 9:00,29,14,15
1/23/2016 10:00,27,13,14
1/23/2016 11:00,30,17,13
1/23/2016 12:00,29,15,14
1/23/2016 13:00,26,9,17
1/23/2016 14:00,34,13,21
1/23/2016 15:00,34,19,15
1/23/2016 16:00,18,11,7
1/23/2016 17:00,30,15,15
1/23/2016 18:00,28,9,19
1/23/2016 19:00,12,4,8
1/23/2016 20:00,10,5,5
1/23/2016 21:00,13,5,8
1/23/2016 22:00,14,11,3
1/23/2016 23:00,7,2,5
1/24/2016 0:00,4,3,1
1/24/2016 1:00,4,2,2
1/24/2016 2:00,3,2,1
1/24/2016 3:00,1,0,1
1/24/2016 4:00,1,1,0
1/24/2016 5:00,5,3,2
1/24/2016 6:00,8,5,3
1/24/2016 7:00,13,9,4
1/24/2016 8:00,35,25,10
1/24/2016 9:00,45,27,18
1/24/2016 10:00,65,39,26
1/24/2016 11:00,128,65,63
1/24/2016 12:00,123,74,49
1/24/2016 13:00,123,77,46
1/24/2016 14:00,133,81,52
1/24/2016 15:00,98,49,49
1/24/2016 16:00,108,54,54
1/24/2016 17:00,63,35,28
1/24/2016 18:00,38,26,12
1/24/2016 19:00,11,7,4
1/24/2016 20:00,16,9,7
1/24/2016 21:00,10,4,6
1/24/2016 22:00,8,4,4
1/24/2016 23:00,9,4,5
1/25/2016 0:00,3,2,1
1/25/2016 1:00,1,0,1
1/25/2016 2:00,2,0,2
1/25/2016 3:00,2,1,1
1/25/2016 4:00,5,3,2
1/25/2016 5:00,30,21,9
1/25/2016 6:00,119,87,32
1/25/2016 7:00,329,248,81
1/25/2016 8:00,429,292,137
1/25/2016 9:00,214,138,76
1/25/2016 10:00,86,44,42
1/25/2016 11:00,87,49,38
1/25/2016 12:00,50,34,16
1/25/2016 13:00,74,42,32
1/25/2016 14:00,86,37,49
1/25/2016 15:00,141,65,76
1/25/2016 16:00,245,83,162
1/25/2016 17:00,501,143,358
1/25/2016 18:00,312,121,191
1/25/2016 19:00,132,44,88
1/25/2016 20:00,50,20,30
1/25/2016 21:00,28,15,13
1/25/2016 22:00,28,15,13
1/25/2016 23:00,14,7,7
1/26/2016 0:00,3,2,1
1/26/2016 1:00,4,1,3
1/26/2016 2:00,2,0,2
1/26/2016 3:00,2,1,1
1/26/2016 4:00,3,2,1
1/26/2016 5:00,26,12,14
1/26/2016 6:00,99,71,28
1/26/2016 7:00,267,190,77
1/26/2016 8:00,340,233,107
1/26/2016 9:00,145,90,55
1/26/2016 10:00,55,30,25
1/26/2016 11:00,30,13,17
1/26/2016 12:00,34,14,20
1/26/2016 13:00,33,21,12
1/26/2016 14:00,47,17,30
1/26/2016 15:00,79,36,43
1/26/2016 16:00,162,47,115
1/26/2016 17:00,368,97,271
1/26/2016 18:00,254,80,174
1/26/2016 19:00,95,33,62
1/26/2016 20:00,65,25,40
1/26/2016 21:00,31,16,15
1/26/2016 22:00,14,7,7
1/26/2016 23:00,10,4,6
1/27/2016 0:00,4,3,1
1/27/2016 1:00,2,1,1
1/27/2016 2:00,2,0,2
1/27/2016 3:00,2,2,0
1/27/2016 4:00,3,0,3
1/27/2016 5:00,30,20,10
1/27/2016 6:00,102,64,38
1/27/2016 7:00,283,218,65
1/27/2016 8:00,362,251,111
1/27/2016 9:00,194,124,70
1/27/2016 10:00,76,46,30
1/27/2016 11:00,48,23,25
1/27/2016 12:00,50,30,20
1/27/2016 13:00,53,31,22
1/27/2016 14:00,59,31,28
1/27/2016 15:00,88,41,47
1/27/2016 16:00,191,53,138
1/27/2016 17:00,370,90,280
1/27/2016 18:00,226,53,173
1/27/2016 19:00,95,30,65
1/27/2016 20:00,48,14,34
1/27/2016 21:00,44,18,26
1/27/2016 22:00,13,3,10
1/27/2016 23:00,5,1,4
1/28/2016 0:00,3,3,0
1/28/2016 1:00,3,1,2
1/28/2016 2:00,2,2,0
1/28/2016 3:00,1,1,0
1/28/2016 4:00,3,2,1
1/28/2016 5:00,23,12,11
1/28/2016 6:00,77,61,16
1/28/2016 7:00,209,147,62
1/28/2016 8:00,267,169,98
1/28/2016 9:00,160,101,59
1/28/2016 10:00,58,29,29
1/28/2016 11:00,34,19,15
1/28/2016 12:00,23,8,15
1/28/2016 13:00,41,16,25
1/28/2016 14:00,63,19,44
1/28/2016 15:00,86,38,48
1/28/2016 16:00,174,61,113
1/28/2016 17:00,388,122,266
1/28/2016 18:00,209,61,148
1/28/2016 19:00,114,35,79
1/28/2016 20:00,72,34,38
1/28/2016 21:00,31,8,23
1/28/2016 22:00,33,15,18
1/28/2016 23:00,19,11,8
1/29/2016 0:00,8,4,4
1/29/2016 1:00,3,2,1
1/29/2016 2:00,0,0,0
1/29/2016 3:00,1,0,1
1/29/2016 4:00,4,1,3
1/29/2016 5:00,31,19,12
1/29/2016 6:00,84,64,20
1/29/2016 7:00,234,166,68
1/29/2016 8:00,265,176,89
1/29/2016 9:00,151,97,54
1/29/2016 10:00,50,20,30
1/29/2016 11:00,33,15,18
1/29/2016 12:00,35,19,16
1/29/2016 13:00,46,26,20
1/29/2016 14:00,55,21,34
1/29/2016 15:00,106,52,54
1/29/2016 16:00,196,80,116
1/29/2016 17:00,330,93,237
1/29/2016 18:00,183,63,120
1/29/2016 19:00,76,27,49
1/29/2016 20:00,38,18,20
1/29/2016 21:00,18,7,11
1/29/2016 22:00,23,8,15
1/29/2016 23:00,19,7,12
1/30/2016 0:00,9,6,3
1/30/2016 1:00,1,1,0
1/30/2016 2:00,5,4,1
1/30/2016 3:00,1,0,1
1/30/2016 4:00,5,2,3
1/30/2016 5:00,13,6,7
1/30/2016 6:00,15,8,7
1/30/2016 7:00,29,13,16
1/30/2016 8:00,46,19,27
1/30/2016 9:00,74,44,30
1/30/2016 10:00,84,41,43
1/30/2016 11:00,75,40,35
1/30/2016 12:00,89,53,36
1/30/2016 13:00,92,52,40
1/30/2016 14:00,104,68,36
1/30/2016 15:00,101,49,52
1/30/2016 16:00,92,54,38
1/30/2016 17:00,52,29,23
1/30/2016 18:00,42,18,24
1/30/2016 19:00,30,15,15
1/30/2016 20:00,14,6,8
1/30/2016 21:00,13,5,8
1/30/2016 22:00,21,9,12
1/30/2016 23:00,20,16,4
1/31/2016 0:00,5,1,4
1/31/2016 1:00,4,2,2
1/31/2016 2:00,2,2,0
1/31/2016 3:00,3,0,3
1/31/2016 4:00,0,0,0
1/31/2016 5:00,6,4,2
1/31/2016 6:00,6,3,3
1/31/2016 7:00,12,4,8
1/31/2016 8:00,30,14,16
1/31/2016 9:00,65,34,31
1/31/2016 10:00,74,48,26
1/31/2016 11:00,89,42,47
1/31/2016 12:00,80,44,36
1/31/2016 13:00,92,52,40
1/31/2016 14:00,73,39,34
1/31/2016 15:00,66,36,30
1/31/2016 16:00,63,26,37
1/31/2016 17:00,38,22,16
1/31/2016 18:00,50,25,25
1/31/2016 19:00,21,11,10
1/31/2016 20:00,15,12,3
1/31/2016 21:00,10,6,4
1/31/2016 22:00,5,3,2
1/31/2016 23:00,6,1,5
2/1/2016 0:00,6,1,5
2/1/2016 1:00,2,0,2
2/1/2016 2:00,2,0,2
2/1/2016 3:00,0,0,0
2/1/2016 4:00,4,4,0
2/1/2016 5:00,30,19,11
2/1/2016 6:00,126,86,40
2/1/2016 7:00,321,241,80
2/1/2016 8:00,392,269,123
2/1/2016 9:00,196,124,72
2/1/2016 10:00,94,46,48
2/1/2016 11:00,60,38,22
2/1/2016 12:00,39,18,21
2/1/2016 13:00,66,43,23
2/1/2016 14:00,78,23,55
2/1/2016 15:00,87,40,47
2/1/2016 16:00,222,82,140
2/1/2016 17:00,476,112,364
2/1/2016 18:00,286,81,205
2/1/2016 19:00,132,44,88
2/1/2016 20:00,58,22,36
2/1/2016 21:00,22,10,12
2/1/2016 22:00,21,13,8
2/1/2016 23:00,7,5,2
2/2/2016 0:00,2,1,1
2/2/2016 1:00,1,0,1
2/2/2016 2:00,1,0,1
2/2/2016 3:00,3,3,0
2/2/2016 4:00,7,4,3
2/2/2016 5:00,38,22,16
2/2/2016 6:00,115,80,35
2/2/2016 7:00,369,274,95
2/2/2016 8:00,432,286,146
2/2/2016 9:00,234,156,78
2/2/2016 10:00,82,44,38
2/2/2016 11:00,63,38,25
2/2/2016 12:00,84,43,41
2/2/2016 13:00,84,48,36
2/2/2016 14:00,84,41,43
2/2/2016 15:00,140,49,91
2/2/2016 16:00,259,94,165
2/2/2016 17:00,513,117,396
2/2/2016 18:00,324,100,224
2/2/2016 19:00,133,51,82
2/2/2016 20:00,70,30,40
2/2/2016 21:00,43,16,27
2/2/2016 22:00,40,16,24
2/2/2016 23:00,13,4,9
2/3/2016 0:00,5,4,1
2/3/2016 1:00,3,2,1
2/3/2016 2:00,2,0,2
2/3/2016 3:00,2,1,1
2/3/2016 4:00,5,4,1
2/3/2016 5:00,31,19,12
2/3/2016 6:00,115,77,38
2/3/2016 7:00,290,212,78
2/3/2016 8:00,366,244,122
2/3/2016 9:00,202,128,74
2/3/2016 10:00,73,48,25
2/3/2016 11:00,51,30,21
2/3/2016 12:00,36,23,13
2/3/2016 13:00,40,14,26
2/3/2016 14:00,46,15,31
2/3/2016 15:00,73,28,45
2/3/2016 16:00,161,54,107
2/3/2016 17:00,378,97,281
2/3/2016 18:00,216,50,166
2/3/2016 19:00,92,27,65
2/3/2016 20:00,49,15,34
2/3/2016 21:00,29,11,18
2/3/2016 22:00,18,2,16
2/3/2016 23:00,4,1,3
2/4/2016 0:00,7,6,1
2/4/2016 1:00,2,0,2
2/4/2016 2:00,0,0,0
2/4/2016 3:00,2,1,1
2/4/2016 4:00,5,4,1
2/4/2016 5:00,30,17,13
2/4/2016 6:00,124,84,40
2/4/2016 7:00,242,172,70
2/4/2016 8:00,334,226,108
2/4/2016 9:00,192,124,68
2/4/2016 10:00,62,39,23
2/4/2016 11:00,36,17,19
2/4/2016 12:00,41,25,16
2/4/2016 13:00,46,23,23
2/4/2016 14:00,55,23,32
2/4/2016 15:00,88,39,49
2/4/2016 16:00,188,55,133
2/4/2016 17:00,370,110,260
2/4/2016 18:00,247,79,168
2/4/2016 19:00,106,31,75
2/4/2016 20:00,54,16,38
2/4/2016 21:00,43,9,34
2/4/2016 22:00,34,14,20
2/4/2016 23:00,13,8,5
2/5/2016 0:00,7,5,2
2/5/2016 1:00,4,3,1
2/5/2016 2:00,2,1,1
2/5/2016 3:00,2,0,2
2/5/2016 4:00,5,2,3
2/5/2016 5:00,28,15,13
2/5/2016 6:00,99,71,28
2/5/2016 7:00,245,172,73
2/5/2016 8:00,320,208,112
2/5/2016 9:00,191,121,70
2/5/2016 10:00,76,48,28
2/5/2016 11:00,59,34,25
2/5/2016 12:00,63,41,22
2/5/2016 13:00,61,29,32
2/5/2016 14:00,62,25,37
2/5/2016 15:00,89,37,52
2/5/2016 16:00,160,54,106
2/5/2016 17:00,293,73,220
2/5/2016 18:00,178,47,131
2/5/2016 19:00,79,28,51
2/5/2016 20:00,31,11,20
2/5/2016 21:00,18,6,12
2/5/2016 22:00,22,11,11
2/5/2016 23:00,7,3,4
2/6/2016 0:00,9,5,4
2/6/2016 1:00,6,4,2
2/6/2016 2:00,3,3,0
2/6/2016 3:00,0,0,0
2/6/2016 4:00,2,1,1
2/6/2016 5:00,11,6,5
2/6/2016 6:00,12,4,8
2/6/2016 7:00,26,13,13
2/6/2016 8:00,43,27,16
2/6/2016 9:00,46,35,11
2/6/2016 10:00,53,33,20
2/6/2016 11:00,73,31,42
2/6/2016 12:00,68,45,23
2/6/2016 13:00,87,56,31
2/6/2016 14:00,81,41,40
2/6/2016 15:00,80,40,40
2/6/2016 16:00,74,40,34
2/6/2016 17:00,56,29,27
2/6/2016 18:00,47,21,26
2/6/2016 19:00,29,15,14
2/6/2016 20:00,24,11,13
2/6/2016 21:00,16,5,11
2/6/2016 22:00,19,6,13
2/6/2016 23:00,19,10,9
2/7/2016 0:00,12,7,5
2/7/2016 1:00,8,3,5
2/7/2016 2:00,2,2,0
2/7/2016 3:00,4,2,2
2/7/2016 4:00,2,1,1
2/7/2016 5:00,5,5,0
2/7/2016 6:00,7,1,6
2/7/2016 7:00,20,12,8
2/7/2016 8:00,32,19,13
2/7/2016 9:00,64,31,33
2/7/2016 10:00,80,44,36
2/7/2016 11:00,89,45,44
2/7/2016 12:00,128,64,64
2/7/2016 13:00,119,70,49
2/7/2016 14:00,133,69,64
2/7/2016 15:00,91,43,48
2/7/2016 16:00,48,23,25
2/7/2016 17:00,45,24,21
2/7/2016 18:00,33,15,18
2/7/2016 19:00,30,17,13
2/7/2016 20:00,24,10,14
2/7/2016 21:00,12,8,4
2/7/2016 22:00,13,5,8
2/7/2016 23:00,9,4,5
2/8/2016 0:00,4,1,3
2/8/2016 1:00,0,0,0
2/8/2016 2:00,4,3,1
2/8/2016 3:00,2,2,0
2/8/2016 4:00,2,1,1
2/8/2016 5:00,39,27,12
2/8/2016 6:00,121,83,38
2/8/2016 7:00,332,232,100
2/8/2016 8:00,454,315,139
2/8/2016 9:00,236,172,64
2/8/2016 10:00,68,33,35
2/8/2016 11:00,62,35,27
2/8/2016 12:00,72,39,33
2/8/2016 13:00,89,40,49
2/8/2016 14:00,107,47,60
2/8/2016 15:00,153,69,84
2/8/2016 16:00,272,117,155
2/8/2016 17:00,535,151,384
2/8/2016 18:00,334,92,242
2/8/2016 19:00,143,44,99
2/8/2016 20:00,67,18,49
2/8/2016 21:00,28,11,17
2/8/2016 22:00,27,11,16
2/8/2016 23:00,9,4,5
2/9/2016 0:00,10,4,6
2/9/2016 1:00,5,0,5
2/9/2016 2:00,4,2,2
2/9/2016 3:00,1,1,0
2/9/2016 4:00,6,3,3
2/9/2016 5:00,33,26,7
2/9/2016 6:00,133,92,41
2/9/2016 7:00,374,266,108
2/9/2016 8:00,502,342,160
2/9/2016 9:00,228,159,69
2/9/2016 10:00,80,40,40
2/9/2016 11:00,56,26,30
2/9/2016 12:00,90,48,42
2/9/2016 13:00,93,45,48
2/9/2016 14:00,115,41,74
2/9/2016 15:00,158,75,83
2/9/2016 16:00,341,131,210
2/9/2016 17:00,598,176,422
2/9/2016 18:00,332,109,223
2/9/2016 19:00,141,44,97
2/9/2016 20:00,79,30,49
2/9/2016 21:00,41,21,20
2/9/2016 22:00,20,6,14
2/9/2016 23:00,15,6,9
2/10/2016 0:00,5,2,3
2/10/2016 1:00,4,2,2
2/10/2016 2:00,5,1,4
2/10/2016 3:00,2,1,1
2/10/2016 4:00,6,4,2
2/10/2016 5:00,30,19,11
2/10/2016 6:00,130,88,42
2/10/2016 7:00,313,226,87
2/10/2016 8:00,419,290,129
2/10/2016 9:00,197,117,80
2/10/2016 10:00,74,45,29
2/10/2016 11:00,29,19,10
2/10/2016 12:00,26,13,13
2/10/2016 13:00,34,19,15
2/10/2016 14:00,57,27,30
2/10/2016 15:00,77,31,46
2/10/2016 16:00,174,64,110
2/10/2016 17:00,422,116,306
2/10/2016 18:00,275,84,191
2/10/2016 19:00,98,26,72
2/10/2016 20:00,47,16,31
2/10/2016 21:00,37,16,21
2/10/2016 22:00,22,10,12
2/10/2016 23:00,12,7,5
2/11/2016 0:00,7,5,2
2/11/2016 1:00,4,2,2
2/11/2016 2:00,5,2,3
2/11/2016 3:00,4,1,3
2/11/2016 4:00,9,3,6
2/11/2016 5:00,30,14,16
2/11/2016 6:00,106,67,39
2/11/2016 7:00,290,206,84
2/11/2016 8:00,340,239,101
2/11/2016 9:00,170,108,62
2/11/2016 10:00,56,25,31
2/11/2016 11:00,42,18,24
2/11/2016 12:00,46,16,30
2/11/2016 13:00,44,25,19
2/11/2016 14:00,53,21,32
2/11/2016 15:00,83,34,49
2/11/2016 16:00,159,62,97
2/11/2016 17:00,348,101,247
2/11/2016 18:00,238,66,172
2/11/2016 19:00,100,32,68
2/11/2016 20:00,49,10,39
2/11/2016 21:00,33,8,25
2/11/2016 22:00,23,9,14
2/11/2016 23:00,14,7,7
2/12/2016 0:00,5,1,4
2/12/2016 1:00,1,0,1
2/12/2016 2:00,5,2,3
2/12/2016 3:00,0,0,0
2/12/2016 4:00,7,2,5
2/12/2016 5:00,26,19,7
2/12/2016 6:00,76,50,26
2/12/2016 7:00,213,151,62
2/12/2016 8:00,297,196,101
2/12/2016 9:00,105,64,41
2/12/2016 10:00,35,23,12
2/12/2016 11:00,18,3,15
2/12/2016 12:00,41,17,24
2/12/2016 13:00,49,26,23
2/12/2016 14:00,72,31,41
2/12/2016 15:00,102,46,56
2/12/2016 16:00,197,67,130
2/12/2016 17:00,323,98,225
2/12/2016 18:00,165,53,112
2/12/2016 19:00,84,31,53
2/12/2016 20:00,40,20,20
2/12/2016 21:00,23,9,14
2/12/2016 22:00,19,11,8
2/12/2016 23:00,17,9,8
2/13/2016 0:00,14,6,8
2/13/2016 1:00,6,2,4
2/13/2016 2:00,3,2,1
2/13/2016 3:00,0,0,0
2/13/2016 4:00,1,0,1
2/13/2016 5:00,12,7,5
2/13/2016 6:00,11,5,6
2/13/2016 7:00,23,15,8
2/13/2016 8:00,58,29,29
2/13/2016 9:00,47,22,25
2/13/2016 10:00,95,53,42
2/13/2016 11:00,65,39,26
2/13/2016 12:00,72,38,34
2/13/2016 13:00,38,20,18
2/13/2016 14:00,46,24,22
2/13/2016 15:00,32,20,12
2/13/2016 16:00,26,18,8
2/13/2016 17:00,26,8,18
2/13/2016 18:00,22,11,11
2/13/2016 19:00,11,4,7
2/13/2016 20:00,22,9,13
2/13/2016 21:00,15,7,8
2/13/2016 22:00,12,5,7
2/13/2016 23:00,16,9,7
2/14/2016 0:00,3,1,2
2/14/2016 1:00,3,1,2
2/14/2016 2:00,2,1,1
2/14/2016 3:00,0,0,0
2/14/2016 4:00,1,1,0
2/14/2016 5:00,7,4,3
2/14/2016 6:00,7,3,4
2/14/2016 7:00,13,7,6
2/14/2016 8:00,26,17,9
2/14/2016 9:00,24,20,4
2/14/2016 10:00,41,24,17
2/14/2016 11:00,59,29,30
2/14/2016 12:00,60,25,35
2/14/2016 13:00,54,25,29
2/14/2016 14:00,70,26,44
2/14/2016 15:00,61,30,31
2/14/2016 16:00,52,17,35
2/14/2016 17:00,29,15,14
2/14/2016 18:00,30,16,14
2/14/2016 19:00,18,10,8
2/14/2016 20:00,19,5,14
2/14/2016 21:00,13,6,7
2/14/2016 22:00,11,3,8
2/14/2016 23:00,3,1,2
2/15/2016 0:00,6,3,3
2/15/2016 1:00,1,1,0
2/15/2016 2:00,2,1,1
2/15/2016 3:00,2,1,1
2/15/2016 4:00,3,3,0
2/15/2016 5:00,11,8,3
2/15/2016 6:00,40,25,15
2/15/2016 7:00,85,57,28
2/15/2016 8:00,138,96,42
2/15/2016 9:00,86,47,39
2/15/2016 10:00,35,21,14
2/15/2016 11:00,29,13,16
2/15/2016 12:00,27,10,17
2/15/2016 13:00,27,12,15
2/15/2016 14:00,37,16,21
2/15/2016 15:00,45,19,26
2/15/2016 16:00,73,21,52
2/15/2016 17:00,131,31,100
2/15/2016 18:00,96,26,70
2/15/2016 19:00,49,15,34
2/15/2016 20:00,23,12,11
2/15/2016 21:00,16,7,9
2/15/2016 22:00,12,4,8
2/15/2016 23:00,3,2,1
2/16/2016 0:00,4,3,1
2/16/2016 1:00,2,0,2
2/16/2016 2:00,5,1,4
2/16/2016 3:00,2,1,1
2/16/2016 4:00,5,3,2
2/16/2016 5:00,26,13,13
2/16/2016 6:00,93,62,31
2/16/2016 7:00,248,170,78
2/16/2016 8:00,345,225,120
2/16/2016 9:00,172,111,61
2/16/2016 10:00,81,53,28
2/16/2016 11:00,58,24,34
2/16/2016 12:00,50,29,21
2/16/2016 13:00,73,39,34
2/16/2016 14:00,66,30,36
2/16/2016 15:00,96,52,44
2/16/2016 16:00,193,69,124
2/16/2016 17:00,387,106,281
2/16/2016 18:00,297,95,202
2/16/2016 19:00,131,40,91
2/16/2016 20:00,63,22,41
2/16/2016 21:00,43,19,24
2/16/2016 22:00,19,7,12
2/16/2016 23:00,10,6,4
2/17/2016 0:00,5,2,3
2/17/2016 1:00,2,1,1
2/17/2016 2:00,0,0,0
2/17/2016 3:00,2,1,1
2/17/2016 4:00,6,4,2
2/17/2016 5:00,28,21,7
2/17/2016 6:00,99,69,30
2/17/2016 7:00,315,220,95
2/17/2016 8:00,361,241,120
2/17/2016 9:00,207,137,70
2/17/2016 10:00,78,52,26
2/17/2016 11:00,51,24,27
2/17/2016 12:00,58,36,22
2/17/2016 13:00,52,25,27
2/17/2016 14:00,53,27,26
2/17/2016 15:00,73,29,44
2/17/2016 16:00,164,61,103
2/17/2016 17:00,410,96,314
2/17/2016 18:00,270,92,178
2/17/2016 19:00,102,31,71
2/17/2016 20:00,56,17,39
2/17/2016 21:00,28,16,12
2/17/2016 22:00,13,7,6
2/17/2016 23:00,9,4,5
2/18/2016 0:00,8,6,2
2/18/2016 1:00,1,0,1
2/18/2016 2:00,2,0,2
2/18/2016 3:00,2,1,1
2/18/2016 4:00,4,2,2
2/18/2016 5:00,25,15,10
2/18/2016 6:00,101,68,33
2/18/2016 7:00,261,175,86
2/18/2016 8:00,306,211,95
2/18/2016 9:00,189,116,73
2/18/2016 10:00,78,48,30
2/18/2016 11:00,38,20,18
2/18/2016 12:00,40,19,21
2/18/2016 13:00,54,23,31
2/18/2016 14:00,60,27,33
2/18/2016 15:00,83,37,46
2/18/2016 16:00,183,49,134
2/18/2016 17:00,389,127,262
2/18/2016 18:00,263,95,168
2/18/2016 19:00,110,34,76
2/18/2016 20:00,63,19,44
2/18/2016 21:00,33,13,20
2/18/2016 22:00,26,8,18
2/18/2016 23:00,14,4,10
2/19/2016 0:00,12,2,10
2/19/2016 1:00,5,2,3
2/19/2016 2:00,4,0,4
2/19/2016 3:00,1,0,1
2/19/2016 4:00,6,3,3
2/19/2016 5:00,26,15,11
2/19/2016 6:00,75,50,25
2/19/2016 7:00,199,134,65
2/19/2016 8:00,237,158,79
2/19/2016 9:00,109,61,48
2/19/2016 10:00,44,27,17
2/19/2016 11:00,23,9,14
2/19/2016 12:00,32,17,15
2/19/2016 13:00,22,12,10
2/19/2016 14:00,42,12,30
2/19/2016 15:00,70,32,38
2/19/2016 16:00,121,44,77
2/19/2016 17:00,245,69,176
2/19/2016 18:00,135,43,92
2/19/2016 19:00,78,25,53
2/19/2016 20:00,33,13,20
2/19/2016 21:00,27,11,16
2/19/2016 22:00,14,9,5
2/19/2016 23:00,7,4,3
2/20/2016 0:00,4,0,4
2/20/2016 1:00,4,1,3
2/20/2016 2:00,5,2,3
2/20/2016 3:00,3,2,1
2/20/2016 4:00,4,2,2
2/20/2016 5:00,9,7,2
2/20/2016 6:00,11,7,4
2/20/2016 7:00,37,18,19
2/20/2016 8:00,62,36,26
2/20/2016 9:00,108,61,47
2/20/2016 10:00,111,61,50
2/20/2016 11:00,135,71,64
2/20/2016 12:00,170,103,67
2/20/2016 13:00,223,86,137
2/20/2016 14:00,187,121,66
2/20/2016 15:00,147,83,64
2/20/2016 16:00,168,96,72
2/20/2016 17:00,112,66,46
2/20/2016 18:00,81,49,32
2/20/2016 19:00,23,11,12
2/20/2016 20:00,35,16,19
2/20/2016 21:00,15,7,8
2/20/2016 22:00,20,10,10
2/20/2016 23:00,18,13,5
2/21/2016 0:00,13,7,6
2/21/2016 1:00,9,5,4
2/21/2016 2:00,1,1,0
2/21/2016 3:00,2,1,1
2/21/2016 4:00,4,3,1
2/21/2016 5:00,3,3,0
2/21/2016 6:00,2,1,1
2/21/2016 7:00,14,10,4
2/21/2016 8:00,46,32,14
2/21/2016 9:00,54,30,24
2/21/2016 10:00,52,28,24
2/21/2016 11:00,76,44,32
2/21/2016 12:00,38,25,13
2/21/2016 13:00,23,11,12
2/21/2016 14:00,57,27,30
2/21/2016 15:00,57,35,22
2/21/2016 16:00,67,27,40
2/21/2016 17:00,44,16,28
2/21/2016 18:00,28,11,17
2/21/2016 19:00,18,9,9
2/21/2016 20:00,28,4,24
2/21/2016 21:00,20,11,9
2/21/2016 22:00,12,3,9
2/21/2016 23:00,3,1,2
2/22/2016 0:00,7,1,6
2/22/2016 1:00,1,1,0
2/22/2016 2:00,2,1,1
2/22/2016 3:00,1,1,0
2/22/2016 4:00,4,3,1
2/22/2016 5:00,33,24,9
2/22/2016 6:00,109,67,42
2/22/2016 7:00,321,235,86
2/22/2016 8:00,406,272,134
2/22/2016 9:00,216,132,84
2/22/2016 10:00,67,32,35
2/22/2016 11:00,53,30,23
2/22/2016 12:00,31,14,17
2/22/2016 13:00,52,29,23
2/22/2016 14:00,69,32,37
2/22/2016 15:00,113,47,66
2/22/2016 16:00,224,87,137
2/22/2016 17:00,514,125,389
2/22/2016 18:00,301,81,220
2/22/2016 19:00,116,47,69
2/22/2016 20:00,69,18,51
2/22/2016 21:00,37,15,22
2/22/2016 22:00,16,9,7
2/22/2016 23:00,7,5,2
2/23/2016 0:00,9,6,3
2/23/2016 1:00,1,0,1
2/23/2016 2:00,3,2,1
2/23/2016 3:00,2,1,1
2/23/2016 4:00,8,4,4
2/23/2016 5:00,43,31,12
2/23/2016 6:00,123,79,44
2/23/2016 7:00,384,292,92
2/23/2016 8:00,442,315,127
2/23/2016 9:00,226,135,91
2/23/2016 10:00,102,56,46
2/23/2016 11:00,88,49,39
2/23/2016 12:00,69,34,35
2/23/2016 13:00,80,43,37
2/23/2016 14:00,113,53,60
2/23/2016 15:00,134,62,72
2/23/2016 16:00,286,111,175
2/23/2016 17:00,549,147,402
2/23/2016 18:00,321,99,222
2/23/2016 19:00,117,37,80
2/23/2016 20:00,86,33,53
2/23/2016 21:00,51,16,35
2/23/2016 22:00,35,15,20
2/23/2016 23:00,14,6,8
2/24/2016 0:00,9,3,6
2/24/2016 1:00,1,1,0
2/24/2016 2:00,0,0,0
2/24/2016 3:00,1,1,0
2/24/2016 4:00,11,8,3
2/24/2016 5:00,36,26,10
2/24/2016 6:00,139,91,48
2/24/2016 7:00,311,217,94
2/24/2016 8:00,431,300,131
2/24/2016 9:00,210,136,74
2/24/2016 10:00,108,61,47
2/24/2016 11:00,64,39,25
2/24/2016 12:00,58,29,29
2/24/2016 13:00,68,27,41
2/24/2016 14:00,54,22,32
2/24/2016 15:00,114,43,71
2/24/2016 16:00,254,92,162
2/24/2016 17:00,522,145,377
2/24/2016 18:00,304,103,201
2/24/2016 19:00,130,39,91
2/24/2016 20:00,67,22,45
2/24/2016 21:00,45,19,26
2/24/2016 22:00,30,15,15
2/24/2016 23:00,15,6,9
2/25/2016 0:00,6,3,3
2/25/2016 1:00,1,1,0
2/25/2016 2:00,2,0,2
2/25/2016 3:00,2,2,0
2/25/2016 4:00,8,6,2
2/25/2016 5:00,37,22,15
2/25/2016 6:00,132,81,51
2/25/2016 7:00,352,256,96
2/25/2016 8:00,470,338,132
2/25/2016 9:00,214,133,81
2/25/2016 10:00,116,70,46
2/25/2016 11:00,64,33,31
2/25/2016 12:00,78,39,39
2/25/2016 13:00,99,45,54
2/25/2016 14:00,95,42,53
2/25/2016 15:00,142,65,77
2/25/2016 16:00,286,90,196
2/25/2016 17:00,560,159,401
2/25/2016 18:00,327,120,207
2/25/2016 19:00,137,46,91
2/25/2016 20:00,89,39,50
2/25/2016 21:00,43,20,23
2/25/2016 22:00,41,14,27
2/25/2016 23:00,21,14,7
2/26/2016 0:00,10,6,4
2/26/2016 1:00,6,5,1
2/26/2016 2:00,2,1,1
2/26/2016 3:00,0,0,0
2/26/2016 4:00,5,4,1
2/26/2016 5:00,29,19,10
2/26/2016 6:00,88,60,28
2/26/2016 7:00,278,194,84
2/26/2016 8:00,366,242,124
2/26/2016 9:00,189,122,67
2/26/2016 10:00,112,59,53
2/26/2016 11:00,83,40,43
2/26/2016 12:00,81,38,43
2/26/2016 13:00,68,30,38
2/26/2016 14:00,85,34,51
2/26/2016 15:00,116,52,64
2/26/2016 16:00,201,69,132
2/26/2016 17:00,331,90,241
2/26/2016 18:00,175,51,124
2/26/2016 19:00,79,28,51
2/26/2016 20:00,29,9,20
2/26/2016 21:00,27,15,12
2/26/2016 22:00,21,12,9
2/26/2016 23:00,14,6,8
2/27/2016 0:00,6,4,2
2/27/2016 1:00,3,3,0
2/27/2016 2:00,0,0,0
2/27/2016 3:00,2,2,0
2/27/2016 4:00,5,2,3
2/27/2016 5:00,7,6,1
2/27/2016 6:00,5,4,1
2/27/2016 7:00,33,19,14
2/27/2016 8:00,48,25,23
2/27/2016 9:00,47,22,25
2/27/2016 10:00,72,38,34
2/27/2016 11:00,101,60,41
2/27/2016 12:00,117,47,70
2/27/2016 13:00,107,55,52
2/27/2016 14:00,113,69,44
2/27/2016 15:00,145,92,53
2/27/2016 16:00,138,70,68
2/27/2016 17:00,119,63,56
2/27/2016 18:00,56,29,27
2/27/2016 19:00,40,17,23
2/27/2016 20:00,38,17,21
2/27/2016 21:00,15,4,11
2/27/2016 22:00,23,12,11
2/27/2016 23:00,17,10,7
2/28/2016 0:00,13,11,2
2/28/2016 1:00,14,7,7
2/28/2016 2:00,5,3,2
2/28/2016 3:00,1,1,0
2/28/2016 4:00,2,0,2
2/28/2016 5:00,7,5,2
2/28/2016 6:00,25,19,6
2/28/2016 7:00,57,51,6
2/28/2016 8:00,54,39,15
2/28/2016 9:00,37,31,6
2/28/2016 10:00,29,20,9
2/28/2016 11:00,46,30,16
2/28/2016 12:00,46,24,22
2/28/2016 13:00,47,22,25
2/28/2016 14:00,56,20,36
2/28/2016 15:00,55,21,34
2/28/2016 16:00,53,21,32
2/28/2016 17:00,34,13,21
2/28/2016 18:00,29,16,13
2/28/2016 19:00,12,7,5
2/28/2016 20:00,11,5,6
2/28/2016 21:00,15,12,3
2/28/2016 22:00,9,5,4
2/28/2016 23:00,7,4,3
2/29/2016 0:00,4,2,2
2/29/2016 1:00,0,0,0
2/29/2016 2:00,0,0,0
2/29/2016 3:00,1,1,0
2/29/2016 4:00,4,3,1
2/29/2016 5:00,30,24,6
2/29/2016 6:00,109,77,32
2/29/2016 7:00,263,189,74
2/29/2016 8:00,352,235,117
2/29/2016 9:00,179,97,82
2/29/2016 10:00,63,39,24
2/29/2016 11:00,58,29,29
2/29/2016 12:00,65,33,32
2/29/2016 13:00,64,37,27
2/29/2016 14:00,78,30,48
2/29/2016 15:00,95,33,62
2/29/2016 16:00,217,72,145
2/29/2016 17:00,446,130,316
2/29/2016 18:00,276,85,191
2/29/2016 19:00,109,46,63
2/29/2016 20:00,57,25,32
2/29/2016 21:00,32,16,16
2/29/2016 22:00,15,5,10
2/29/2016 23:00,12,3,9
3/1/2016 0:00,4,3,1
3/1/2016 1:00,0,0,0
3/1/2016 2:00,3,2,1
3/1/2016 3:00,0,0,0
3/1/2016 4:00,9,6,3
3/1/2016 5:00,24,17,7
3/1/2016 6:00,76,55,21
3/1/2016 7:00,218,146,72
3/1/2016 8:00,332,224,108
3/1/2016 9:00,144,93,51
3/1/2016 10:00,43,21,22
3/1/2016 11:00,22,12,10
3/1/2016 12:00,27,16,11
3/1/2016 13:00,26,11,15
3/1/2016 14:00,30,12,18
3/1/2016 15:00,57,25,32
3/1/2016 16:00,135,37,98
3/1/2016 17:00,339,92,247
3/1/2016 18:00,231,62,169
3/1/2016 19:00,70,22,48
3/1/2016 20:00,31,11,20
3/1/2016 21:00,17,9,8
3/1/2016 22:00,13,8,5
3/1/2016 23:00,8,3,5
3/2/2016 0:00,0,0,0
3/2/2016 1:00,1,1,0
3/2/2016 2:00,2,2,0
3/2/2016 3:00,1,1,0
3/2/2016 4:00,4,3,1
3/2/2016 5:00,37,24,13
3/2/2016 6:00,113,72,41
3/2/2016 7:00,271,190,81
3/2/2016 8:00,391,270,121
3/2/2016 9:00,204,134,70
3/2/2016 10:00,68,34,34
3/2/2016 11:00,55,25,30
3/2/2016 12:00,64,36,28
3/2/2016 13:00,59,27,32
3/2/2016 14:00,71,36,35
3/2/2016 15:00,99,41,58
3/2/2016 16:00,213,77,136
3/2/2016 17:00,426,121,305
3/2/2016 18:00,232,71,161
3/2/2016 19:00,107,33,74
3/2/2016 20:00,64,28,36
3/2/2016 21:00,23,13,10
3/2/2016 22:00,20,10,10
3/2/2016 23:00,7,4,3
3/3/2016 0:00,8,7,1
3/3/2016 1:00,6,5,1
3/3/2016 2:00,2,1,1
3/3/2016 3:00,0,0,0
3/3/2016 4:00,10,5,5
3/3/2016 5:00,34,23,11
3/3/2016 6:00,111,68,43
3/3/2016 7:00,266,191,75
3/3/2016 8:00,373,256,117
3/3/2016 9:00,195,131,64
3/3/2016 10:00,65,33,32
3/3/2016 11:00,51,28,23
3/3/2016 12:00,38,18,20
3/3/2016 13:00,44,15,29
3/3/2016 14:00,50,22,28
3/3/2016 15:00,79,31,48
3/3/2016 16:00,198,68,130
3/3/2016 17:00,422,122,300
3/3/2016 18:00,269,84,185
3/3/2016 19:00,125,34,91
3/3/2016 20:00,70,26,44
3/3/2016 21:00,37,14,23
3/3/2016 22:00,27,13,14
3/3/2016 23:00,15,8,7
3/4/2016 0:00,8,4,4
3/4/2016 1:00,2,1,1
3/4/2016 2:00,6,2,4
3/4/2016 3:00,1,1,0
3/4/2016 4:00,10,2,8
3/4/2016 5:00,31,21,10
3/4/2016 6:00,85,57,28
3/4/2016 7:00,289,195,94
3/4/2016 8:00,362,247,115
3/4/2016 9:00,199,124,75
3/4/2016 10:00,77,38,39
3/4/2016 11:00,58,27,31
3/4/2016 12:00,64,33,31
3/4/2016 13:00,51,24,27
3/4/2016 14:00,61,28,33
3/4/2016 15:00,81,27,54
3/4/2016 16:00,173,58,115
3/4/2016 17:00,331,76,255
3/4/2016 18:00,184,64,120
3/4/2016 19:00,78,28,50
3/4/2016 20:00,43,11,32
3/4/2016 21:00,25,9,16
3/4/2016 22:00,21,14,7
3/4/2016 23:00,15,4,11
3/5/2016 0:00,12,5,7
3/5/2016 1:00,5,1,4
3/5/2016 2:00,2,1,1
3/5/2016 3:00,2,1,1
3/5/2016 4:00,4,1,3
3/5/2016 5:00,7,3,4
3/5/2016 6:00,6,2,4
3/5/2016 7:00,28,17,11
3/5/2016 8:00,73,39,34
3/5/2016 9:00,109,58,51
3/5/2016 10:00,124,77,47
3/5/2016 11:00,156,84,72
3/5/2016 12:00,172,86,86
3/5/2016 13:00,181,102,79
3/5/2016 14:00,230,121,109
3/5/2016 15:00,187,96,91
3/5/2016 16:00,135,63,72
3/5/2016 17:00,94,47,47
3/5/2016 18:00,66,35,31
3/5/2016 19:00,30,12,18
3/5/2016 20:00,23,13,10
3/5/2016 21:00,17,7,10
3/5/2016 22:00,17,6,11
3/5/2016 23:00,20,7,13
3/6/2016 0:00,10,2,8
3/6/2016 1:00,5,3,2
3/6/2016 2:00,4,2,2
3/6/2016 3:00,1,0,1
3/6/2016 4:00,5,2,3
3/6/2016 5:00,2,1,1
3/6/2016 6:00,18,12,6
3/6/2016 7:00,17,9,8
3/6/2016 8:00,37,23,14
3/6/2016 9:00,42,25,17
3/6/2016 10:00,53,32,21
3/6/2016 11:00,56,32,24
3/6/2016 12:00,39,19,20
3/6/2016 13:00,42,24,18
3/6/2016 14:00,83,57,26
3/6/2016 15:00,57,30,27
3/6/2016 16:00,62,29,33
3/6/2016 17:00,53,35,18
3/6/2016 18:00,32,18,14
3/6/2016 19:00,19,6,13
3/6/2016 20:00,18,10,8
3/6/2016 21:00,12,7,5
3/6/2016 22:00,10,4,6
3/6/2016 23:00,5,2,3
3/7/2016 0:00,2,0,2
3/7/2016 1:00,2,0,2
3/7/2016 2:00,2,0,2
3/7/2016 3:00,2,1,1
3/7/2016 4:00,7,4,3
3/7/2016 5:00,24,16,8
3/7/2016 6:00,107,68,39
3/7/2016 7:00,212,146,66
3/7/2016 8:00,275,196,79
3/7/2016 9:00,133,85,48
3/7/2016 10:00,30,12,18
3/7/2016 11:00,26,16,10
3/7/2016 12:00,32,15,17
3/7/2016 13:00,39,16,23
3/7/2016 14:00,55,29,26
3/7/2016 15:00,72,26,46
3/7/2016 16:00,177,62,115
3/7/2016 17:00,375,109,266
3/7/2016 18:00,222,69,153
3/7/2016 19:00,105,34,71
3/7/2016 20:00,58,27,31
3/7/2016 21:00,28,11,17
3/7/2016 22:00,24,13,11
3/7/2016 23:00,13,11,2
3/8/2016 0:00,4,1,3
3/8/2016 1:00,4,2,2
3/8/2016 2:00,2,1,1
3/8/2016 3:00,0,0,0
3/8/2016 4:00,8,4,4
3/8/2016 5:00,30,19,11
3/8/2016 6:00,129,83,46
3/8/2016 7:00,331,240,91
3/8/2016 8:00,443,301,142
3/8/2016 9:00,202,127,75
3/8/2016 10:00,78,33,45
3/8/2016 11:00,69,39,30
3/8/2016 12:00,58,24,34
3/8/2016 13:00,81,45,36
3/8/2016 14:00,69,32,37
3/8/2016 15:00,82,26,56
3/8/2016 16:00,237,87,150
3/8/2016 17:00,483,143,340
3/8/2016 18:00,312,109,203
3/8/2016 19:00,136,36,100
3/8/2016 20:00,70,29,41
3/8/2016 21:00,36,20,16
3/8/2016 22:00,23,9,14
3/8/2016 23:00,14,7,7
3/9/2016 0:00,2,1,1
3/9/2016 1:00,4,1,3
3/9/2016 2:00,1,0,1
3/9/2016 3:00,2,1,1
3/9/2016 4:00,6,3,3
3/9/2016 5:00,32,19,13
3/9/2016 6:00,118,70,48
3/9/2016 7:00,252,181,71
3/9/2016 8:00,335,235,100
3/9/2016 9:00,177,115,62
3/9/2016 10:00,63,37,26
3/9/2016 11:00,46,24,22
3/9/2016 12:00,41,15,26
3/9/2016 13:00,29,18,11
3/9/2016 14:00,37,19,18
3/9/2016 15:00,52,14,38
3/9/2016 16:00,139,47,92
3/9/2016 17:00,311,80,231
3/9/2016 18:00,205,41,164
3/9/2016 19:00,84,26,58
3/9/2016 20:00,50,17,33
3/9/2016 21:00,18,5,13
3/9/2016 22:00,14,7,7
3/9/2016 23:00,6,1,5
3/10/2016 0:00,3,3,0
3/10/2016 1:00,1,1,0
3/10/2016 2:00,4,2,2
3/10/2016 3:00,2,1,1
3/10/2016 4:00,7,3,4
3/10/2016 5:00,25,15,10
3/10/2016 6:00,76,45,31
3/10/2016 7:00,203,136,67
3/10/2016 8:00,256,181,75
3/10/2016 9:00,146,89,57
3/10/2016 10:00,65,38,27
3/10/2016 11:00,51,32,19
3/10/2016 12:00,42,19,23
3/10/2016 13:00,44,22,22
3/10/2016 14:00,47,15,32
3/10/2016 15:00,82,27,55
3/10/2016 16:00,152,60,92
3/10/2016 17:00,368,106,262
3/10/2016 18:00,214,74,140
3/10/2016 19:00,106,38,68
3/10/2016 20:00,57,16,41
3/10/2016 21:00,55,24,31
3/10/2016 22:00,25,8,17
3/10/2016 23:00,11,7,4
3/11/2016 0:00,7,5,2
3/11/2016 1:00,5,3,2
3/11/2016 2:00,4,1,3
3/11/2016 3:00,2,2,0
3/11/2016 4:00,7,2,5
3/11/2016 5:00,35,23,12
3/11/2016 6:00,75,47,28
3/11/2016 7:00,255,180,75
3/11/2016 8:00,364,254,110
3/11/2016 9:00,187,115,72
3/11/2016 10:00,79,51,28
3/11/2016 11:00,61,33,28
3/11/2016 12:00,97,57,40
3/11/2016 13:00,55,28,27
3/11/2016 14:00,39,17,22
3/11/2016 15:00,78,31,47
3/11/2016 16:00,180,61,119
3/11/2016 17:00,337,81,256
3/11/2016 18:00,173,57,116
3/11/2016 19:00,87,30,57
3/11/2016 20:00,42,15,27
3/11/2016 21:00,28,10,18
3/11/2016 22:00,19,7,12
3/11/2016 23:00,10,4,6
3/12/2016 0:00,6,3,3
3/12/2016 1:00,2,0,2
3/12/2016 2:00,5,2,3
3/12/2016 3:00,0,0,0
3/12/2016 4:00,6,1,5
3/12/2016 5:00,10,7,3
3/12/2016 6:00,7,5,2
3/12/2016 7:00,21,11,10
3/12/2016 8:00,24,13,11
3/12/2016 9:00,21,8,13
3/12/2016 10:00,62,25,37
3/12/2016 11:00,73,43,30
3/12/2016 12:00,88,48,40
3/12/2016 13:00,64,35,29
3/12/2016 14:00,63,39,24
3/12/2016 15:00,61,33,28
3/12/2016 16:00,60,30,30
3/12/2016 17:00,26,13,13
3/12/2016 18:00,25,13,12
3/12/2016 19:00,18,7,11
3/12/2016 20:00,21,13,8
3/12/2016 21:00,11,5,6
3/12/2016 22:00,15,10,5
3/12/2016 23:00,7,3,4
3/13/2016 0:00,4,2,2
3/13/2016 1:00,4,3,1
3/13/2016 2:00,,,
3/13/2016 3:00,1,1,0
3/13/2016 4:00,0,0,0
3/13/2016 5:00,2,0,2
3/13/2016 6:00,5,3,2
3/13/2016 7:00,8,4,4
3/13/2016 8:00,21,11,10
3/13/2016 9:00,23,9,14
3/13/2016 10:00,16,7,9
3/13/2016 11:00,16,6,10
3/13/2016 12:00,19,7,12
3/13/2016 13:00,29,21,8
3/13/2016 14:00,28,13,15
3/13/2016 15:00,36,17,19
3/13/2016 16:00,24,12,12
3/13/2016 17:00,22,14,8
3/13/2016 18:00,30,14,16
3/13/2016 19:00,11,6,5
3/13/2016 20:00,13,9,4
3/13/2016 21:00,9,2,7
3/13/2016 22:00,10,7,3
3/13/2016 23:00,3,2,1
3/14/2016 0:00,2,0,2
3/14/2016 1:00,2,1,1
3/14/2016 2:00,2,0,2
3/14/2016 3:00,1,1,0
3/14/2016 4:00,6,4,2
3/14/2016 5:00,23,16,7
3/14/2016 6:00,86,56,30
3/14/2016 7:00,218,161,57
3/14/2016 8:00,324,226,98
3/14/2016 9:00,181,113,68
3/14/2016 10:00,53,26,27
3/14/2016 11:00,41,20,21
3/14/2016 12:00,40,22,18
3/14/2016 13:00,45,26,19
3/14/2016 14:00,58,27,31
3/14/2016 15:00,103,48,55
3/14/2016 16:00,145,62,83
3/14/2016 17:00,353,89,264
3/14/2016 18:00,270,95,175
3/14/2016 19:00,99,20,79
3/14/2016 20:00,56,25,31
3/14/2016 21:00,18,5,13
3/14/2016 22:00,11,6,5
3/14/2016 23:00,10,5,5
3/15/2016 0:00,4,1,3
3/15/2016 1:00,1,0,1
3/15/2016 2:00,3,0,3
3/15/2016 3:00,0,0,0
3/15/2016 4:00,3,2,1
3/15/2016 5:00,30,18,12
3/15/2016 6:00,116,80,36
3/15/2016 7:00,252,195,57
3/15/2016 8:00,354,240,114
3/15/2016 9:00,193,133,60
3/15/2016 10:00,76,33,43
3/15/2016 11:00,60,32,28
3/15/2016 12:00,34,15,19
3/15/2016 13:00,50,25,25
3/15/2016 14:00,56,25,31
3/15/2016 15:00,104,49,55
3/15/2016 16:00,179,72,107
3/15/2016 17:00,434,123,311
3/15/2016 18:00,313,90,223
3/15/2016 19:00,127,45,82
3/15/2016 20:00,64,23,41
3/15/2016 21:00,41,24,17
3/15/2016 22:00,30,20,10
3/15/2016 23:00,15,6,9
3/16/2016 0:00,12,6,6
3/16/2016 1:00,4,0,4
3/16/2016 2:00,5,2,3
3/16/2016 3:00,1,1,0
3/16/2016 4:00,4,2,2
3/16/2016 5:00,31,21,10
3/16/2016 6:00,104,68,36
3/16/2016 7:00,304,222,82
3/16/2016 8:00,443,311,132
3/16/2016 9:00,234,139,95
3/16/2016 10:00,110,63,47
3/16/2016 11:00,63,32,31
3/16/2016 12:00,64,31,33
3/16/2016 13:00,78,38,40
3/16/2016 14:00,68,29,39
3/16/2016 15:00,109,51,58
3/16/2016 16:00,243,83,160
3/16/2016 17:00,514,149,365
3/16/2016 18:00,400,136,264
3/16/2016 19:00,148,56,92
3/16/2016 20:00,92,32,60
3/16/2016 21:00,48,26,22
3/16/2016 22:00,30,14,16
3/16/2016 23:00,5,4,1
3/17/2016 0:00,7,4,3
3/17/2016 1:00,2,0,2
3/17/2016 2:00,1,0,1
3/17/2016 3:00,1,1,0
3/17/2016 4:00,2,0,2
3/17/2016 5:00,29,16,13
3/17/2016 6:00,127,84,43
3/17/2016 7:00,291,212,79
3/17/2016 8:00,427,304,123
3/17/2016 9:00,236,149,87
3/17/2016 10:00,105,52,53
3/17/2016 11:00,64,32,32
3/17/2016 12:00,93,45,48
3/17/2016 13:00,82,40,42
3/17/2016 14:00,104,48,56
3/17/2016 15:00,147,79,68
3/17/2016 16:00,244,92,152
3/17/2016 17:00,526,167,359
3/17/2016 18:00,393,143,250
3/17/2016 19:00,157,62,95
3/17/2016 20:00,83,27,56
3/17/2016 21:00,50,23,27
3/17/2016 22:00,46,24,22
3/17/2016 23:00,31,17,14
3/18/2016 0:00,11,6,5
3/18/2016 1:00,5,1,4
3/18/2016 2:00,0,0,0
3/18/2016 3:00,0,0,0
3/18/2016 4:00,7,2,5
3/18/2016 5:00,30,17,13
3/18/2016 6:00,85,62,23
3/18/2016 7:00,249,180,69
3/18/2016 8:00,359,255,104
3/18/2016 9:00,219,132,87
3/18/2016 10:00,117,59,58
3/18/2016 11:00,70,41,29
3/18/2016 12:00,96,54,42
3/18/2016 13:00,84,47,37
3/18/2016 14:00,115,48,67
3/18/2016 15:00,161,66,95
3/18/2016 16:00,252,90,162
3/18/2016 17:00,411,135,276
3/18/2016 18:00,292,97,195
3/18/2016 19:00,106,32,74
3/18/2016 20:00,63,28,35
3/18/2016 21:00,37,15,22
3/18/2016 22:00,29,13,16
3/18/2016 23:00,13,8,5
3/19/2016 0:00,13,7,6
3/19/2016 1:00,7,2,5
3/19/2016 2:00,6,2,4
3/19/2016 3:00,3,2,1
3/19/2016 4:00,3,0,3
3/19/2016 5:00,8,2,6
3/19/2016 6:00,15,8,7
3/19/2016 7:00,36,20,16
3/19/2016 8:00,57,25,32
3/19/2016 9:00,101,53,48
3/19/2016 10:00,140,88,52
3/19/2016 11:00,120,70,50
3/19/2016 12:00,100,60,40
3/19/2016 13:00,153,71,82
3/19/2016 14:00,121,76,45
3/19/2016 15:00,132,66,66
3/19/2016 16:00,123,79,44
3/19/2016 17:00,123,65,58
3/19/2016 18:00,73,37,36
3/19/2016 19:00,51,18,33
3/19/2016 20:00,33,19,14
3/19/2016 21:00,38,24,14
3/19/2016 22:00,24,19,5
3/19/2016 23:00,14,2,12
3/20/2016 0:00,5,3,2
3/20/2016 1:00,6,3,3
3/20/2016 2:00,3,2,1
3/20/2016 3:00,0,0,0
3/20/2016 4:00,2,2,0
3/20/2016 5:00,5,4,1
3/20/2016 6:00,4,3,1
3/20/2016 7:00,13,6,7
3/20/2016 8:00,32,19,13
3/20/2016 9:00,53,28,25
3/20/2016 10:00,55,29,26
3/20/2016 11:00,59,38,21
3/20/2016 12:00,32,25,7
3/20/2016 13:00,37,19,18
3/20/2016 14:00,42,23,19
3/20/2016 15:00,46,18,28
3/20/2016 16:00,32,10,22
3/20/2016 17:00,35,14,21
3/20/2016 18:00,19,6,13
3/20/2016 19:00,20,4,16
3/20/2016 20:00,19,6,13
3/20/2016 21:00,11,8,3
3/20/2016 22:00,7,4,3
3/20/2016 23:00,4,3,1
3/21/2016 0:00,2,1,1
3/21/2016 1:00,5,3,2
3/21/2016 2:00,1,1,0
3/21/2016 3:00,0,0,0
3/21/2016 4:00,3,1,2
3/21/2016 5:00,21,13,8
3/21/2016 6:00,105,66,39
3/21/2016 7:00,233,166,67
3/21/2016 8:00,315,218,97
3/21/2016 9:00,151,92,59
3/21/2016 10:00,43,25,18
3/21/2016 11:00,26,13,13
3/21/2016 12:00,29,19,10
3/21/2016 13:00,39,20,19
3/21/2016 14:00,36,13,23
3/21/2016 15:00,67,27,40
3/21/2016 16:00,138,42,96
3/21/2016 17:00,391,102,289
3/21/2016 18:00,268,68,200
3/21/2016 19:00,87,25,62
3/21/2016 20:00,42,20,22
3/21/2016 21:00,22,6,16
3/21/2016 22:00,18,5,13
3/21/2016 23:00,6,1,5
3/22/2016 0:00,2,1,1
3/22/2016 1:00,1,0,1
3/22/2016 2:00,1,1,0
3/22/2016 3:00,3,3,0
3/22/2016 4:00,5,3,2
3/22/2016 5:00,31,19,12
3/22/2016 6:00,112,70,42
3/22/2016 7:00,298,208,90
3/22/2016 8:00,366,259,107
3/22/2016 9:00,183,115,68
3/22/2016 10:00,67,34,33
3/22/2016 11:00,43,27,16
3/22/2016 12:00,63,30,33
3/22/2016 13:00,67,31,36
3/22/2016 14:00,74,31,43
3/22/2016 15:00,102,43,59
3/22/2016 16:00,221,79,142
3/22/2016 17:00,419,119,300
3/22/2016 18:00,300,98,202
3/22/2016 19:00,114,33,81
3/22/2016 20:00,74,30,44
3/22/2016 21:00,36,17,19
3/22/2016 22:00,20,9,11
3/22/2016 23:00,9,2,7
3/23/2016 0:00,6,3,3
3/23/2016 1:00,3,1,2
3/23/2016 2:00,3,1,2
3/23/2016 3:00,4,1,3
3/23/2016 4:00,4,3,1
3/23/2016 5:00,28,19,9
3/23/2016 6:00,104,68,36
3/23/2016 7:00,250,177,73
3/23/2016 8:00,350,238,112
3/23/2016 9:00,209,122,87
3/23/2016 10:00,72,42,30
3/23/2016 11:00,47,20,27
3/23/2016 12:00,33,20,13
3/23/2016 13:00,42,16,26
3/23/2016 14:00,36,20,16
3/23/2016 15:00,84,28,56
3/23/2016 16:00,168,59,109
3/23/2016 17:00,401,110,291
3/23/2016 18:00,287,63,224
3/23/2016 19:00,108,29,79
3/23/2016 20:00,53,18,35
3/23/2016 21:00,22,10,12
3/23/2016 22:00,13,7,6
3/23/2016 23:00,9,5,4
3/24/2016 0:00,7,2,5
3/24/2016 1:00,2,1,1
3/24/2016 2:00,2,1,1
3/24/2016 3:00,1,1,0
3/24/2016 4:00,3,2,1
3/24/2016 5:00,25,17,8
3/24/2016 6:00,113,83,30
3/24/2016 7:00,250,180,70
3/24/2016 8:00,385,259,126
3/24/2016 9:00,185,117,68
3/24/2016 10:00,104,61,43
3/24/2016 11:00,64,41,23
3/24/2016 12:00,74,39,35
3/24/2016 13:00,59,31,28
3/24/2016 14:00,65,29,36
3/24/2016 15:00,109,53,56
3/24/2016 16:00,219,78,141
3/24/2016 17:00,443,140,303
3/24/2016 18:00,290,103,187
3/24/2016 19:00,122,46,76
3/24/2016 20:00,79,25,54
3/24/2016 21:00,30,8,22
3/24/2016 22:00,27,15,12
3/24/2016 23:00,11,8,3
3/25/2016 0:00,11,2,9
3/25/2016 1:00,4,2,2
3/25/2016 2:00,2,0,2
3/25/2016 3:00,1,1,0
3/25/2016 4:00,7,5,2
3/25/2016 5:00,29,17,12
3/25/2016 6:00,95,65,30
3/25/2016 7:00,248,183,65
3/25/2016 8:00,361,226,135
3/25/2016 9:00,191,127,64
3/25/2016 10:00,96,50,46
3/25/2016 11:00,52,30,22
3/25/2016 12:00,79,35,44
3/25/2016 13:00,75,38,37
3/25/2016 14:00,108,50,58
3/25/2016 15:00,144,60,84
3/25/2016 16:00,234,87,147
3/25/2016 17:00,424,112,312
3/25/2016 18:00,257,96,161
3/25/2016 19:00,128,46,82
3/25/2016 20:00,47,16,31
3/25/2016 21:00,54,12,42
3/25/2016 22:00,28,14,14
3/25/2016 23:00,16,6,10
3/26/2016 0:00,9,5,4
3/26/2016 1:00,4,1,3
3/26/2016 2:00,12,5,7
3/26/2016 3:00,2,0,2
3/26/2016 4:00,3,0,3
3/26/2016 5:00,8,4,4
3/26/2016 6:00,18,9,9
3/26/2016 7:00,36,20,16
3/26/2016 8:00,45,22,23
3/26/2016 9:00,87,43,44
3/26/2016 10:00,84,43,41
3/26/2016 11:00,140,96,44
3/26/2016 12:00,187,86,101
3/26/2016 13:00,221,119,102
3/26/2016 14:00,223,110,113
3/26/2016 15:00,186,95,91
3/26/2016 16:00,151,78,73
3/26/2016 17:00,120,61,59
3/26/2016 18:00,113,48,65
3/26/2016 19:00,73,45,28
3/26/2016 20:00,29,14,15
3/26/2016 21:00,18,9,9
3/26/2016 22:00,17,8,9
3/26/2016 23:00,19,6,13
3/27/2016 0:00,8,4,4
3/27/2016 1:00,8,3,5
3/27/2016 2:00,5,2,3
3/27/2016 3:00,3,1,2
3/27/2016 4:00,2,1,1
3/27/2016 5:00,1,1,0
3/27/2016 6:00,6,2,4
3/27/2016 7:00,8,5,3
3/27/2016 8:00,30,17,13
3/27/2016 9:00,34,23,11
3/27/2016 10:00,33,15,18
3/27/2016 11:00,30,20,10
3/27/2016 12:00,25,18,7
3/27/2016 13:00,35,19,16
3/27/2016 14:00,48,25,23
3/27/2016 15:00,39,24,15
3/27/2016 16:00,40,17,23
3/27/2016 17:00,24,9,15
3/27/2016 18:00,19,8,11
3/27/2016 19:00,15,5,10
3/27/2016 20:00,10,5,5
3/27/2016 21:00,12,7,5
3/27/2016 22:00,9,4,5
3/27/2016 23:00,2,1,1
3/28/2016 0:00,2,0,2
3/28/2016 1:00,1,1,0
3/28/2016 2:00,2,0,2
3/28/2016 3:00,1,1,0
3/28/2016 4:00,7,5,2
3/28/2016 5:00,35,24,11
3/28/2016 6:00,131,87,44
3/28/2016 7:00,330,242,88
3/28/2016 8:00,488,339,149
3/28/2016 9:00,216,135,81
3/28/2016 10:00,66,31,35
3/28/2016 11:00,42,24,18
3/28/2016 12:00,42,26,16
3/28/2016 13:00,55,22,33
3/28/2016 14:00,56,28,28
3/28/2016 15:00,101,43,58
3/28/2016 16:00,242,85,157
3/28/2016 17:00,541,145,396
3/28/2016 18:00,390,135,255
3/28/2016 19:00,198,77,121
3/28/2016 20:00,79,31,48
3/28/2016 21:00,51,20,31
3/28/2016 22:00,24,13,11
3/28/2016 23:00,11,4,7
3/29/2016 0:00,6,2,4
3/29/2016 1:00,5,2,3
3/29/2016 2:00,2,2,0
3/29/2016 3:00,2,0,2
3/29/2016 4:00,8,3,5
3/29/2016 5:00,36,23,13
3/29/2016 6:00,152,100,52
3/29/2016 7:00,395,286,109
3/29/2016 8:00,544,372,172
3/29/2016 9:00,273,156,117
3/29/2016 10:00,109,52,57
3/29/2016 11:00,81,47,34
3/29/2016 12:00,100,53,47
3/29/2016 13:00,94,58,36
3/29/2016 14:00,89,45,44
3/29/2016 15:00,175,86,89
3/29/2016 16:00,323,119,204
3/29/2016 17:00,649,194,455
3/29/2016 18:00,447,147,300
3/29/2016 19:00,224,101,123
3/29/2016 20:00,108,36,72
3/29/2016 21:00,61,25,36
3/29/2016 22:00,31,11,20
3/29/2016 23:00,12,4,8
3/30/2016 0:00,7,5,2
3/30/2016 1:00,4,1,3
3/30/2016 2:00,6,3,3
3/30/2016 3:00,3,2,1
3/30/2016 4:00,8,6,2
3/30/2016 5:00,38,24,14
3/30/2016 6:00,151,102,49
3/30/2016 7:00,432,315,117
3/30/2016 8:00,518,365,153
3/30/2016 9:00,297,172,125
3/30/2016 10:00,103,60,43
3/30/2016 11:00,121,64,57
3/30/2016 12:00,97,51,46
3/30/2016 13:00,95,49,46
3/30/2016 14:00,114,55,59
3/30/2016 15:00,170,79,91
3/30/2016 16:00,353,124,229
3/30/2016 17:00,726,262,464
3/30/2016 18:00,530,193,337
3/30/2016 19:00,249,94,155
3/30/2016 20:00,120,59,61
3/30/2016 21:00,86,42,44
3/30/2016 22:00,46,19,27
3/30/2016 23:00,27,12,15
3/31/2016 0:00,14,5,9
3/31/2016 1:00,3,2,1
3/31/2016 2:00,1,0,1
3/31/2016 3:00,2,1,1
3/31/2016 4:00,6,3,3
3/31/2016 5:00,40,30,10
3/31/2016 6:00,139,95,44
3/31/2016 7:00,438,323,115
3/31/2016 8:00,527,359,168
3/31/2016 9:00,298,174,124
3/31/2016 10:00,144,76,68
3/31/2016 11:00,97,61,36
3/31/2016 12:00,114,64,50
3/31/2016 13:00,105,53,52
3/31/2016 14:00,125,63,62
3/31/2016 15:00,170,84,86
3/31/2016 16:00,369,120,249
3/31/2016 17:00,658,198,460
3/31/2016 18:00,486,180,306
3/31/2016 19:00,225,102,123
3/31/2016 20:00,105,49,56
3/31/2016 21:00,65,31,34
3/31/2016 22:00,41,21,20
3/31/2016 23:00,26,10,16
4/1/2016 0:00,13,6,7
4/1/2016 1:00,8,5,3
4/1/2016 2:00,6,4,2
4/1/2016 3:00,5,2,3
4/1/2016 4:00,2,0,2
4/1/2016 5:00,35,22,13
4/1/2016 6:00,137,94,43
4/1/2016 7:00,362,256,106
4/1/2016 8:00,499,346,153
4/1/2016 9:00,243,150,93
4/1/2016 10:00,140,77,63
4/1/2016 11:00,98,54,44
4/1/2016 12:00,130,72,58
4/1/2016 13:00,117,49,68
4/1/2016 14:00,173,83,90
4/1/2016 15:00,210,96,114
4/1/2016 16:00,431,158,273
4/1/2016 17:00,602,178,424
4/1/2016 18:00,316,113,203
4/1/2016 19:00,181,74,107
4/1/2016 20:00,80,28,52
4/1/2016 21:00,51,22,29
4/1/2016 22:00,37,22,15
4/1/2016 23:00,40,17,23
4/2/2016 0:00,23,11,12
4/2/2016 1:00,11,7,4
4/2/2016 2:00,5,2,3
4/2/2016 3:00,1,0,1
4/2/2016 4:00,2,1,1
4/2/2016 5:00,8,5,3
4/2/2016 6:00,30,13,17
4/2/2016 7:00,34,16,18
4/2/2016 8:00,61,36,25
4/2/2016 9:00,95,50,45
4/2/2016 10:00,115,56,59
4/2/2016 11:00,133,58,75
4/2/2016 12:00,172,99,73
4/2/2016 13:00,159,91,68
4/2/2016 14:00,174,97,77
4/2/2016 15:00,239,118,121
4/2/2016 16:00,168,91,77
4/2/2016 17:00,169,76,93
4/2/2016 18:00,135,87,48
4/2/2016 19:00,79,30,49
4/2/2016 20:00,62,29,33
4/2/2016 21:00,39,22,17
4/2/2016 22:00,27,12,15
4/2/2016 23:00,27,7,20
4/3/2016 0:00,16,7,9
4/3/2016 1:00,5,3,2
4/3/2016 2:00,7,3,4
4/3/2016 3:00,4,2,2
4/3/2016 4:00,2,1,1
4/3/2016 5:00,11,3,8
4/3/2016 6:00,93,26,67
4/3/2016 7:00,101,32,69
4/3/2016 8:00,62,40,22
4/3/2016 9:00,111,69,42
4/3/2016 10:00,185,121,64
4/3/2016 11:00,183,112,71
4/3/2016 12:00,171,113,58
4/3/2016 13:00,231,125,106
4/3/2016 14:00,178,96,82
4/3/2016 15:00,201,102,99
4/3/2016 16:00,173,96,77
4/3/2016 17:00,153,81,72
4/3/2016 18:00,90,51,39
4/3/2016 19:00,63,32,31
4/3/2016 20:00,52,26,26
4/3/2016 21:00,17,9,8
4/3/2016 22:00,14,4,10
4/3/2016 23:00,4,4,0
4/4/2016 0:00,1,1,0
4/4/2016 1:00,1,0,1
4/4/2016 2:00,1,0,1
4/4/2016 3:00,0,0,0
4/4/2016 4:00,4,3,1
4/4/2016 5:00,30,22,8
4/4/2016 6:00,110,68,42
4/4/2016 7:00,300,221,79
4/4/2016 8:00,439,312,127
4/4/2016 9:00,216,132,84
4/4/2016 10:00,98,47,51
4/4/2016 11:00,49,24,25
4/4/2016 12:00,57,34,23
4/4/2016 13:00,52,31,21
4/4/2016 14:00,55,26,29
4/4/2016 15:00,81,35,46
4/4/2016 16:00,199,66,133
4/4/2016 17:00,497,131,366
4/4/2016 18:00,304,109,195
4/4/2016 19:00,152,51,101
4/4/2016 20:00,70,33,37
4/4/2016 21:00,46,20,26
4/4/2016 22:00,31,18,13
4/4/2016 23:00,11,3,8
4/5/2016 0:00,6,3,3
4/5/2016 1:00,4,1,3
4/5/2016 2:00,3,2,1
4/5/2016 3:00,1,0,1
4/5/2016 4:00,8,5,3
4/5/2016 5:00,42,30,12
4/5/2016 6:00,137,95,42
4/5/2016 7:00,413,295,118
4/5/2016 8:00,527,368,159
4/5/2016 9:00,257,150,107
4/5/2016 10:00,96,56,40
4/5/2016 11:00,77,42,35
4/5/2016 12:00,67,34,33
4/5/2016 13:00,61,28,33
4/5/2016 14:00,83,38,45
4/5/2016 15:00,122,56,66
4/5/2016 16:00,291,104,187
4/5/2016 17:00,600,167,433
4/5/2016 18:00,386,126,260
4/5/2016 19:00,192,69,123
4/5/2016 20:00,94,31,63
4/5/2016 21:00,42,24,18
4/5/2016 22:00,23,7,16
4/5/2016 23:00,12,6,6
4/6/2016 0:00,6,0,6
4/6/2016 1:00,6,2,4
4/6/2016 2:00,3,0,3
4/6/2016 3:00,2,1,1
4/6/2016 4:00,9,5,4
4/6/2016 5:00,42,29,13
4/6/2016 6:00,136,100,36
4/6/2016 7:00,457,330,127
4/6/2016 8:00,541,380,161
4/6/2016 9:00,255,141,114
4/6/2016 10:00,143,77,66
4/6/2016 11:00,87,49,38
4/6/2016 12:00,105,57,48
4/6/2016 13:00,77,36,41
4/6/2016 14:00,110,59,51
4/6/2016 15:00,182,83,99
4/6/2016 16:00,367,143,224
4/6/2016 17:00,730,228,502
4/6/2016 18:00,503,180,323
4/6/2016 19:00,225,80,145
4/6/2016 20:00,111,51,60
4/6/2016 21:00,66,38,28
4/6/2016 22:00,32,18,14
4/6/2016 23:00,25,13,12
4/7/2016 0:00,7,3,4
4/7/2016 1:00,6,3,3
4/7/2016 2:00,2,1,1
4/7/2016 3:00,2,1,1
4/7/2016 4:00,8,4,4
4/7/2016 5:00,48,32,16
4/7/2016 6:00,171,123,48
4/7/2016 7:00,446,332,114
4/7/2016 8:00,581,413,168
4/7/2016 9:00,262,153,109
4/7/2016 10:00,128,70,58
4/7/2016 11:00,121,65,56
4/7/2016 12:00,124,68,56
4/7/2016 13:00,119,65,54
4/7/2016 14:00,139,70,69
4/7/2016 15:00,208,93,115
4/7/2016 16:00,444,157,287
4/7/2016 17:00,724,224,500
4/7/2016 18:00,504,184,320
4/7/2016 19:00,256,93,163
4/7/2016 20:00,127,56,71
4/7/2016 21:00,80,38,42
4/7/2016 22:00,41,21,20
4/7/2016 23:00,35,16,19
4/8/2016 0:00,18,11,7
4/8/2016 1:00,7,1,6
4/8/2016 2:00,5,5,0
4/8/2016 3:00,1,1,0
4/8/2016 4:00,10,5,5
4/8/2016 5:00,44,34,10
4/8/2016 6:00,129,91,38
4/8/2016 7:00,377,265,112
4/8/2016 8:00,483,335,148
4/8/2016 9:00,298,175,123
4/8/2016 10:00,136,71,65
4/8/2016 11:00,96,52,44
4/8/2016 12:00,107,55,52
4/8/2016 13:00,113,53,60
4/8/2016 14:00,125,66,59
4/8/2016 15:00,184,74,110
4/8/2016 16:00,375,133,242
4/8/2016 17:00,622,187,435
4/8/2016 18:00,344,121,223
4/8/2016 19:00,172,71,101
4/8/2016 20:00,117,59,58
4/8/2016 21:00,55,26,29
4/8/2016 22:00,36,13,23
4/8/2016 23:00,29,17,12
4/9/2016 0:00,23,8,15
4/9/2016 1:00,18,7,11
4/9/2016 2:00,7,5,2
4/9/2016 3:00,1,1,0
4/9/2016 4:00,4,0,4
4/9/2016 5:00,8,5,3
4/9/2016 6:00,17,9,8
4/9/2016 7:00,59,27,32
4/9/2016 8:00,97,50,47
4/9/2016 9:00,129,73,56
4/9/2016 10:00,139,66,73
4/9/2016 11:00,146,78,68
4/9/2016 12:00,218,131,87
4/9/2016 13:00,210,109,101
4/9/2016 14:00,215,118,97
4/9/2016 15:00,215,128,87
4/9/2016 16:00,239,147,92
4/9/2016 17:00,177,83,94
4/9/2016 18:00,150,82,68
4/9/2016 19:00,106,60,46
4/9/2016 20:00,51,24,27
4/9/2016 21:00,60,34,26
4/9/2016 22:00,30,13,17
4/9/2016 23:00,28,12,16
4/10/2016 0:00,25,10,15
4/10/2016 1:00,13,5,8
4/10/2016 2:00,10,1,9
4/10/2016 3:00,2,0,2
4/10/2016 4:00,3,1,2
4/10/2016 5:00,7,5,2
4/10/2016 6:00,8,3,5
4/10/2016 7:00,28,16,12
4/10/2016 8:00,55,27,28
4/10/2016 9:00,82,39,43
4/10/2016 10:00,103,54,49
4/10/2016 11:00,156,74,82
4/10/2016 12:00,146,90,56
4/10/2016 13:00,150,77,73
4/10/2016 14:00,147,83,64
4/10/2016 15:00,136,79,57
4/10/2016 16:00,145,72,73
4/10/2016 17:00,147,80,67
4/10/2016 18:00,103,49,54
4/10/2016 19:00,64,31,33
4/10/2016 20:00,27,18,9
4/10/2016 21:00,19,11,8
4/10/2016 22:00,22,11,11
4/10/2016 23:00,5,2,3
4/11/2016 0:00,4,0,4
4/11/2016 1:00,3,1,2
4/11/2016 2:00,3,1,2
4/11/2016 3:00,1,1,0
4/11/2016 4:00,3,2,1
4/11/2016 5:00,35,25,10
4/11/2016 6:00,116,79,37
4/11/2016 7:00,335,233,102
4/11/2016 8:00,480,307,173
4/11/2016 9:00,264,158,106
4/11/2016 10:00,91,47,44
4/11/2016 11:00,58,28,30
4/11/2016 12:00,60,40,20
4/11/2016 13:00,64,26,38
4/11/2016 14:00,83,49,34
4/11/2016 15:00,127,59,68
4/11/2016 16:00,260,100,160
4/11/2016 17:00,543,158,385
4/11/2016 18:00,363,109,254
4/11/2016 19:00,162,73,89
4/11/2016 20:00,81,22,59
4/11/2016 21:00,38,13,25
4/11/2016 22:00,30,13,17
4/11/2016 23:00,21,10,11
4/12/2016 0:00,8,3,5
4/12/2016 1:00,3,2,1
4/12/2016 2:00,3,3,0
4/12/2016 3:00,2,1,1
4/12/2016 4:00,7,3,4
4/12/2016 5:00,34,26,8
4/12/2016 6:00,112,72,40
4/12/2016 7:00,288,192,96
4/12/2016 8:00,402,282,120
4/12/2016 9:00,219,125,94
4/12/2016 10:00,98,57,41
4/12/2016 11:00,68,35,33
4/12/2016 12:00,75,46,29
4/12/2016 13:00,64,36,28
4/12/2016 14:00,57,17,40
4/12/2016 15:00,88,43,45
4/12/2016 16:00,143,50,93
4/12/2016 17:00,325,88,237
4/12/2016 18:00,275,75,200
4/12/2016 19:00,112,30,82
4/12/2016 20:00,65,21,44
4/12/2016 21:00,32,15,17
4/12/2016 22:00,17,7,10
4/12/2016 23:00,6,2,4
4/13/2016 0:00,5,3,2
4/13/2016 1:00,4,3,1
4/13/2016 2:00,1,1,0
4/13/2016 3:00,1,1,0
4/13/2016 4:00,3,2,1
4/13/2016 5:00,26,18,8
4/13/2016 6:00,112,68,44
4/13/2016 7:00,271,189,82
4/13/2016 8:00,369,263,106
4/13/2016 9:00,212,121,91
4/13/2016 10:00,78,43,35
4/13/2016 11:00,74,37,37
4/13/2016 12:00,66,37,29
4/13/2016 13:00,77,40,37
4/13/2016 14:00,63,33,30
4/13/2016 15:00,99,39,60
4/13/2016 16:00,229,78,151
4/13/2016 17:00,505,136,369
4/13/2016 18:00,359,130,229
4/13/2016 19:00,176,62,114
4/13/2016 20:00,106,45,61
4/13/2016 21:00,60,23,37
4/13/2016 22:00,26,8,18
4/13/2016 23:00,16,7,9
4/14/2016 0:00,10,3,7
4/14/2016 1:00,3,1,2
4/14/2016 2:00,3,1,2
4/14/2016 3:00,0,0,0
4/14/2016 4:00,3,2,1
4/14/2016 5:00,33,22,11
4/14/2016 6:00,109,76,33
4/14/2016 7:00,305,221,84
4/14/2016 8:00,425,305,120
4/14/2016 9:00,227,136,91
4/14/2016 10:00,100,59,41
4/14/2016 11:00,77,35,42
4/14/2016 12:00,76,39,37
4/14/2016 13:00,81,42,39
4/14/2016 14:00,87,46,41
4/14/2016 15:00,150,73,77
4/14/2016 16:00,275,92,183
4/14/2016 17:00,531,166,365
4/14/2016 18:00,375,154,221
4/14/2016 19:00,169,61,108
4/14/2016 20:00,98,38,60
4/14/2016 21:00,52,23,29
4/14/2016 22:00,28,10,18
4/14/2016 23:00,24,17,7
4/15/2016 0:00,9,5,4
4/15/2016 1:00,7,2,5
4/15/2016 2:00,3,1,2
4/15/2016 3:00,0,0,0
4/15/2016 4:00,6,3,3
4/15/2016 5:00,34,24,10
4/15/2016 6:00,102,71,31
4/15/2016 7:00,281,191,90
4/15/2016 8:00,361,242,119
4/15/2016 9:00,217,138,79
4/15/2016 10:00,101,60,41
4/15/2016 11:00,96,44,52
4/15/2016 12:00,78,43,35
4/15/2016 13:00,79,39,40
4/15/2016 14:00,98,41,57
4/15/2016 15:00,151,68,83
4/15/2016 16:00,255,95,160
4/15/2016 17:00,438,125,313
4/15/2016 18:00,243,76,167
4/15/2016 19:00,147,58,89
4/15/2016 20:00,60,26,34
4/15/2016 21:00,46,25,21
4/15/2016 22:00,30,16,14
4/15/2016 23:00,26,9,17
4/16/2016 0:00,13,10,3
4/16/2016 1:00,6,3,3
4/16/2016 2:00,2,2,0
4/16/2016 3:00,2,0,2
4/16/2016 4:00,4,0,4
4/16/2016 5:00,17,10,7
4/16/2016 6:00,16,12,4
4/16/2016 7:00,49,22,27
4/16/2016 8:00,111,59,52
4/16/2016 9:00,109,49,60
4/16/2016 10:00,154,88,66
4/16/2016 11:00,207,112,95
4/16/2016 12:00,213,126,87
4/16/2016 13:00,195,114,81
4/16/2016 14:00,209,121,88
4/16/2016 15:00,207,119,88
4/16/2016 16:00,175,85,90
4/16/2016 17:00,172,92,80
4/16/2016 18:00,161,84,77
4/16/2016 19:00,86,36,50
4/16/2016 20:00,67,34,33
4/16/2016 21:00,56,21,35
4/16/2016 22:00,38,14,24
4/16/2016 23:00,12,4,8
4/17/2016 0:00,17,5,12
4/17/2016 1:00,8,4,4
4/17/2016 2:00,10,6,4
4/17/2016 3:00,5,3,2
4/17/2016 4:00,2,0,2
4/17/2016 5:00,7,3,4
4/17/2016 6:00,11,7,4
4/17/2016 7:00,37,21,16
4/17/2016 8:00,76,50,26
4/17/2016 9:00,102,49,53
4/17/2016 10:00,120,54,66
4/17/2016 11:00,217,115,102
4/17/2016 12:00,174,83,91
4/17/2016 13:00,269,155,114
4/17/2016 14:00,231,124,107
4/17/2016 15:00,200,116,84
4/17/2016 16:00,203,112,91
4/17/2016 17:00,172,76,96
4/17/2016 18:00,141,78,63
4/17/2016 19:00,83,56,27
4/17/2016 20:00,72,40,32
4/17/2016 21:00,32,19,13
4/17/2016 22:00,17,8,9
4/17/2016 23:00,17,9,8
4/18/2016 0:00,9,0,9
4/18/2016 1:00,5,1,4
4/18/2016 2:00,4,0,4
4/18/2016 3:00,1,1,0
4/18/2016 4:00,5,4,1
4/18/2016 5:00,38,22,16
4/18/2016 6:00,169,113,56
4/18/2016 7:00,496,363,133
4/18/2016 8:00,632,447,185
4/18/2016 9:00,271,170,101
4/18/2016 10:00,135,75,60
4/18/2016 11:00,95,48,47
4/18/2016 12:00,103,50,53
4/18/2016 13:00,110,40,70
4/18/2016 14:00,118,63,55
4/18/2016 15:00,182,95,87
4/18/2016 16:00,371,131,240
4/18/2016 17:00,813,220,593
4/18/2016 18:00,594,209,385
4/18/2016 19:00,265,89,176
4/18/2016 20:00,135,71,64
4/18/2016 21:00,64,23,41
4/18/2016 22:00,48,29,19
4/18/2016 23:00,15,7,8
4/19/2016 0:00,10,2,8
4/19/2016 1:00,5,2,3
4/19/2016 2:00,4,1,3
4/19/2016 3:00,3,0,3
4/19/2016 4:00,8,4,4
4/19/2016 5:00,49,32,17
4/19/2016 6:00,179,124,55
4/19/2016 7:00,539,396,143
4/19/2016 8:00,656,455,201
4/19/2016 9:00,317,188,129
4/19/2016 10:00,128,83,45
4/19/2016 11:00,98,58,40
4/19/2016 12:00,114,53,61
4/19/2016 13:00,112,52,60
4/19/2016 14:00,132,59,73
4/19/2016 15:00,206,100,106
4/19/2016 16:00,382,126,256
4/19/2016 17:00,816,248,568
4/19/2016 18:00,523,180,343
4/19/2016 19:00,251,114,137
4/19/2016 20:00,183,85,98
4/19/2016 21:00,90,46,44
4/19/2016 22:00,45,14,31
4/19/2016 23:00,27,13,14
4/20/2016 0:00,9,2,7
4/20/2016 1:00,8,5,3
4/20/2016 2:00,5,2,3
4/20/2016 3:00,4,3,1
4/20/2016 4:00,9,5,4
4/20/2016 5:00,53,38,15
4/20/2016 6:00,272,202,70
4/20/2016 7:00,486,343,143
4/20/2016 8:00,601,396,205
4/20/2016 9:00,327,184,143
4/20/2016 10:00,121,61,60
4/20/2016 11:00,99,51,48
4/20/2016 12:00,112,54,58
4/20/2016 13:00,103,49,54
4/20/2016 14:00,136,72,64
4/20/2016 15:00,181,82,99
4/20/2016 16:00,378,128,250
4/20/2016 17:00,783,259,524
4/20/2016 18:00,512,189,323
4/20/2016 19:00,271,115,156
4/20/2016 20:00,152,75,77
4/20/2016 21:00,85,44,41
4/20/2016 22:00,57,23,34
4/20/2016 23:00,22,9,13
4/21/2016 0:00,14,6,8
4/21/2016 1:00,5,1,4
4/21/2016 2:00,4,1,3
4/21/2016 3:00,0,0,0
4/21/2016 4:00,7,5,2
4/21/2016 5:00,47,28,19
4/21/2016 6:00,146,96,50
4/21/2016 7:00,493,352,141
4/21/2016 8:00,552,387,165
4/21/2016 9:00,284,172,112
4/21/2016 10:00,113,68,45
4/21/2016 11:00,92,53,39
4/21/2016 12:00,88,49,39
4/21/2016 13:00,94,50,44
4/21/2016 14:00,114,58,56
4/21/2016 15:00,180,73,107
4/21/2016 16:00,356,133,223
4/21/2016 17:00,687,226,461
4/21/2016 18:00,498,179,319
4/21/2016 19:00,216,92,124
4/21/2016 20:00,124,49,75
4/21/2016 21:00,79,38,41
4/21/2016 22:00,57,27,30
4/21/2016 23:00,26,16,10
4/22/2016 0:00,18,11,7
4/22/2016 1:00,9,7,2
4/22/2016 2:00,2,0,2
4/22/2016 3:00,2,0,2
4/22/2016 4:00,7,3,4
4/22/2016 5:00,31,18,13
4/22/2016 6:00,110,74,36
4/22/2016 7:00,292,211,81
4/22/2016 8:00,408,290,118
4/22/2016 9:00,207,135,72
4/22/2016 10:00,114,57,57
4/22/2016 11:00,66,35,31
4/22/2016 12:00,64,28,36
4/22/2016 13:00,65,35,30
4/22/2016 14:00,77,36,41
4/22/2016 15:00,120,49,71
4/22/2016 16:00,222,72,150
4/22/2016 17:00,411,125,286
4/22/2016 18:00,236,84,152
4/22/2016 19:00,125,43,82
4/22/2016 20:00,48,17,31
4/22/2016 21:00,47,23,24
4/22/2016 22:00,21,8,13
4/22/2016 23:00,16,6,10
4/23/2016 0:00,17,12,5
4/23/2016 1:00,1,0,1
4/23/2016 2:00,6,3,3
4/23/2016 3:00,5,1,4
4/23/2016 4:00,2,0,2
4/23/2016 5:00,8,6,2
4/23/2016 6:00,8,2,6
4/23/2016 7:00,37,21,16
4/23/2016 8:00,81,39,42
4/23/2016 9:00,166,122,44
4/23/2016 10:00,135,85,50
4/23/2016 11:00,119,75,44
4/23/2016 12:00,146,81,65
4/23/2016 13:00,169,88,81
4/23/2016 14:00,154,92,62
4/23/2016 15:00,143,67,76
4/23/2016 16:00,135,71,64
4/23/2016 17:00,108,60,48
4/23/2016 18:00,71,26,45
4/23/2016 19:00,54,33,21
4/23/2016 20:00,39,18,21
4/23/2016 21:00,19,8,11
4/23/2016 22:00,23,15,8
4/23/2016 23:00,25,10,15
4/24/2016 0:00,8,6,2
4/24/2016 1:00,6,2,4
4/24/2016 2:00,5,3,2
4/24/2016 3:00,0,0,0
4/24/2016 4:00,5,0,5
4/24/2016 5:00,2,1,1
4/24/2016 6:00,11,4,7
4/24/2016 7:00,22,15,7
4/24/2016 8:00,39,20,19
4/24/2016 9:00,28,13,15
4/24/2016 10:00,18,10,8
4/24/2016 11:00,26,15,11
4/24/2016 12:00,22,10,12
4/24/2016 13:00,21,12,9
4/24/2016 14:00,39,25,14
4/24/2016 15:00,38,17,21
4/24/2016 16:00,38,25,13
4/24/2016 17:00,46,26,20
4/24/2016 18:00,31,18,13
4/24/2016 19:00,16,6,10
4/24/2016 20:00,16,9,7
4/24/2016 21:00,8,2,6
4/24/2016 22:00,13,7,6
4/24/2016 23:00,5,3,2
4/25/2016 0:00,5,2,3
4/25/2016 1:00,1,0,1
4/25/2016 2:00,1,0,1
4/25/2016 3:00,0,0,0
4/25/2016 4:00,7,5,2
4/25/2016 5:00,36,25,11
4/25/2016 6:00,109,74,35
4/25/2016 7:00,267,184,83
4/25/2016 8:00,395,275,120
4/25/2016 9:00,234,157,77
4/25/2016 10:00,81,45,36
4/25/2016 11:00,40,20,20
4/25/2016 12:00,61,39,22
4/25/2016 13:00,69,40,29
4/25/2016 14:00,63,28,35
4/25/2016 15:00,135,68,67
4/25/2016 16:00,229,90,139
4/25/2016 17:00,516,166,350
4/25/2016 18:00,355,138,217
4/25/2016 19:00,161,70,91
4/25/2016 20:00,74,35,39
4/25/2016 21:00,31,14,17
4/25/2016 22:00,33,19,14
4/25/2016 23:00,26,15,11
4/26/2016 0:00,11,6,5
4/26/2016 1:00,5,1,4
4/26/2016 2:00,4,3,1
4/26/2016 3:00,3,2,1
4/26/2016 4:00,8,5,3
4/26/2016 5:00,36,26,10
4/26/2016 6:00,167,114,53
4/26/2016 7:00,444,317,127
4/26/2016 8:00,571,396,175
4/26/2016 9:00,268,162,106
4/26/2016 10:00,115,61,54
4/26/2016 11:00,83,41,42
4/26/2016 12:00,92,49,43
4/26/2016 13:00,72,37,35
4/26/2016 14:00,109,53,56
4/26/2016 15:00,158,75,83
4/26/2016 16:00,324,112,212
4/26/2016 17:00,703,195,508
4/26/2016 18:00,476,148,328
4/26/2016 19:00,227,86,141
4/26/2016 20:00,119,49,70
4/26/2016 21:00,56,24,32
4/26/2016 22:00,49,23,26
4/26/2016 23:00,18,8,10
4/27/2016 0:00,10,4,6
4/27/2016 1:00,3,2,1
4/27/2016 2:00,4,3,1
4/27/2016 3:00,1,1,0
4/27/2016 4:00,10,8,2
4/27/2016 5:00,37,25,12
4/27/2016 6:00,168,112,56
4/27/2016 7:00,392,278,114
4/27/2016 8:00,537,351,186
4/27/2016 9:00,256,158,98
4/27/2016 10:00,110,77,33
4/27/2016 11:00,82,43,39
4/27/2016 12:00,70,31,39
4/27/2016 13:00,81,40,41
4/27/2016 14:00,99,43,56
4/27/2016 15:00,127,61,66
4/27/2016 16:00,310,114,196
4/27/2016 17:00,599,193,406
4/27/2016 18:00,466,175,291
4/27/2016 19:00,193,74,119
4/27/2016 20:00,109,46,63
4/27/2016 21:00,71,28,43
4/27/2016 22:00,39,19,20
4/27/2016 23:00,19,13,6
4/28/2016 0:00,16,13,3
4/28/2016 1:00,4,3,1
4/28/2016 2:00,4,1,3
4/28/2016 3:00,2,2,0
4/28/2016 4:00,8,4,4
4/28/2016 5:00,33,21,12
4/28/2016 6:00,159,106,53
4/28/2016 7:00,404,291,113
4/28/2016 8:00,526,365,161
4/28/2016 9:00,261,154,107
4/28/2016 10:00,129,80,49
4/28/2016 11:00,82,34,48
4/28/2016 12:00,81,33,48
4/28/2016 13:00,84,45,39
4/28/2016 14:00,109,43,66
4/28/2016 15:00,145,62,83
4/28/2016 16:00,338,118,220
4/28/2016 17:00,637,173,464
4/28/2016 18:00,426,143,283
4/28/2016 19:00,204,65,139
4/28/2016 20:00,95,35,60
4/28/2016 21:00,61,28,33
4/28/2016 22:00,33,15,18
4/28/2016 23:00,29,15,14
4/29/2016 0:00,16,5,11
4/29/2016 1:00,5,4,1
4/29/2016 2:00,2,1,1
4/29/2016 3:00,3,0,3
4/29/2016 4:00,8,4,4
4/29/2016 5:00,33,21,12
4/29/2016 6:00,124,89,35
4/29/2016 7:00,307,225,82
4/29/2016 8:00,370,246,124
4/29/2016 9:00,209,128,81
4/29/2016 10:00,82,40,42
4/29/2016 11:00,59,33,26
4/29/2016 12:00,50,28,22
4/29/2016 13:00,60,22,38
4/29/2016 14:00,74,38,36
4/29/2016 15:00,161,76,85
4/29/2016 16:00,268,89,179
4/29/2016 17:00,493,144,349
4/29/2016 18:00,276,91,185
4/29/2016 19:00,145,59,86
4/29/2016 20:00,77,38,39
4/29/2016 21:00,51,26,25
4/29/2016 22:00,43,12,31
4/29/2016 23:00,25,8,17
4/30/2016 0:00,13,6,7
4/30/2016 1:00,8,4,4
4/30/2016 2:00,8,4,4
4/30/2016 3:00,3,1,2
4/30/2016 4:00,2,0,2
4/30/2016 5:00,12,8,4
4/30/2016 6:00,16,7,9
4/30/2016 7:00,56,24,32
4/30/2016 8:00,93,42,51
4/30/2016 9:00,118,61,57
4/30/2016 10:00,139,86,53
4/30/2016 11:00,191,108,83
4/30/2016 12:00,194,117,77
4/30/2016 13:00,168,88,80
4/30/2016 14:00,200,102,98
4/30/2016 15:00,218,105,113
4/30/2016 16:00,208,112,96
4/30/2016 17:00,204,98,106
4/30/2016 18:00,144,77,67
4/30/2016 19:00,102,51,51
4/30/2016 20:00,54,27,27
4/30/2016 21:00,43,27,16
4/30/2016 22:00,24,12,12
4/30/2016 23:00,27,10,17
5/1/2016 0:00,19,8,11
5/1/2016 1:00,16,12,4
5/1/2016 2:00,5,3,2
5/1/2016 3:00,6,0,6
5/1/2016 4:00,2,1,1
5/1/2016 5:00,8,6,2
5/1/2016 6:00,16,9,7
5/1/2016 7:00,40,24,16
5/1/2016 8:00,85,47,38
5/1/2016 9:00,112,62,50
5/1/2016 10:00,207,125,82
5/1/2016 11:00,194,95,99
5/1/2016 12:00,226,132,94
5/1/2016 13:00,258,125,133
5/1/2016 14:00,249,111,138
5/1/2016 15:00,229,128,101
5/1/2016 16:00,243,135,108
5/1/2016 17:00,185,96,89
5/1/2016 18:00,133,65,68
5/1/2016 19:00,96,53,43
5/1/2016 20:00,67,40,27
5/1/2016 21:00,39,21,18
5/1/2016 22:00,38,20,18
5/1/2016 23:00,15,5,10
5/2/2016 0:00,13,5,8
5/2/2016 1:00,6,0,6
5/2/2016 2:00,6,2,4
5/2/2016 3:00,3,2,1
5/2/2016 4:00,11,7,4
5/2/2016 5:00,59,38,21
5/2/2016 6:00,227,165,62
5/2/2016 7:00,622,461,161
5/2/2016 8:00,819,560,259
5/2/2016 9:00,377,232,145
5/2/2016 10:00,146,79,67
5/2/2016 11:00,112,50,62
5/2/2016 12:00,102,54,48
5/2/2016 13:00,132,53,79
5/2/2016 14:00,135,64,71
5/2/2016 15:00,223,103,120
5/2/2016 16:00,470,159,311
5/2/2016 17:00,952,261,691
5/2/2016 18:00,609,203,406
5/2/2016 19:00,292,120,172
5/2/2016 20:00,170,84,86
5/2/2016 21:00,77,35,42
5/2/2016 22:00,59,23,36
5/2/2016 23:00,34,18,16
5/3/2016 0:00,17,2,15
5/3/2016 1:00,6,4,2
5/3/2016 2:00,2,0,2
5/3/2016 3:00,4,2,2
5/3/2016 4:00,12,6,6
5/3/2016 5:00,63,50,13
5/3/2016 6:00,254,173,81
5/3/2016 7:00,606,453,153
5/3/2016 8:00,731,521,210
5/3/2016 9:00,325,186,139
5/3/2016 10:00,167,94,73
5/3/2016 11:00,86,50,36
5/3/2016 12:00,128,56,72
5/3/2016 13:00,105,61,44
5/3/2016 14:00,132,57,75
5/3/2016 15:00,204,90,114
5/3/2016 16:00,419,142,277
5/3/2016 17:00,921,255,666
5/3/2016 18:00,592,191,401
5/3/2016 19:00,288,95,193
5/3/2016 20:00,116,50,66
5/3/2016 21:00,73,32,41
5/3/2016 22:00,42,16,26
5/3/2016 23:00,20,13,7
5/4/2016 0:00,20,6,14
5/4/2016 1:00,7,3,4
5/4/2016 2:00,4,2,2
5/4/2016 3:00,3,2,1
5/4/2016 4:00,10,4,6
5/4/2016 5:00,65,45,20
5/4/2016 6:00,208,150,58
5/4/2016 7:00,442,323,119
5/4/2016 8:00,552,391,161
5/4/2016 9:00,295,182,113
5/4/2016 10:00,113,70,43
5/4/2016 11:00,63,37,26
5/4/2016 12:00,64,39,25
5/4/2016 13:00,83,43,40
5/4/2016 14:00,89,48,41
5/4/2016 15:00,134,55,79
5/4/2016 16:00,310,98,212
5/4/2016 17:00,718,201,517
5/4/2016 18:00,444,137,307
5/4/2016 19:00,230,91,139
5/4/2016 20:00,119,46,73
5/4/2016 21:00,57,29,28
5/4/2016 22:00,38,16,22
5/4/2016 23:00,21,5,16
5/5/2016 0:00,10,7,3
5/5/2016 1:00,0,0,0
5/5/2016 2:00,3,0,3
5/5/2016 3:00,5,4,1
5/5/2016 4:00,10,9,1
5/5/2016 5:00,46,33,13
5/5/2016 6:00,208,146,62
5/5/2016 7:00,552,388,164
5/5/2016 8:00,679,458,221
5/5/2016 9:00,347,213,134
5/5/2016 10:00,162,91,71
5/5/2016 11:00,97,58,39
5/5/2016 12:00,102,60,42
5/5/2016 13:00,109,57,52
5/5/2016 14:00,103,46,57
5/5/2016 15:00,189,89,100
5/5/2016 16:00,403,142,261
5/5/2016 17:00,779,223,556
5/5/2016 18:00,525,166,359
5/5/2016 19:00,265,102,163
5/5/2016 20:00,166,74,92
5/5/2016 21:00,111,40,71
5/5/2016 22:00,55,19,36
5/5/2016 23:00,32,10,22
5/6/2016 0:00,21,12,9
5/6/2016 1:00,9,6,3
5/6/2016 2:00,4,2,2
5/6/2016 3:00,1,0,1
5/6/2016 4:00,13,6,7
5/6/2016 5:00,53,38,15
5/6/2016 6:00,192,125,67
5/6/2016 7:00,533,390,143
5/6/2016 8:00,592,421,171
5/6/2016 9:00,315,198,117
5/6/2016 10:00,131,77,54
5/6/2016 11:00,115,75,40
5/6/2016 12:00,131,60,71
5/6/2016 13:00,124,75,49
5/6/2016 14:00,160,70,90
5/6/2016 15:00,224,103,121
5/6/2016 16:00,479,149,330
5/6/2016 17:00,680,208,472
5/6/2016 18:00,414,158,256
5/6/2016 19:00,226,106,120
5/6/2016 20:00,118,55,63
5/6/2016 21:00,72,36,36
5/6/2016 22:00,68,24,44
5/6/2016 23:00,42,11,31
5/7/2016 0:00,26,9,17
5/7/2016 1:00,16,8,8
5/7/2016 2:00,12,5,7
5/7/2016 3:00,1,0,1
5/7/2016 4:00,4,1,3
5/7/2016 5:00,13,7,6
5/7/2016 6:00,31,15,16
5/7/2016 7:00,78,44,34
5/7/2016 8:00,109,50,59
5/7/2016 9:00,166,97,69
5/7/2016 10:00,192,113,79
5/7/2016 11:00,208,120,88
5/7/2016 12:00,318,180,138
5/7/2016 13:00,241,151,90
5/7/2016 14:00,251,154,97
5/7/2016 15:00,219,125,94
5/7/2016 16:00,183,107,76
5/7/2016 17:00,172,94,78
5/7/2016 18:00,174,86,88
5/7/2016 19:00,115,51,64
5/7/2016 20:00,70,43,27
5/7/2016 21:00,92,42,50
5/7/2016 22:00,49,25,24
5/7/2016 23:00,30,9,21
5/8/2016 0:00,17,9,8
5/8/2016 1:00,12,1,11
5/8/2016 2:00,13,5,8
5/8/2016 3:00,1,1,0
5/8/2016 4:00,2,2,0
5/8/2016 5:00,9,5,4
5/8/2016 6:00,5,2,3
5/8/2016 7:00,16,8,8
5/8/2016 8:00,23,16,7
5/8/2016 9:00,51,25,26
5/8/2016 10:00,52,34,18
5/8/2016 11:00,92,48,44
5/8/2016 12:00,101,66,35
5/8/2016 13:00,101,58,43
5/8/2016 14:00,109,56,53
5/8/2016 15:00,97,59,38
5/8/2016 16:00,133,69,64
5/8/2016 17:00,129,74,55
5/8/2016 18:00,81,39,42
5/8/2016 19:00,52,22,30
5/8/2016 20:00,35,27,8
5/8/2016 21:00,26,13,13
5/8/2016 22:00,18,6,12
5/8/2016 23:00,3,3,0
5/9/2016 0:00,6,3,3
5/9/2016 1:00,3,2,1
5/9/2016 2:00,7,0,7
5/9/2016 3:00,4,2,2
5/9/2016 4:00,6,4,2
5/9/2016 5:00,53,33,20
5/9/2016 6:00,190,125,65
5/9/2016 7:00,534,392,142
5/9/2016 8:00,669,458,211
5/9/2016 9:00,330,208,122
5/9/2016 10:00,101,67,34
5/9/2016 11:00,82,47,35
5/9/2016 12:00,98,52,46
5/9/2016 13:00,103,56,47
5/9/2016 14:00,117,63,54
5/9/2016 15:00,196,97,99
5/9/2016 16:00,369,124,245
5/9/2016 17:00,864,235,629
5/9/2016 18:00,560,178,382
5/9/2016 19:00,258,106,152
5/9/2016 20:00,158,57,101
5/9/2016 21:00,67,24,43
5/9/2016 22:00,44,24,20
5/9/2016 23:00,33,10,23
5/10/2016 0:00,11,4,7
5/10/2016 1:00,7,3,4
5/10/2016 2:00,5,3,2
5/10/2016 3:00,5,2,3
5/10/2016 4:00,12,7,5
5/10/2016 5:00,59,42,17
5/10/2016 6:00,259,184,75
5/10/2016 7:00,629,465,164
5/10/2016 8:00,766,533,233
5/10/2016 9:00,338,207,131
5/10/2016 10:00,130,73,57
5/10/2016 11:00,83,49,34
5/10/2016 12:00,110,55,55
5/10/2016 13:00,132,65,67
5/10/2016 14:00,118,63,55
5/10/2016 15:00,218,96,122
5/10/2016 16:00,430,144,286
5/10/2016 17:00,957,240,717
5/10/2016 18:00,597,235,362
5/10/2016 19:00,323,143,180
5/10/2016 20:00,189,90,99
5/10/2016 21:00,86,39,47
5/10/2016 22:00,55,21,34
5/10/2016 23:00,30,18,12
5/11/2016 0:00,21,10,11
5/11/2016 1:00,6,5,1
5/11/2016 2:00,5,1,4
5/11/2016 3:00,4,3,1
5/11/2016 4:00,12,9,3
5/11/2016 5:00,45,30,15
5/11/2016 6:00,244,170,74
5/11/2016 7:00,600,435,165
5/11/2016 8:00,741,490,251
5/11/2016 9:00,341,213,128
5/11/2016 10:00,165,104,61
5/11/2016 11:00,101,52,49
5/11/2016 12:00,120,58,62
5/11/2016 13:00,134,59,75
5/11/2016 14:00,142,67,75
5/11/2016 15:00,228,100,128
5/11/2016 16:00,421,139,282
5/11/2016 17:00,873,256,617
5/11/2016 18:00,593,228,365
5/11/2016 19:00,307,108,199
5/11/2016 20:00,183,82,101
5/11/2016 21:00,103,51,52
5/11/2016 22:00,69,30,39
5/11/2016 23:00,36,17,19
5/12/2016 0:00,14,5,9
5/12/2016 1:00,4,2,2
5/12/2016 2:00,2,0,2
5/12/2016 3:00,1,0,1
5/12/2016 4:00,10,8,2
5/12/2016 5:00,50,36,14
5/12/2016 6:00,227,150,77
5/12/2016 7:00,565,402,163
5/12/2016 8:00,674,462,212
5/12/2016 9:00,327,195,132
5/12/2016 10:00,134,82,52
5/12/2016 11:00,107,60,47
5/12/2016 12:00,106,56,50
5/12/2016 13:00,123,59,64
5/12/2016 14:00,147,62,85
5/12/2016 15:00,194,86,108
5/12/2016 16:00,424,140,284
5/12/2016 17:00,799,210,589
5/12/2016 18:00,535,190,345
5/12/2016 19:00,325,148,177
5/12/2016 20:00,181,72,109
5/12/2016 21:00,105,51,54
5/12/2016 22:00,70,32,38
5/12/2016 23:00,35,16,19
5/13/2016 0:00,22,4,18
5/13/2016 1:00,12,8,4
5/13/2016 2:00,11,1,10
5/13/2016 3:00,4,2,2
5/13/2016 4:00,9,4,5
5/13/2016 5:00,46,28,18
5/13/2016 6:00,194,134,60
5/13/2016 7:00,506,354,152
5/13/2016 8:00,618,433,185
5/13/2016 9:00,362,207,155
5/13/2016 10:00,161,86,75
5/13/2016 11:00,121,69,52
5/13/2016 12:00,109,53,56
5/13/2016 13:00,141,65,76
5/13/2016 14:00,148,66,82
5/13/2016 15:00,279,108,171
5/13/2016 16:00,465,157,308
5/13/2016 17:00,779,223,556
5/13/2016 18:00,432,169,263
5/13/2016 19:00,213,86,127
5/13/2016 20:00,136,72,64
5/13/2016 21:00,70,40,30
5/13/2016 22:00,72,33,39
5/13/2016 23:00,55,23,32
5/14/2016 0:00,14,8,6
5/14/2016 1:00,21,6,15
5/14/2016 2:00,13,7,6
5/14/2016 3:00,3,0,3
5/14/2016 4:00,4,2,2
5/14/2016 5:00,18,13,5
5/14/2016 6:00,34,17,17
5/14/2016 7:00,55,25,30
5/14/2016 8:00,93,53,40
5/14/2016 9:00,132,84,48
5/14/2016 10:00,146,81,65
5/14/2016 11:00,133,67,66
5/14/2016 12:00,120,72,48
5/14/2016 13:00,86,54,32
5/14/2016 14:00,186,98,88
5/14/2016 15:00,171,75,96
5/14/2016 16:00,91,55,36
5/14/2016 17:00,58,28,30
5/14/2016 18:00,71,25,46
5/14/2016 19:00,47,31,16
5/14/2016 20:00,31,18,13
5/14/2016 21:00,27,8,19
5/14/2016 22:00,22,10,12
5/14/2016 23:00,21,13,8
5/15/2016 0:00,10,4,6
5/15/2016 1:00,5,3,2
5/15/2016 2:00,3,0,3
5/15/2016 3:00,3,2,1
5/15/2016 4:00,0,0,0
5/15/2016 5:00,4,3,1
5/15/2016 6:00,14,11,3
5/15/2016 7:00,34,15,19
5/15/2016 8:00,34,22,12
5/15/2016 9:00,71,34,37
5/15/2016 10:00,59,32,27
5/15/2016 11:00,78,46,32
5/15/2016 12:00,106,73,33
5/15/2016 13:00,100,53,47
5/15/2016 14:00,91,46,45
5/15/2016 15:00,89,38,51
5/15/2016 16:00,107,47,60
5/15/2016 17:00,76,40,36
5/15/2016 18:00,52,21,31
5/15/2016 19:00,35,17,18
5/15/2016 20:00,19,15,4
5/15/2016 21:00,17,8,9
5/15/2016 22:00,20,6,14
5/15/2016 23:00,13,6,7
5/16/2016 0:00,3,1,2
5/16/2016 1:00,2,2,0
5/16/2016 2:00,2,0,2
5/16/2016 3:00,3,2,1
5/16/2016 4:00,5,2,3
5/16/2016 5:00,43,28,15
5/16/2016 6:00,162,110,52
5/16/2016 7:00,434,304,130
5/16/2016 8:00,563,384,179
5/16/2016 9:00,261,162,99
5/16/2016 10:00,100,58,42
5/16/2016 11:00,71,33,38
5/16/2016 12:00,50,27,23
5/16/2016 13:00,56,25,31
5/16/2016 14:00,73,37,36
5/16/2016 15:00,147,63,84
5/16/2016 16:00,305,102,203
5/16/2016 17:00,678,160,518
5/16/2016 18:00,427,144,283
5/16/2016 19:00,204,59,145
5/16/2016 20:00,96,34,62
5/16/2016 21:00,74,30,44
5/16/2016 22:00,30,17,13
5/16/2016 23:00,14,7,7
5/17/2016 0:00,10,5,5
5/17/2016 1:00,6,1,5
5/17/2016 2:00,2,1,1
5/17/2016 3:00,3,2,1
5/17/2016 4:00,8,4,4
5/17/2016 5:00,56,42,14
5/17/2016 6:00,216,144,72
5/17/2016 7:00,563,415,148
5/17/2016 8:00,699,462,237
5/17/2016 9:00,324,201,123
5/17/2016 10:00,147,79,68
5/17/2016 11:00,89,52,37
5/17/2016 12:00,95,35,60
5/17/2016 13:00,106,64,42
5/17/2016 14:00,134,52,82
5/17/2016 15:00,214,85,129
5/17/2016 16:00,426,135,291
5/17/2016 17:00,889,243,646
5/17/2016 18:00,558,184,374
5/17/2016 19:00,266,111,155
5/17/2016 20:00,153,67,86
5/17/2016 21:00,100,47,53
5/17/2016 22:00,63,31,32
5/17/2016 23:00,38,16,22
5/18/2016 0:00,15,8,7
5/18/2016 1:00,7,4,3
5/18/2016 2:00,4,1,3
5/18/2016 3:00,4,1,3
5/18/2016 4:00,10,4,6
5/18/2016 5:00,66,42,24
5/18/2016 6:00,227,160,67
5/18/2016 7:00,534,383,151
5/18/2016 8:00,630,437,193
5/18/2016 9:00,336,204,132
5/18/2016 10:00,123,66,57
5/18/2016 11:00,84,46,38
5/18/2016 12:00,85,49,36
5/18/2016 13:00,96,51,45
5/18/2016 14:00,116,44,72
5/18/2016 15:00,153,73,80
5/18/2016 16:00,358,110,248
5/18/2016 17:00,763,203,560
5/18/2016 18:00,466,180,286
5/18/2016 19:00,200,75,125
5/18/2016 20:00,141,51,90
5/18/2016 21:00,78,36,42
5/18/2016 22:00,41,24,17
5/18/2016 23:00,18,6,12
5/19/2016 0:00,10,2,8
5/19/2016 1:00,2,2,0
5/19/2016 2:00,3,2,1
5/19/2016 3:00,0,0,0
5/19/2016 4:00,7,4,3
5/19/2016 5:00,33,24,9
5/19/2016 6:00,157,106,51
5/19/2016 7:00,392,283,109
5/19/2016 8:00,446,320,126
5/19/2016 9:00,226,138,88
5/19/2016 10:00,76,44,32
5/19/2016 11:00,51,33,18
5/19/2016 12:00,69,30,39
5/19/2016 13:00,93,38,55
5/19/2016 14:00,87,31,56
5/19/2016 15:00,120,43,77
5/19/2016 16:00,251,88,163
5/19/2016 17:00,543,170,373
5/19/2016 18:00,368,109,259
5/19/2016 19:00,173,57,116
5/19/2016 20:00,70,27,43
5/19/2016 21:00,38,20,18
5/19/2016 22:00,30,12,18
5/19/2016 23:00,14,6,8
5/20/2016 0:00,9,3,6
5/20/2016 1:00,4,1,3
5/20/2016 2:00,6,1,5
5/20/2016 3:00,0,0,0
5/20/2016 4:00,7,3,4
5/20/2016 5:00,51,34,17
5/20/2016 6:00,232,169,63
5/20/2016 7:00,615,487,128
5/20/2016 8:00,699,504,195
5/20/2016 9:00,333,215,118
5/20/2016 10:00,129,72,57
5/20/2016 11:00,79,43,36
5/20/2016 12:00,110,59,51
5/20/2016 13:00,111,57,54
5/20/2016 14:00,148,72,76
5/20/2016 15:00,218,78,140
5/20/2016 16:00,423,156,267
5/20/2016 17:00,672,216,456
5/20/2016 18:00,439,127,312
5/20/2016 19:00,200,81,119
5/20/2016 20:00,104,37,67
5/20/2016 21:00,56,25,31
5/20/2016 22:00,35,16,19
5/20/2016 23:00,31,8,23
5/21/2016 0:00,16,7,9
5/21/2016 1:00,12,5,7
5/21/2016 2:00,6,1,5
5/21/2016 3:00,4,2,2
5/21/2016 4:00,6,3,3
5/21/2016 5:00,4,2,2
5/21/2016 6:00,15,6,9
5/21/2016 7:00,22,16,6
5/21/2016 8:00,48,28,20
5/21/2016 9:00,31,22,9
5/21/2016 10:00,30,12,18
5/21/2016 11:00,31,14,17
5/21/2016 12:00,51,31,20
5/21/2016 13:00,46,22,24
5/21/2016 14:00,56,30,26
5/21/2016 15:00,63,32,31
5/21/2016 16:00,61,36,25
5/21/2016 17:00,67,31,36
5/21/2016 18:00,50,22,28
5/21/2016 19:00,40,15,25
5/21/2016 20:00,28,9,19
5/21/2016 21:00,23,6,17
5/21/2016 22:00,17,8,9
5/21/2016 23:00,14,5,9
5/22/2016 0:00,9,5,4
5/22/2016 1:00,12,4,8
5/22/2016 2:00,5,3,2
5/22/2016 3:00,2,0,2
5/22/2016 4:00,6,1,5
5/22/2016 5:00,6,4,2
5/22/2016 6:00,24,10,14
5/22/2016 7:00,33,14,19
5/22/2016 8:00,52,24,28
5/22/2016 9:00,77,49,28
5/22/2016 10:00,119,74,45
5/22/2016 11:00,171,94,77
5/22/2016 12:00,173,89,84
5/22/2016 13:00,208,105,103
5/22/2016 14:00,205,108,97
5/22/2016 15:00,197,99,98
5/22/2016 16:00,181,80,101
5/22/2016 17:00,158,78,80
5/22/2016 18:00,137,68,69
5/22/2016 19:00,78,36,42
5/22/2016 20:00,37,19,18
5/22/2016 21:00,29,17,12
5/22/2016 22:00,26,11,15
5/22/2016 23:00,13,4,9
5/23/2016 0:00,5,1,4
5/23/2016 1:00,3,1,2
5/23/2016 2:00,3,1,2
5/23/2016 3:00,3,3,0
5/23/2016 4:00,8,4,4
5/23/2016 5:00,43,30,13
5/23/2016 6:00,162,109,53
5/23/2016 7:00,471,327,144
5/23/2016 8:00,607,404,203
5/23/2016 9:00,321,188,133
5/23/2016 10:00,99,61,38
5/23/2016 11:00,84,43,41
5/23/2016 12:00,80,43,37
5/23/2016 13:00,80,33,47
5/23/2016 14:00,83,41,42
5/23/2016 15:00,120,56,64
5/23/2016 16:00,336,112,224
5/23/2016 17:00,734,172,562
5/23/2016 18:00,496,169,327
5/23/2016 19:00,209,71,138
5/23/2016 20:00,114,49,65
5/23/2016 21:00,77,32,45
5/23/2016 22:00,49,19,30
5/23/2016 23:00,20,6,14
5/24/2016 0:00,6,4,2
5/24/2016 1:00,1,0,1
5/24/2016 2:00,0,0,0
5/24/2016 3:00,3,2,1
5/24/2016 4:00,9,5,4
5/24/2016 5:00,49,32,17
5/24/2016 6:00,223,143,80
5/24/2016 7:00,501,351,150
5/24/2016 8:00,663,433,230
5/24/2016 9:00,292,173,119
5/24/2016 10:00,103,64,39
5/24/2016 11:00,98,55,43
5/24/2016 12:00,88,52,36
5/24/2016 13:00,90,42,48
5/24/2016 14:00,119,58,61
5/24/2016 15:00,177,79,98
5/24/2016 16:00,401,132,269
5/24/2016 17:00,734,204,530
5/24/2016 18:00,505,168,337
5/24/2016 19:00,273,104,169
5/24/2016 20:00,167,81,86
5/24/2016 21:00,70,29,41
5/24/2016 22:00,55,16,39
5/24/2016 23:00,24,11,13
5/25/2016 0:00,16,10,6
5/25/2016 1:00,7,5,2
5/25/2016 2:00,2,0,2
5/25/2016 3:00,4,3,1
5/25/2016 4:00,9,3,6
5/25/2016 5:00,54,37,17
5/25/2016 6:00,197,128,69
5/25/2016 7:00,482,325,157
5/25/2016 8:00,605,408,197
5/25/2016 9:00,307,190,117
5/25/2016 10:00,126,73,53
5/25/2016 11:00,73,43,30
5/25/2016 12:00,146,50,96
5/25/2016 13:00,154,86,68
5/25/2016 14:00,123,53,70
5/25/2016 15:00,173,77,96
5/25/2016 16:00,362,113,249
5/25/2016 17:00,695,208,487
5/25/2016 18:00,455,157,298
5/25/2016 19:00,223,78,145
5/25/2016 20:00,127,49,78
5/25/2016 21:00,76,33,43
5/25/2016 22:00,50,19,31
5/25/2016 23:00,37,20,17
5/26/2016 0:00,8,5,3
5/26/2016 1:00,7,5,2
5/26/2016 2:00,2,2,0
5/26/2016 3:00,3,0,3
5/26/2016 4:00,10,8,2
5/26/2016 5:00,43,26,17
5/26/2016 6:00,164,117,47
5/26/2016 7:00,437,301,136
5/26/2016 8:00,603,406,197
5/26/2016 9:00,278,171,107
5/26/2016 10:00,113,68,45
5/26/2016 11:00,72,43,29
5/26/2016 12:00,100,38,62
5/26/2016 13:00,94,46,48
5/26/2016 14:00,91,39,52
5/26/2016 15:00,143,61,82
5/26/2016 16:00,312,108,204
5/26/2016 17:00,636,183,453
5/26/2016 18:00,422,141,281
5/26/2016 19:00,182,71,111
5/26/2016 20:00,112,36,76
5/26/2016 21:00,76,34,42
5/26/2016 22:00,31,8,23
5/26/2016 23:00,31,10,21
5/27/2016 0:00,8,6,2
5/27/2016 1:00,7,5,2
5/27/2016 2:00,2,2,0
5/27/2016 3:00,1,0,1
5/27/2016 4:00,4,1,3
5/27/2016 5:00,30,21,9
5/27/2016 6:00,85,58,27
5/27/2016 7:00,267,184,83
5/27/2016 8:00,412,278,134
5/27/2016 9:00,222,134,88
5/27/2016 10:00,95,54,41
5/27/2016 11:00,77,37,40
5/27/2016 12:00,86,50,36
5/27/2016 13:00,120,49,71
5/27/2016 14:00,124,54,70
5/27/2016 15:00,175,70,105
5/27/2016 16:00,282,95,187
5/27/2016 17:00,404,131,273
5/27/2016 18:00,199,66,133
5/27/2016 19:00,94,36,58
5/27/2016 20:00,61,26,35
5/27/2016 21:00,47,19,28
5/27/2016 22:00,40,14,26
5/27/2016 23:00,21,11,10
5/28/2016 0:00,14,7,7
5/28/2016 1:00,6,2,4
5/28/2016 2:00,11,4,7
5/28/2016 3:00,2,0,2
5/28/2016 4:00,2,1,1
5/28/2016 5:00,7,4,3
5/28/2016 6:00,17,8,9
5/28/2016 7:00,24,12,12
5/28/2016 8:00,53,32,21
5/28/2016 9:00,59,27,32
5/28/2016 10:00,77,42,35
5/28/2016 11:00,106,67,39
5/28/2016 12:00,116,55,61
5/28/2016 13:00,94,56,38
5/28/2016 14:00,90,45,45
5/28/2016 15:00,117,54,63
5/28/2016 16:00,100,52,48
5/28/2016 17:00,93,43,50
5/28/2016 18:00,67,38,29
5/28/2016 19:00,35,11,24
5/28/2016 20:00,29,7,22
5/28/2016 21:00,37,9,28
5/28/2016 22:00,16,4,12
5/28/2016 23:00,13,1,12
5/29/2016 0:00,11,3,8
5/29/2016 1:00,7,0,7
5/29/2016 2:00,4,2,2
5/29/2016 3:00,5,1,4
5/29/2016 4:00,0,0,0
5/29/2016 5:00,3,1,2
5/29/2016 6:00,11,5,6
5/29/2016 7:00,18,8,10
5/29/2016 8:00,38,14,24
5/29/2016 9:00,26,11,15
5/29/2016 10:00,37,21,16
5/29/2016 11:00,37,18,19
5/29/2016 12:00,67,36,31
5/29/2016 13:00,52,30,22
5/29/2016 14:00,68,32,36
5/29/2016 15:00,78,41,37
5/29/2016 16:00,112,65,47
5/29/2016 17:00,83,37,46
5/29/2016 18:00,72,36,36
5/29/2016 19:00,42,22,20
5/29/2016 20:00,56,20,36
5/29/2016 21:00,26,10,16
5/29/2016 22:00,29,8,21
5/29/2016 23:00,17,6,11
5/30/2016 0:00,10,8,2
5/30/2016 1:00,5,3,2
5/30/2016 2:00,3,0,3
5/30/2016 3:00,3,2,1
5/30/2016 4:00,5,1,4
5/30/2016 5:00,11,7,4
5/30/2016 6:00,32,15,17
5/30/2016 7:00,48,23,25
5/30/2016 8:00,89,36,53
5/30/2016 9:00,167,75,92
5/30/2016 10:00,205,126,79
5/30/2016 11:00,226,127,99
5/30/2016 12:00,278,155,123
5/30/2016 13:00,284,159,125
5/30/2016 14:00,344,196,148
5/30/2016 15:00,254,125,129
5/30/2016 16:00,265,123,142
5/30/2016 17:00,257,127,130
5/30/2016 18:00,174,82,92
5/30/2016 19:00,112,51,61
5/30/2016 20:00,80,41,39
5/30/2016 21:00,67,23,44
5/30/2016 22:00,25,16,9
5/30/2016 23:00,21,13,8
5/31/2016 0:00,7,2,5
5/31/2016 1:00,1,1,0
5/31/2016 2:00,1,1,0
5/31/2016 3:00,3,1,2
5/31/2016 4:00,8,5,3
5/31/2016 5:00,51,37,14
5/31/2016 6:00,203,145,58
5/31/2016 7:00,556,390,166
5/31/2016 8:00,681,467,214
5/31/2016 9:00,345,206,139
5/31/2016 10:00,140,84,56
5/31/2016 11:00,95,44,51
5/31/2016 12:00,112,62,50
5/31/2016 13:00,109,60,49
5/31/2016 14:00,126,61,65
5/31/2016 15:00,179,89,90
5/31/2016 16:00,381,118,263
5/31/2016 17:00,841,210,631
5/31/2016 18:00,505,210,295
5/31/2016 19:00,291,124,167
5/31/2016 20:00,124,59,65
5/31/2016 21:00,79,47,32
5/31/2016 22:00,41,18,23
5/31/2016 23:00,20,9,11
6/1/2016 0:00,13,7,6
6/1/2016 1:00,3,1,2
6/1/2016 2:00,1,0,1
6/1/2016 3:00,3,3,0
6/1/2016 4:00,7,5,2
6/1/2016 5:00,56,38,18
6/1/2016 6:00,217,150,67
6/1/2016 7:00,544,375,169
6/1/2016 8:00,635,420,215
6/1/2016 9:00,308,204,104
6/1/2016 10:00,161,88,73
6/1/2016 11:00,105,60,45
6/1/2016 12:00,107,55,52
6/1/2016 13:00,111,64,47
6/1/2016 14:00,142,76,66
6/1/2016 15:00,173,67,106
6/1/2016 16:00,391,130,261
6/1/2016 17:00,751,191,560
6/1/2016 18:00,524,189,335
6/1/2016 19:00,249,98,151
6/1/2016 20:00,171,76,95
6/1/2016 21:00,62,28,34
6/1/2016 22:00,55,22,33
6/1/2016 23:00,20,7,13
6/2/2016 0:00,14,6,8
6/2/2016 1:00,4,3,1
6/2/2016 2:00,3,1,2
6/2/2016 3:00,1,0,1
6/2/2016 4:00,12,6,6
6/2/2016 5:00,48,27,21
6/2/2016 6:00,152,104,48
6/2/2016 7:00,414,261,153
6/2/2016 8:00,559,384,175
6/2/2016 9:00,281,180,101
6/2/2016 10:00,112,70,42
6/2/2016 11:00,81,48,33
6/2/2016 12:00,82,38,44
6/2/2016 13:00,79,34,45
6/2/2016 14:00,107,33,74
6/2/2016 15:00,155,67,88
6/2/2016 16:00,333,122,211
6/2/2016 17:00,682,195,487
6/2/2016 18:00,456,145,311
6/2/2016 19:00,217,74,143
6/2/2016 20:00,124,54,70
6/2/2016 21:00,84,37,47
6/2/2016 22:00,55,25,30
6/2/2016 23:00,30,17,13
6/3/2016 0:00,19,9,10
6/3/2016 1:00,3,2,1
6/3/2016 2:00,3,3,0
6/3/2016 3:00,3,1,2
6/3/2016 4:00,11,7,4
6/3/2016 5:00,46,28,18
6/3/2016 6:00,158,114,44
6/3/2016 7:00,461,324,137
6/3/2016 8:00,599,393,206
6/3/2016 9:00,297,183,114
6/3/2016 10:00,118,65,53
6/3/2016 11:00,119,68,51
6/3/2016 12:00,116,61,55
6/3/2016 13:00,112,55,57
6/3/2016 14:00,146,62,84
6/3/2016 15:00,218,95,123
6/3/2016 16:00,481,158,323
6/3/2016 17:00,650,185,465
6/3/2016 18:00,405,146,259
6/3/2016 19:00,185,72,113
6/3/2016 20:00,132,68,64
6/3/2016 21:00,95,43,52
6/3/2016 22:00,55,27,28
6/3/2016 23:00,38,12,26
6/4/2016 0:00,26,7,19
6/4/2016 1:00,18,5,13
6/4/2016 2:00,8,3,5
6/4/2016 3:00,6,3,3
6/4/2016 4:00,4,0,4
6/4/2016 5:00,12,9,3
6/4/2016 6:00,30,13,17
6/4/2016 7:00,75,36,39
6/4/2016 8:00,143,66,77
6/4/2016 9:00,197,119,78
6/4/2016 10:00,157,90,67
6/4/2016 11:00,209,104,105
6/4/2016 12:00,190,94,96
6/4/2016 13:00,227,121,106
6/4/2016 14:00,234,129,105
6/4/2016 15:00,219,111,108
6/4/2016 16:00,200,107,93
6/4/2016 17:00,157,83,74
6/4/2016 18:00,163,84,79
6/4/2016 19:00,121,64,57
6/4/2016 20:00,69,25,44
6/4/2016 21:00,95,43,52
6/4/2016 22:00,42,23,19
6/4/2016 23:00,37,22,15
6/5/2016 0:00,23,9,14
6/5/2016 1:00,13,6,7
6/5/2016 2:00,2,0,2
6/5/2016 3:00,5,2,3
6/5/2016 4:00,4,2,2
6/5/2016 5:00,12,6,6
6/5/2016 6:00,24,7,17
6/5/2016 7:00,55,33,22
6/5/2016 8:00,107,61,46
6/5/2016 9:00,121,62,59
6/5/2016 10:00,177,93,84
6/5/2016 11:00,192,100,92
6/5/2016 12:00,173,107,66
6/5/2016 13:00,203,110,93
6/5/2016 14:00,219,116,103
6/5/2016 15:00,203,112,91
6/5/2016 16:00,134,77,57
6/5/2016 17:00,116,54,62
6/5/2016 18:00,113,57,56
6/5/2016 19:00,80,37,43
6/5/2016 20:00,64,36,28
6/5/2016 21:00,45,24,21
6/5/2016 22:00,24,14,10
6/5/2016 23:00,24,7,17
6/6/2016 0:00,7,1,6
6/6/2016 1:00,3,1,2
6/6/2016 2:00,3,0,3
6/6/2016 3:00,1,0,1
6/6/2016 4:00,14,9,5
6/6/2016 5:00,52,34,18
6/6/2016 6:00,194,126,68
6/6/2016 7:00,494,344,150
6/6/2016 8:00,645,432,213
6/6/2016 9:00,328,208,120
6/6/2016 10:00,126,81,45
6/6/2016 11:00,111,51,60
6/6/2016 12:00,87,54,33
6/6/2016 13:00,122,61,61
6/6/2016 14:00,112,60,52
6/6/2016 15:00,187,78,109
6/6/2016 16:00,376,119,257
6/6/2016 17:00,784,186,598
6/6/2016 18:00,556,185,371
6/6/2016 19:00,243,92,151
6/6/2016 20:00,163,78,85
6/6/2016 21:00,85,29,56
6/6/2016 22:00,46,21,25
6/6/2016 23:00,25,13,12
6/7/2016 0:00,13,6,7
6/7/2016 1:00,5,0,5
6/7/2016 2:00,4,0,4
6/7/2016 3:00,4,2,2
6/7/2016 4:00,7,5,2
6/7/2016 5:00,49,34,15
6/7/2016 6:00,230,155,75
6/7/2016 7:00,540,372,168
6/7/2016 8:00,709,477,232
6/7/2016 9:00,329,183,146
6/7/2016 10:00,152,90,62
6/7/2016 11:00,127,83,44
6/7/2016 12:00,110,55,55
6/7/2016 13:00,125,56,69
6/7/2016 14:00,114,54,60
6/7/2016 15:00,168,69,99
6/7/2016 16:00,394,135,259
6/7/2016 17:00,825,214,611
6/7/2016 18:00,558,186,372
6/7/2016 19:00,296,116,180
6/7/2016 20:00,150,65,85
6/7/2016 21:00,98,40,58
6/7/2016 22:00,56,20,36
6/7/2016 23:00,24,11,13
6/8/2016 0:00,14,8,6
6/8/2016 1:00,10,4,6
6/8/2016 2:00,6,2,4
6/8/2016 3:00,4,2,2
6/8/2016 4:00,8,5,3
6/8/2016 5:00,63,35,28
6/8/2016 6:00,202,137,65
6/8/2016 7:00,495,343,152
6/8/2016 8:00,641,430,211
6/8/2016 9:00,353,217,136
6/8/2016 10:00,140,79,61
6/8/2016 11:00,84,48,36
6/8/2016 12:00,91,56,35
6/8/2016 13:00,80,38,42
6/8/2016 14:00,116,51,65
6/8/2016 15:00,165,65,100
6/8/2016 16:00,353,106,247
6/8/2016 17:00,788,229,559
6/8/2016 18:00,487,161,326
6/8/2016 19:00,239,95,144
6/8/2016 20:00,140,48,92
6/8/2016 21:00,71,38,33
6/8/2016 22:00,44,21,23
6/8/2016 23:00,33,17,16
6/9/2016 0:00,13,3,10
6/9/2016 1:00,9,4,5
6/9/2016 2:00,0,0,0
6/9/2016 3:00,2,1,1
6/9/2016 4:00,9,5,4
6/9/2016 5:00,45,29,16
6/9/2016 6:00,170,109,61
6/9/2016 7:00,412,280,132
6/9/2016 8:00,562,392,170
6/9/2016 9:00,277,162,115
6/9/2016 10:00,122,80,42
6/9/2016 11:00,66,34,32
6/9/2016 12:00,86,36,50
6/9/2016 13:00,101,45,56
6/9/2016 14:00,88,46,42
6/9/2016 15:00,152,74,78
6/9/2016 16:00,324,99,225
6/9/2016 17:00,625,169,456
6/9/2016 18:00,447,138,309
6/9/2016 19:00,190,72,118
6/9/2016 20:00,143,55,88
6/9/2016 21:00,53,24,29
6/9/2016 22:00,43,15,28
6/9/2016 23:00,31,13,18
6/10/2016 0:00,17,6,11
6/10/2016 1:00,9,6,3
6/10/2016 2:00,2,2,0
6/10/2016 3:00,3,0,3
6/10/2016 4:00,6,0,6
6/10/2016 5:00,47,28,19
6/10/2016 6:00,117,79,38
6/10/2016 7:00,349,221,128
6/10/2016 8:00,458,295,163
6/10/2016 9:00,250,148,102
6/10/2016 10:00,106,61,45
6/10/2016 11:00,79,38,41
6/10/2016 12:00,96,53,43
6/10/2016 13:00,112,58,54
6/10/2016 14:00,113,54,59
6/10/2016 15:00,130,52,78
6/10/2016 16:00,293,90,203
6/10/2016 17:00,520,159,361
6/10/2016 18:00,267,87,180
6/10/2016 19:00,128,44,84
6/10/2016 20:00,65,28,37
6/10/2016 21:00,43,17,26
6/10/2016 22:00,45,17,28
6/10/2016 23:00,23,7,16
6/11/2016 0:00,25,7,18
6/11/2016 1:00,12,9,3
6/11/2016 2:00,5,2,3
6/11/2016 3:00,1,1,0
6/11/2016 4:00,4,2,2
6/11/2016 5:00,16,11,5
6/11/2016 6:00,24,12,12
6/11/2016 7:00,39,22,17
6/11/2016 8:00,74,31,43
6/11/2016 9:00,96,46,50
6/11/2016 10:00,116,66,50
6/11/2016 11:00,128,82,46
6/11/2016 12:00,129,67,62
6/11/2016 13:00,123,70,53
6/11/2016 14:00,162,86,76
6/11/2016 15:00,131,74,57
6/11/2016 16:00,96,50,46
6/11/2016 17:00,94,50,44
6/11/2016 18:00,93,53,40
6/11/2016 19:00,93,40,53
6/11/2016 20:00,66,37,29
6/11/2016 21:00,80,53,27
6/11/2016 22:00,28,14,14
6/11/2016 23:00,25,16,9
6/12/2016 0:00,20,9,11
6/12/2016 1:00,9,2,7
6/12/2016 2:00,11,3,8
6/12/2016 3:00,1,0,1
6/12/2016 4:00,3,0,3
6/12/2016 5:00,11,5,6
6/12/2016 6:00,18,8,10
6/12/2016 7:00,49,19,30
6/12/2016 8:00,74,29,45
6/12/2016 9:00,98,48,50
6/12/2016 10:00,116,67,49
6/12/2016 11:00,166,95,71
6/12/2016 12:00,175,92,83
6/12/2016 13:00,182,95,87
6/12/2016 14:00,250,125,125
6/12/2016 15:00,202,106,96
6/12/2016 16:00,197,102,95
6/12/2016 17:00,211,98,113
6/12/2016 18:00,131,61,70
6/12/2016 19:00,103,48,55
6/12/2016 20:00,66,33,33
6/12/2016 21:00,39,16,23
6/12/2016 22:00,23,9,14
6/12/2016 23:00,19,8,11
6/13/2016 0:00,13,5,8
6/13/2016 1:00,3,1,2
6/13/2016 2:00,3,1,2
6/13/2016 3:00,3,2,1
6/13/2016 4:00,6,4,2
6/13/2016 5:00,58,35,23
6/13/2016 6:00,144,79,65
6/13/2016 7:00,375,244,131
6/13/2016 8:00,545,359,186
6/13/2016 9:00,220,149,71
6/13/2016 10:00,83,41,42
6/13/2016 11:00,72,40,32
6/13/2016 12:00,42,17,25
6/13/2016 13:00,54,27,27
6/13/2016 14:00,86,39,47
6/13/2016 15:00,135,62,73
6/13/2016 16:00,305,93,212
6/13/2016 17:00,614,162,452
6/13/2016 18:00,401,127,274
6/13/2016 19:00,190,75,115
6/13/2016 20:00,96,41,55
6/13/2016 21:00,61,20,41
6/13/2016 22:00,38,18,20
6/13/2016 23:00,14,3,11
6/14/2016 0:00,7,2,5
6/14/2016 1:00,8,2,6
6/14/2016 2:00,6,4,2
6/14/2016 3:00,3,1,2
6/14/2016 4:00,7,6,1
6/14/2016 5:00,39,22,17
6/14/2016 6:00,126,84,42
6/14/2016 7:00,351,214,137
6/14/2016 8:00,500,335,165
6/14/2016 9:00,235,145,90
6/14/2016 10:00,74,45,29
6/14/2016 11:00,60,37,23
6/14/2016 12:00,84,41,43
6/14/2016 13:00,67,38,29
6/14/2016 14:00,63,33,30
6/14/2016 15:00,120,48,72
6/14/2016 16:00,245,78,167
6/14/2016 17:00,541,136,405
6/14/2016 18:00,321,105,216
6/14/2016 19:00,172,60,112
6/14/2016 20:00,79,37,42
6/14/2016 21:00,56,21,35
6/14/2016 22:00,33,13,20
6/14/2016 23:00,17,4,13
6/15/2016 0:00,14,7,7
6/15/2016 1:00,7,3,4
6/15/2016 2:00,1,0,1
6/15/2016 3:00,3,1,2
6/15/2016 4:00,7,3,4
6/15/2016 5:00,52,31,21
6/15/2016 6:00,182,119,63
6/15/2016 7:00,424,277,147
6/15/2016 8:00,553,371,182
6/15/2016 9:00,281,174,107
6/15/2016 10:00,141,79,62
6/15/2016 11:00,91,48,43
6/15/2016 12:00,95,46,49
6/15/2016 13:00,93,51,42
6/15/2016 14:00,122,58,64
6/15/2016 15:00,167,84,83
6/15/2016 16:00,352,110,242
6/15/2016 17:00,761,238,523
6/15/2016 18:00,501,158,343
6/15/2016 19:00,241,91,150
6/15/2016 20:00,150,65,85
6/15/2016 21:00,80,31,49
6/15/2016 22:00,42,16,26
6/15/2016 23:00,28,12,16
6/16/2016 0:00,13,5,8
6/16/2016 1:00,6,4,2
6/16/2016 2:00,5,1,4
6/16/2016 3:00,1,1,0
6/16/2016 4:00,7,6,1
6/16/2016 5:00,41,27,14
6/16/2016 6:00,156,103,53
6/16/2016 7:00,427,279,148
6/16/2016 8:00,599,394,205
6/16/2016 9:00,304,189,115
6/16/2016 10:00,108,67,41
6/16/2016 11:00,89,42,47
6/16/2016 12:00,96,46,50
6/16/2016 13:00,98,52,46
6/16/2016 14:00,115,41,74
6/16/2016 15:00,179,82,97
6/16/2016 16:00,376,140,236
6/16/2016 17:00,702,207,495
6/16/2016 18:00,469,155,314
6/16/2016 19:00,198,72,126
6/16/2016 20:00,120,55,65
6/16/2016 21:00,116,41,75
6/16/2016 22:00,59,22,37
6/16/2016 23:00,35,13,22
6/17/2016 0:00,22,7,15
6/17/2016 1:00,8,4,4
6/17/2016 2:00,4,1,3
6/17/2016 3:00,3,2,1
6/17/2016 4:00,6,2,4
6/17/2016 5:00,39,24,15
6/17/2016 6:00,129,78,51
6/17/2016 7:00,387,268,119
6/17/2016 8:00,520,338,182
6/17/2016 9:00,271,149,122
6/17/2016 10:00,143,87,56
6/17/2016 11:00,107,56,51
6/17/2016 12:00,104,47,57
6/17/2016 13:00,108,56,52
6/17/2016 14:00,107,42,65
6/17/2016 15:00,188,72,116
6/17/2016 16:00,337,118,219
6/17/2016 17:00,494,119,375
6/17/2016 18:00,272,103,169
6/17/2016 19:00,139,39,100
6/17/2016 20:00,53,19,34
6/17/2016 21:00,57,26,31
6/17/2016 22:00,28,12,16
6/17/2016 23:00,27,10,17
6/18/2016 0:00,12,9,3
6/18/2016 1:00,7,2,5
6/18/2016 2:00,3,1,2
6/18/2016 3:00,2,0,2
6/18/2016 4:00,1,0,1
6/18/2016 5:00,11,9,2
6/18/2016 6:00,28,15,13
6/18/2016 7:00,43,20,23
6/18/2016 8:00,52,29,23
6/18/2016 9:00,83,34,49
6/18/2016 10:00,69,33,36
6/18/2016 11:00,101,45,56
6/18/2016 12:00,89,37,52
6/18/2016 13:00,115,49,66
6/18/2016 14:00,42,20,22
6/18/2016 15:00,15,6,9
6/18/2016 16:00,25,11,14
6/18/2016 17:00,80,31,49
6/18/2016 18:00,101,59,42
6/18/2016 19:00,70,32,38
6/18/2016 20:00,39,21,18
6/18/2016 21:00,51,23,28
6/18/2016 22:00,39,24,15
6/18/2016 23:00,39,21,18
6/19/2016 0:00,15,6,9
6/19/2016 1:00,17,9,8
6/19/2016 2:00,6,4,2
6/19/2016 3:00,1,1,0
6/19/2016 4:00,2,1,1
6/19/2016 5:00,6,5,1
6/19/2016 6:00,17,3,14
6/19/2016 7:00,53,32,21
6/19/2016 8:00,70,30,40
6/19/2016 9:00,123,56,67
6/19/2016 10:00,189,105,84
6/19/2016 11:00,145,65,80
6/19/2016 12:00,201,115,86
6/19/2016 13:00,196,85,111
6/19/2016 14:00,244,118,126
6/19/2016 15:00,229,105,124
6/19/2016 16:00,210,93,117
6/19/2016 17:00,200,108,92
6/19/2016 18:00,124,69,55
6/19/2016 19:00,72,42,30
6/19/2016 20:00,68,33,35
6/19/2016 21:00,43,28,15
6/19/2016 22:00,21,10,11
6/19/2016 23:00,21,8,13
6/20/2016 0:00,5,1,4
6/20/2016 1:00,2,0,2
6/20/2016 2:00,1,0,1
6/20/2016 3:00,2,0,2
6/20/2016 4:00,10,6,4
6/20/2016 5:00,54,33,21
6/20/2016 6:00,184,121,63
6/20/2016 7:00,428,288,140
6/20/2016 8:00,588,394,194
6/20/2016 9:00,334,206,128
6/20/2016 10:00,114,59,55
6/20/2016 11:00,58,34,24
6/20/2016 12:00,87,42,45
6/20/2016 13:00,87,44,43
6/20/2016 14:00,89,43,46
6/20/2016 15:00,151,56,95
6/20/2016 16:00,340,122,218
6/20/2016 17:00,719,180,539
6/20/2016 18:00,512,167,345
6/20/2016 19:00,249,100,149
6/20/2016 20:00,160,68,92
6/20/2016 21:00,109,61,48
6/20/2016 22:00,49,26,23
6/20/2016 23:00,16,2,14
6/21/2016 0:00,2,0,2
6/21/2016 1:00,2,2,0
6/21/2016 2:00,1,0,1
6/21/2016 3:00,2,1,1
6/21/2016 4:00,7,2,5
6/21/2016 5:00,43,34,9
6/21/2016 6:00,179,114,65
6/21/2016 7:00,429,291,138
6/21/2016 8:00,620,408,212
6/21/2016 9:00,275,176,99
6/21/2016 10:00,129,61,68
6/21/2016 11:00,88,47,41
6/21/2016 12:00,104,48,56
6/21/2016 13:00,90,45,45
6/21/2016 14:00,120,41,79
6/21/2016 15:00,140,66,74
6/21/2016 16:00,362,116,246
6/21/2016 17:00,784,221,563
6/21/2016 18:00,450,143,307
6/21/2016 19:00,244,107,137
6/21/2016 20:00,155,82,73
6/21/2016 21:00,130,58,72
6/21/2016 22:00,41,17,24
6/21/2016 23:00,28,10,18
6/22/2016 0:00,21,5,16
6/22/2016 1:00,8,5,3
6/22/2016 2:00,4,0,4
6/22/2016 3:00,3,2,1
6/22/2016 4:00,11,9,2
6/22/2016 5:00,45,25,20
6/22/2016 6:00,204,140,64
6/22/2016 7:00,470,294,176
6/22/2016 8:00,606,367,239
6/22/2016 9:00,347,217,130
6/22/2016 10:00,160,98,62
6/22/2016 11:00,108,64,44
6/22/2016 12:00,111,60,51
6/22/2016 13:00,114,58,56
6/22/2016 14:00,102,40,62
6/22/2016 15:00,189,80,109
6/22/2016 16:00,362,126,236
6/22/2016 17:00,789,234,555
6/22/2016 18:00,520,178,342
6/22/2016 19:00,253,86,167
6/22/2016 20:00,156,62,94
6/22/2016 21:00,72,28,44
6/22/2016 22:00,46,25,21
6/22/2016 23:00,23,10,13
6/23/2016 0:00,17,10,7
6/23/2016 1:00,6,5,1
6/23/2016 2:00,2,0,2
6/23/2016 3:00,2,0,2
6/23/2016 4:00,4,4,0
6/23/2016 5:00,40,24,16
6/23/2016 6:00,88,56,32
6/23/2016 7:00,242,162,80
6/23/2016 8:00,363,253,110
6/23/2016 9:00,205,135,70
6/23/2016 10:00,94,51,43
6/23/2016 11:00,55,30,25
6/23/2016 12:00,68,37,31
6/23/2016 13:00,94,38,56
6/23/2016 14:00,66,32,34
6/23/2016 15:00,87,31,56
6/23/2016 16:00,187,49,138
6/23/2016 17:00,399,111,288
6/23/2016 18:00,271,86,185
6/23/2016 19:00,137,50,87
6/23/2016 20:00,62,18,44
6/23/2016 21:00,45,23,22
6/23/2016 22:00,26,12,14
6/23/2016 23:00,12,6,6
6/24/2016 0:00,9,6,3
6/24/2016 1:00,8,3,5
6/24/2016 2:00,0,0,0
6/24/2016 3:00,1,0,1
6/24/2016 4:00,8,3,5
6/24/2016 5:00,29,21,8
6/24/2016 6:00,95,56,39
6/24/2016 7:00,249,167,82
6/24/2016 8:00,359,222,137
6/24/2016 9:00,181,100,81
6/24/2016 10:00,92,47,45
6/24/2016 11:00,58,27,31
6/24/2016 12:00,73,39,34
6/24/2016 13:00,90,47,43
6/24/2016 14:00,103,43,60
6/24/2016 15:00,140,54,86
6/24/2016 16:00,216,71,145
6/24/2016 17:00,415,112,303
6/24/2016 18:00,243,79,164
6/24/2016 19:00,98,33,65
6/24/2016 20:00,58,19,39
6/24/2016 21:00,39,14,25
6/24/2016 22:00,33,10,23
6/24/2016 23:00,18,7,11
6/25/2016 0:00,12,3,9
6/25/2016 1:00,9,1,8
6/25/2016 2:00,9,5,4
6/25/2016 3:00,5,2,3
6/25/2016 4:00,7,4,3
6/25/2016 5:00,8,3,5
6/25/2016 6:00,35,8,27
6/25/2016 7:00,51,35,16
6/25/2016 8:00,126,74,52
6/25/2016 9:00,101,42,59
6/25/2016 10:00,135,69,66
6/25/2016 11:00,138,89,49
6/25/2016 12:00,161,95,66
6/25/2016 13:00,188,108,80
6/25/2016 14:00,168,81,87
6/25/2016 15:00,211,113,98
6/25/2016 16:00,218,112,106
6/25/2016 17:00,172,86,86
6/25/2016 18:00,172,88,84
6/25/2016 19:00,117,61,56
6/25/2016 20:00,61,30,31
6/25/2016 21:00,45,26,19
6/25/2016 22:00,42,23,19
6/25/2016 23:00,32,12,20
6/26/2016 0:00,27,4,23
6/26/2016 1:00,11,4,7
6/26/2016 2:00,5,2,3
6/26/2016 3:00,8,4,4
6/26/2016 4:00,1,0,1
6/26/2016 5:00,10,6,4
6/26/2016 6:00,19,10,9
6/26/2016 7:00,41,19,22
6/26/2016 8:00,92,48,44
6/26/2016 9:00,141,79,62
6/26/2016 10:00,176,92,84
6/26/2016 11:00,214,118,96
6/26/2016 12:00,208,117,91
6/26/2016 13:00,252,145,107
6/26/2016 14:00,229,115,114
6/26/2016 15:00,236,103,133
6/26/2016 16:00,247,101,146
6/26/2016 17:00,165,74,91
6/26/2016 18:00,147,84,63
6/26/2016 19:00,81,36,45
6/26/2016 20:00,102,45,57
6/26/2016 21:00,36,19,17
6/26/2016 22:00,30,10,20
6/26/2016 23:00,22,8,14
6/27/2016 0:00,10,2,8
6/27/2016 1:00,8,4,4
6/27/2016 2:00,4,0,4
6/27/2016 3:00,4,4,0
6/27/2016 4:00,10,8,2
6/27/2016 5:00,55,38,17
6/27/2016 6:00,174,101,73
6/27/2016 7:00,464,295,169
6/27/2016 8:00,589,391,198
6/27/2016 9:00,311,200,111
6/27/2016 10:00,108,66,42
6/27/2016 11:00,83,42,41
6/27/2016 12:00,97,61,36
6/27/2016 13:00,116,64,52
6/27/2016 14:00,82,36,46
6/27/2016 15:00,180,65,115
6/27/2016 16:00,361,118,243
6/27/2016 17:00,743,208,535
6/27/2016 18:00,500,152,348
6/27/2016 19:00,285,109,176
6/27/2016 20:00,178,69,109
6/27/2016 21:00,105,48,57
6/27/2016 22:00,60,35,25
6/27/2016 23:00,19,11,8
6/28/2016 0:00,12,6,6
6/28/2016 1:00,5,2,3
6/28/2016 2:00,3,1,2
6/28/2016 3:00,3,2,1
6/28/2016 4:00,9,5,4
6/28/2016 5:00,54,31,23
6/28/2016 6:00,193,121,72
6/28/2016 7:00,477,319,158
6/28/2016 8:00,630,394,236
6/28/2016 9:00,309,181,128
6/28/2016 10:00,116,73,43
6/28/2016 11:00,85,44,41
6/28/2016 12:00,94,45,49
6/28/2016 13:00,102,49,53
6/28/2016 14:00,125,55,70
6/28/2016 15:00,194,78,116
6/28/2016 16:00,432,142,290
6/28/2016 17:00,735,188,547
6/28/2016 18:00,549,201,348
6/28/2016 19:00,277,112,165
6/28/2016 20:00,168,66,102
6/28/2016 21:00,80,40,40
6/28/2016 22:00,49,27,22
6/28/2016 23:00,44,15,29
6/29/2016 0:00,10,5,5
6/29/2016 1:00,3,1,2
6/29/2016 2:00,1,0,1
6/29/2016 3:00,4,1,3
6/29/2016 4:00,13,12,1
6/29/2016 5:00,46,26,20
6/29/2016 6:00,185,119,66
6/29/2016 7:00,436,300,136
6/29/2016 8:00,584,367,217
6/29/2016 9:00,298,185,113
6/29/2016 10:00,136,79,57
6/29/2016 11:00,80,42,38
6/29/2016 12:00,93,44,49
6/29/2016 13:00,86,43,43
6/29/2016 14:00,94,42,52
6/29/2016 15:00,187,84,103
6/29/2016 16:00,354,105,249
6/29/2016 17:00,724,199,525
6/29/2016 18:00,504,165,339
6/29/2016 19:00,284,136,148
6/29/2016 20:00,160,64,96
6/29/2016 21:00,104,43,61
6/29/2016 22:00,70,36,34
6/29/2016 23:00,28,15,13
6/30/2016 0:00,18,11,7
6/30/2016 1:00,5,1,4
6/30/2016 2:00,2,0,2
6/30/2016 3:00,1,0,1
6/30/2016 4:00,9,6,3
6/30/2016 5:00,59,38,21
6/30/2016 6:00,160,116,44
6/30/2016 7:00,399,264,135
6/30/2016 8:00,565,359,206
6/30/2016 9:00,301,179,122
6/30/2016 10:00,129,64,65
6/30/2016 11:00,71,43,28
6/30/2016 12:00,93,57,36
6/30/2016 13:00,97,58,39
6/30/2016 14:00,137,75,62
6/30/2016 15:00,164,62,102
6/30/2016 16:00,380,117,263
6/30/2016 17:00,671,170,501
6/30/2016 18:00,475,174,301
6/30/2016 19:00,248,102,146
6/30/2016 20:00,156,58,98
6/30/2016 21:00,91,41,50
6/30/2016 22:00,60,27,33
6/30/2016 23:00,23,8,15
7/1/2016 0:00,22,8,14
7/1/2016 1:00,12,8,4
7/1/2016 2:00,5,4,1
7/1/2016 3:00,5,2,3
7/1/2016 4:00,13,8,5
7/1/2016 5:00,42,29,13
7/1/2016 6:00,125,85,40
7/1/2016 7:00,326,222,104
7/1/2016 8:00,436,280,156
7/1/2016 9:00,263,147,116
7/1/2016 10:00,155,76,79
7/1/2016 11:00,109,54,55
7/1/2016 12:00,116,55,61
7/1/2016 13:00,112,54,58
7/1/2016 14:00,144,63,81
7/1/2016 15:00,232,86,146
7/1/2016 16:00,385,119,266
7/1/2016 17:00,492,156,336
7/1/2016 18:00,273,117,156
7/1/2016 19:00,148,63,85
7/1/2016 20:00,114,43,71
7/1/2016 21:00,79,38,41
7/1/2016 22:00,51,29,22
7/1/2016 23:00,39,24,15
7/2/2016 0:00,23,10,13
7/2/2016 1:00,15,7,8
7/2/2016 2:00,5,4,1
7/2/2016 3:00,3,0,3
7/2/2016 4:00,5,3,2
7/2/2016 5:00,11,8,3
7/2/2016 6:00,22,10,12
7/2/2016 7:00,58,32,26
7/2/2016 8:00,76,34,42
7/2/2016 9:00,114,61,53
7/2/2016 10:00,112,71,41
7/2/2016 11:00,182,101,81
7/2/2016 12:00,139,67,72
7/2/2016 13:00,162,88,74
7/2/2016 14:00,159,87,72
7/2/2016 15:00,216,117,99
7/2/2016 16:00,139,76,63
7/2/2016 17:00,165,89,76
7/2/2016 18:00,135,80,55
7/2/2016 19:00,111,60,51
7/2/2016 20:00,68,30,38
7/2/2016 21:00,35,16,19
7/2/2016 22:00,30,13,17
7/2/2016 23:00,29,9,20
7/3/2016 0:00,22,7,15
7/3/2016 1:00,5,1,4
7/3/2016 2:00,8,7,1
7/3/2016 3:00,4,1,3
7/3/2016 4:00,5,0,5
7/3/2016 5:00,10,3,7
7/3/2016 6:00,15,4,11
7/3/2016 7:00,24,11,13
7/3/2016 8:00,58,32,26
7/3/2016 9:00,69,36,33
7/3/2016 10:00,76,35,41
7/3/2016 11:00,149,60,89
7/3/2016 12:00,127,64,63
7/3/2016 13:00,173,87,86
7/3/2016 14:00,169,77,92
7/3/2016 15:00,170,74,96
7/3/2016 16:00,178,86,92
7/3/2016 17:00,158,56,102
7/3/2016 18:00,121,60,61
7/3/2016 19:00,80,45,35
7/3/2016 20:00,51,25,26
7/3/2016 21:00,48,27,21
7/3/2016 22:00,32,15,17
7/3/2016 23:00,29,11,18
7/4/2016 0:00,18,8,10
7/4/2016 1:00,6,3,3
7/4/2016 2:00,3,2,1
7/4/2016 3:00,0,0,0
7/4/2016 4:00,3,0,3
7/4/2016 5:00,9,5,4
7/4/2016 6:00,30,11,19
7/4/2016 7:00,30,12,18
7/4/2016 8:00,59,31,28
7/4/2016 9:00,87,55,32
7/4/2016 10:00,108,58,50
7/4/2016 11:00,143,80,63
7/4/2016 12:00,144,82,62
7/4/2016 13:00,183,67,116
7/4/2016 14:00,165,85,80
7/4/2016 15:00,197,91,106
7/4/2016 16:00,177,93,84
7/4/2016 17:00,142,64,78
7/4/2016 18:00,126,56,70
7/4/2016 19:00,104,59,45
7/4/2016 20:00,110,53,57
7/4/2016 21:00,109,56,53
7/4/2016 22:00,83,39,44
7/4/2016 23:00,172,48,124
7/5/2016 0:00,32,17,15
7/5/2016 1:00,9,4,5
7/5/2016 2:00,5,1,4
7/5/2016 3:00,4,2,2
7/5/2016 4:00,8,7,1
7/5/2016 5:00,37,24,13
7/5/2016 6:00,112,80,32
7/5/2016 7:00,300,200,100
7/5/2016 8:00,459,304,155
7/5/2016 9:00,216,124,92
7/5/2016 10:00,123,60,63
7/5/2016 11:00,58,23,35
7/5/2016 12:00,63,40,23
7/5/2016 13:00,73,46,27
7/5/2016 14:00,92,48,44
7/5/2016 15:00,119,44,75
7/5/2016 16:00,241,76,165
7/5/2016 17:00,475,124,351
7/5/2016 18:00,386,142,244
7/5/2016 19:00,177,65,112
7/5/2016 20:00,112,41,71
7/5/2016 21:00,64,34,30
7/5/2016 22:00,34,11,23
7/5/2016 23:00,22,7,15
7/6/2016 0:00,12,6,6
7/6/2016 1:00,2,0,2
7/6/2016 2:00,4,1,3
7/6/2016 3:00,3,3,0
7/6/2016 4:00,16,14,2
7/6/2016 5:00,51,26,25
7/6/2016 6:00,189,118,71
7/6/2016 7:00,490,324,166
7/6/2016 8:00,589,375,214
7/6/2016 9:00,331,201,130
7/6/2016 10:00,125,65,60
7/6/2016 11:00,135,65,70
7/6/2016 12:00,108,61,47
7/6/2016 13:00,100,68,32
7/6/2016 14:00,120,55,65
7/6/2016 15:00,167,70,97
7/6/2016 16:00,387,153,234
7/6/2016 17:00,778,229,549
7/6/2016 18:00,562,210,352
7/6/2016 19:00,302,114,188
7/6/2016 20:00,173,74,99
7/6/2016 21:00,108,51,57
7/6/2016 22:00,42,19,23
7/6/2016 23:00,22,4,18
7/7/2016 0:00,14,5,9
7/7/2016 1:00,2,1,1
7/7/2016 2:00,2,1,1
7/7/2016 3:00,3,1,2
7/7/2016 4:00,7,3,4
7/7/2016 5:00,52,28,24
7/7/2016 6:00,147,94,53
7/7/2016 7:00,379,257,122
7/7/2016 8:00,467,305,162
7/7/2016 9:00,285,175,110
7/7/2016 10:00,94,51,43
7/7/2016 11:00,76,46,30
7/7/2016 12:00,84,35,49
7/7/2016 13:00,86,35,51
7/7/2016 14:00,113,36,77
7/7/2016 15:00,133,56,77
7/7/2016 16:00,296,93,203
7/7/2016 17:00,521,144,377
7/7/2016 18:00,333,92,241
7/7/2016 19:00,134,38,96
7/7/2016 20:00,86,26,60
7/7/2016 21:00,55,21,34
7/7/2016 22:00,38,12,26
7/7/2016 23:00,19,8,11
7/8/2016 0:00,8,2,6
7/8/2016 1:00,2,0,2
7/8/2016 2:00,3,2,1
7/8/2016 3:00,3,1,2
7/8/2016 4:00,4,2,2
7/8/2016 5:00,20,11,9
7/8/2016 6:00,122,76,46
7/8/2016 7:00,306,211,95
7/8/2016 8:00,392,239,153
7/8/2016 9:00,219,135,84
7/8/2016 10:00,61,32,29
7/8/2016 11:00,76,44,32
7/8/2016 12:00,81,36,45
7/8/2016 13:00,85,47,38
7/8/2016 14:00,115,52,63
7/8/2016 15:00,121,37,84
7/8/2016 16:00,314,102,212
7/8/2016 17:00,512,133,379
7/8/2016 18:00,283,95,188
7/8/2016 19:00,186,68,118
7/8/2016 20:00,123,56,67
7/8/2016 21:00,469,62,407
7/8/2016 22:00,261,172,89
7/8/2016 23:00,208,68,140
7/9/2016 0:00,18,11,7
7/9/2016 1:00,5,2,3
7/9/2016 2:00,6,3,3
7/9/2016 3:00,1,0,1
7/9/2016 4:00,6,1,5
7/9/2016 5:00,5,2,3
7/9/2016 6:00,24,11,13
7/9/2016 7:00,53,31,22
7/9/2016 8:00,101,47,54
7/9/2016 9:00,127,70,57
7/9/2016 10:00,166,93,73
7/9/2016 11:00,192,101,91
7/9/2016 12:00,173,70,103
7/9/2016 13:00,143,84,59
7/9/2016 14:00,192,114,78
7/9/2016 15:00,148,71,77
7/9/2016 16:00,183,83,100
7/9/2016 17:00,132,61,71
7/9/2016 18:00,111,52,59
7/9/2016 19:00,79,43,36
7/9/2016 20:00,55,31,24
7/9/2016 21:00,48,18,30
7/9/2016 22:00,28,13,15
7/9/2016 23:00,33,13,20
7/10/2016 0:00,11,4,7
7/10/2016 1:00,12,4,8
7/10/2016 2:00,7,3,4
7/10/2016 3:00,5,1,4
7/10/2016 4:00,7,2,5
7/10/2016 5:00,6,3,3
7/10/2016 6:00,20,9,11
7/10/2016 7:00,46,27,19
7/10/2016 8:00,62,35,27
7/10/2016 9:00,121,70,51
7/10/2016 10:00,119,65,54
7/10/2016 11:00,207,127,80
7/10/2016 12:00,188,97,91
7/10/2016 13:00,222,121,101
7/10/2016 14:00,233,135,98
7/10/2016 15:00,237,109,128
7/10/2016 16:00,153,66,87
7/10/2016 17:00,170,88,82
7/10/2016 18:00,129,79,50
7/10/2016 19:00,93,52,41
7/10/2016 20:00,64,30,34
7/10/2016 21:00,60,31,29
7/10/2016 22:00,36,20,16
7/10/2016 23:00,21,10,11
7/11/2016 0:00,16,9,7
7/11/2016 1:00,2,2,0
7/11/2016 2:00,3,0,3
7/11/2016 3:00,1,0,1
7/11/2016 4:00,4,3,1
7/11/2016 5:00,41,29,12
7/11/2016 6:00,171,102,69
7/11/2016 7:00,423,279,144
7/11/2016 8:00,551,358,193
7/11/2016 9:00,292,175,117
7/11/2016 10:00,124,64,60
7/11/2016 11:00,71,36,35
7/11/2016 12:00,86,42,44
7/11/2016 13:00,92,45,47
7/11/2016 14:00,105,52,53
7/11/2016 15:00,146,60,86
7/11/2016 16:00,357,119,238
7/11/2016 17:00,653,174,479
7/11/2016 18:00,508,144,364
7/11/2016 19:00,223,91,132
7/11/2016 20:00,144,52,92
7/11/2016 21:00,79,34,45
7/11/2016 22:00,34,15,19
7/11/2016 23:00,19,8,11
7/12/2016 0:00,13,5,8
7/12/2016 1:00,4,2,2
7/12/2016 2:00,8,5,3
7/12/2016 3:00,3,2,1
7/12/2016 4:00,9,5,4
7/12/2016 5:00,42,29,13
7/12/2016 6:00,187,113,74
7/12/2016 7:00,462,304,158
7/12/2016 8:00,533,347,186
7/12/2016 9:00,297,174,123
7/12/2016 10:00,113,60,53
7/12/2016 11:00,96,49,47
7/12/2016 12:00,100,63,37
7/12/2016 13:00,110,64,46
7/12/2016 14:00,110,54,56
7/12/2016 15:00,167,75,92
7/12/2016 16:00,326,112,214
7/12/2016 17:00,677,180,497
7/12/2016 18:00,531,172,359
7/12/2016 19:00,268,118,150
7/12/2016 20:00,178,74,104
7/12/2016 21:00,98,45,53
7/12/2016 22:00,27,10,17
7/12/2016 23:00,25,12,13
7/13/2016 0:00,18,7,11
7/13/2016 1:00,6,4,2
7/13/2016 2:00,3,0,3
7/13/2016 3:00,4,1,3
7/13/2016 4:00,8,6,2
7/13/2016 5:00,63,39,24
7/13/2016 6:00,193,122,71
7/13/2016 7:00,475,321,154
7/13/2016 8:00,626,399,227
7/13/2016 9:00,304,185,119
7/13/2016 10:00,134,75,59
7/13/2016 11:00,89,51,38
7/13/2016 12:00,110,61,49
7/13/2016 13:00,89,42,47
7/13/2016 14:00,120,68,52
7/13/2016 15:00,207,76,131
7/13/2016 16:00,358,133,225
7/13/2016 17:00,787,220,567
7/13/2016 18:00,488,179,309
7/13/2016 19:00,277,115,162
7/13/2016 20:00,141,57,84
7/13/2016 21:00,91,44,47
7/13/2016 22:00,78,26,52
7/13/2016 23:00,27,11,16
7/14/2016 0:00,16,6,10
7/14/2016 1:00,9,5,4
7/14/2016 2:00,6,2,4
7/14/2016 3:00,2,0,2
7/14/2016 4:00,11,8,3
7/14/2016 5:00,54,34,20
7/14/2016 6:00,197,124,73
7/14/2016 7:00,439,288,151
7/14/2016 8:00,598,394,204
7/14/2016 9:00,324,183,141
7/14/2016 10:00,127,71,56
7/14/2016 11:00,104,63,41
7/14/2016 12:00,125,74,51
7/14/2016 13:00,108,61,47
7/14/2016 14:00,137,66,71
7/14/2016 15:00,195,84,111
7/14/2016 16:00,392,132,260
7/14/2016 17:00,704,201,503
7/14/2016 18:00,507,164,343
7/14/2016 19:00,247,94,153
7/14/2016 20:00,164,73,91
7/14/2016 21:00,94,50,44
7/14/2016 22:00,41,20,21
7/14/2016 23:00,20,6,14
7/15/2016 0:00,14,4,10
7/15/2016 1:00,7,3,4
7/15/2016 2:00,9,4,5
7/15/2016 3:00,3,2,1
7/15/2016 4:00,8,4,4
7/15/2016 5:00,35,21,14
7/15/2016 6:00,125,76,49
7/15/2016 7:00,360,240,120
7/15/2016 8:00,482,302,180
7/15/2016 9:00,250,131,119
7/15/2016 10:00,108,54,54
7/15/2016 11:00,105,60,45
7/15/2016 12:00,121,52,69
7/15/2016 13:00,132,53,79
7/15/2016 14:00,139,59,80
7/15/2016 15:00,221,94,127
7/15/2016 16:00,376,123,253
7/15/2016 17:00,544,163,381
7/15/2016 18:00,349,132,217
7/15/2016 19:00,182,75,107
7/15/2016 20:00,109,40,69
7/15/2016 21:00,62,38,24
7/15/2016 22:00,56,25,31
7/15/2016 23:00,39,17,22
7/16/2016 0:00,18,8,10
7/16/2016 1:00,13,7,6
7/16/2016 2:00,6,3,3
7/16/2016 3:00,7,3,4
7/16/2016 4:00,39,10,29
7/16/2016 5:00,49,17,32
7/16/2016 6:00,63,18,45
7/16/2016 7:00,52,23,29
7/16/2016 8:00,82,42,40
7/16/2016 9:00,110,46,64
7/16/2016 10:00,125,63,62
7/16/2016 11:00,143,84,59
7/16/2016 12:00,185,105,80
7/16/2016 13:00,134,63,71
7/16/2016 14:00,158,99,59
7/16/2016 15:00,162,88,74
7/16/2016 16:00,172,100,72
7/16/2016 17:00,171,72,99
7/16/2016 18:00,110,43,67
7/16/2016 19:00,72,35,37
7/16/2016 20:00,82,44,38
7/16/2016 21:00,42,22,20
7/16/2016 22:00,36,17,19
7/16/2016 23:00,38,14,24
7/17/2016 0:00,17,10,7
7/17/2016 1:00,13,3,10
7/17/2016 2:00,4,2,2
7/17/2016 3:00,5,3,2
7/17/2016 4:00,1,0,1
7/17/2016 5:00,9,7,2
7/17/2016 6:00,21,10,11
7/17/2016 7:00,29,11,18
7/17/2016 8:00,73,38,35
7/17/2016 9:00,93,54,39
7/17/2016 10:00,116,55,61
7/17/2016 11:00,177,93,84
7/17/2016 12:00,174,93,81
7/17/2016 13:00,176,97,79
7/17/2016 14:00,211,103,108
7/17/2016 15:00,201,115,86
7/17/2016 16:00,168,75,93
7/17/2016 17:00,150,77,73
7/17/2016 18:00,136,63,73
7/17/2016 19:00,88,37,51
7/17/2016 20:00,81,33,48
7/17/2016 21:00,47,25,22
7/17/2016 22:00,32,15,17
7/17/2016 23:00,15,6,9
7/18/2016 0:00,22,9,13
7/18/2016 1:00,3,0,3
7/18/2016 2:00,4,1,3
7/18/2016 3:00,0,0,0
7/18/2016 4:00,10,7,3
7/18/2016 5:00,52,32,20
7/18/2016 6:00,161,106,55
7/18/2016 7:00,427,292,135
7/18/2016 8:00,523,345,178
7/18/2016 9:00,298,186,112
7/18/2016 10:00,133,66,67
7/18/2016 11:00,92,48,44
7/18/2016 12:00,87,43,44
7/18/2016 13:00,80,51,29
7/18/2016 14:00,87,33,54
7/18/2016 15:00,117,49,68
7/18/2016 16:00,287,80,207
7/18/2016 17:00,634,152,482
7/18/2016 18:00,400,149,251
7/18/2016 19:00,233,79,154
7/18/2016 20:00,113,38,75
7/18/2016 21:00,73,34,39
7/18/2016 22:00,40,16,24
7/18/2016 23:00,21,9,12
7/19/2016 0:00,9,3,6
7/19/2016 1:00,2,0,2
7/19/2016 2:00,5,2,3
7/19/2016 3:00,2,2,0
7/19/2016 4:00,9,7,2
7/19/2016 5:00,52,29,23
7/19/2016 6:00,181,119,62
7/19/2016 7:00,459,317,142
7/19/2016 8:00,612,386,226
7/19/2016 9:00,306,192,114
7/19/2016 10:00,130,70,60
7/19/2016 11:00,85,48,37
7/19/2016 12:00,107,71,36
7/19/2016 13:00,136,85,51
7/19/2016 14:00,114,61,53
7/19/2016 15:00,165,62,103
7/19/2016 16:00,362,116,246
7/19/2016 17:00,719,182,537
7/19/2016 18:00,442,153,289
7/19/2016 19:00,246,96,150
7/19/2016 20:00,155,69,86
7/19/2016 21:00,90,51,39
7/19/2016 22:00,60,32,28
7/19/2016 23:00,30,10,20
7/20/2016 0:00,12,7,5
7/20/2016 1:00,2,1,1
7/20/2016 2:00,5,2,3
7/20/2016 3:00,1,1,0
7/20/2016 4:00,13,9,4
7/20/2016 5:00,51,33,18
7/20/2016 6:00,199,124,75
7/20/2016 7:00,471,306,165
7/20/2016 8:00,615,370,245
7/20/2016 9:00,315,199,116
7/20/2016 10:00,123,75,48
7/20/2016 11:00,115,64,51
7/20/2016 12:00,97,44,53
7/20/2016 13:00,107,56,51
7/20/2016 14:00,129,64,65
7/20/2016 15:00,176,89,87
7/20/2016 16:00,354,111,243
7/20/2016 17:00,760,207,553
7/20/2016 18:00,489,176,313
7/20/2016 19:00,246,108,138
7/20/2016 20:00,207,90,117
7/20/2016 21:00,95,57,38
7/20/2016 22:00,34,17,17
7/20/2016 23:00,32,10,22
7/21/2016 0:00,13,6,7
7/21/2016 1:00,9,5,4
7/21/2016 2:00,10,4,6
7/21/2016 3:00,7,1,6
7/21/2016 4:00,9,6,3
7/21/2016 5:00,42,25,17
7/21/2016 6:00,175,114,61
7/21/2016 7:00,448,294,154
7/21/2016 8:00,578,376,202
7/21/2016 9:00,302,190,112
7/21/2016 10:00,145,86,59
7/21/2016 11:00,113,58,55
7/21/2016 12:00,116,55,61
7/21/2016 13:00,129,67,62
7/21/2016 14:00,128,55,73
7/21/2016 15:00,196,78,118
7/21/2016 16:00,370,132,238
7/21/2016 17:00,695,194,501
7/21/2016 18:00,491,163,328
7/21/2016 19:00,259,88,171
7/21/2016 20:00,137,46,91
7/21/2016 21:00,89,35,54
7/21/2016 22:00,49,22,27
7/21/2016 23:00,41,20,21
7/22/2016 0:00,25,14,11
7/22/2016 1:00,8,4,4
7/22/2016 2:00,4,3,1
7/22/2016 3:00,6,4,2
7/22/2016 4:00,8,5,3
7/22/2016 5:00,27,16,11
7/22/2016 6:00,85,60,25
7/22/2016 7:00,143,98,45
7/22/2016 8:00,217,143,74
7/22/2016 9:00,148,78,70
7/22/2016 10:00,64,36,28
7/22/2016 11:00,41,21,20
7/22/2016 12:00,54,24,30
7/22/2016 13:00,86,50,36
7/22/2016 14:00,86,42,44
7/22/2016 15:00,115,43,72
7/22/2016 16:00,198,58,140
7/22/2016 17:00,271,77,194
7/22/2016 18:00,231,87,144
7/22/2016 19:00,112,44,68
7/22/2016 20:00,58,29,29
7/22/2016 21:00,36,18,18
7/22/2016 22:00,28,9,19
7/22/2016 23:00,27,12,15
7/23/2016 0:00,16,6,10
7/23/2016 1:00,11,6,5
7/23/2016 2:00,9,5,4
7/23/2016 3:00,4,3,1
7/23/2016 4:00,3,1,2
7/23/2016 5:00,13,6,7
7/23/2016 6:00,25,14,11
7/23/2016 7:00,53,25,28
7/23/2016 8:00,67,30,37
7/23/2016 9:00,110,66,44
7/23/2016 10:00,116,61,55
7/23/2016 11:00,136,66,70
7/23/2016 12:00,152,76,76
7/23/2016 13:00,172,84,88
7/23/2016 14:00,193,105,88
7/23/2016 15:00,172,93,79
7/23/2016 16:00,179,93,86
7/23/2016 17:00,151,72,79
7/23/2016 18:00,192,100,92
7/23/2016 19:00,99,47,52
7/23/2016 20:00,68,30,38
7/23/2016 21:00,62,35,27
7/23/2016 22:00,48,23,25
7/23/2016 23:00,56,20,36
7/24/2016 0:00,22,14,8
7/24/2016 1:00,18,11,7
7/24/2016 2:00,10,4,6
7/24/2016 3:00,6,3,3
7/24/2016 4:00,2,1,1
7/24/2016 5:00,9,4,5
7/24/2016 6:00,16,7,9
7/24/2016 7:00,39,26,13
7/24/2016 8:00,59,32,27
7/24/2016 9:00,101,59,42
7/24/2016 10:00,134,78,56
7/24/2016 11:00,214,113,101
7/24/2016 12:00,182,95,87
7/24/2016 13:00,207,104,103
7/24/2016 14:00,210,124,86
7/24/2016 15:00,198,108,90
7/24/2016 16:00,171,73,98
7/24/2016 17:00,176,89,87
7/24/2016 18:00,123,61,62
7/24/2016 19:00,104,47,57
7/24/2016 20:00,66,34,32
7/24/2016 21:00,47,24,23
7/24/2016 22:00,36,18,18
7/24/2016 23:00,20,7,13
7/25/2016 0:00,15,4,11
7/25/2016 1:00,5,2,3
7/25/2016 2:00,1,1,0
7/25/2016 3:00,7,2,5
7/25/2016 4:00,10,6,4
7/25/2016 5:00,46,33,13
7/25/2016 6:00,161,100,61
7/25/2016 7:00,459,301,158
7/25/2016 8:00,579,366,213
7/25/2016 9:00,342,191,151
7/25/2016 10:00,106,65,41
7/25/2016 11:00,92,49,43
7/25/2016 12:00,99,52,47
7/25/2016 13:00,99,58,41
7/25/2016 14:00,93,50,43
7/25/2016 15:00,149,48,101
7/25/2016 16:00,354,116,238
7/25/2016 17:00,719,188,531
7/25/2016 18:00,483,162,321
7/25/2016 19:00,264,96,168
7/25/2016 20:00,145,70,75
7/25/2016 21:00,91,51,40
7/25/2016 22:00,40,16,24
7/25/2016 23:00,16,6,10
7/26/2016 0:00,9,3,6
7/26/2016 1:00,6,2,4
7/26/2016 2:00,5,1,4
7/26/2016 3:00,5,3,2
7/26/2016 4:00,16,10,6
7/26/2016 5:00,50,31,19
7/26/2016 6:00,185,122,63
7/26/2016 7:00,486,332,154
7/26/2016 8:00,584,353,231
7/26/2016 9:00,336,196,140
7/26/2016 10:00,122,73,49
7/26/2016 11:00,90,50,40
7/26/2016 12:00,104,51,53
7/26/2016 13:00,111,59,52
7/26/2016 14:00,119,49,70
7/26/2016 15:00,213,93,120
7/26/2016 16:00,366,124,242
7/26/2016 17:00,780,219,561
7/26/2016 18:00,474,163,311
7/26/2016 19:00,312,124,188
7/26/2016 20:00,193,92,101
7/26/2016 21:00,107,52,55
7/26/2016 22:00,47,24,23
7/26/2016 23:00,24,13,11
7/27/2016 0:00,13,6,7
7/27/2016 1:00,6,1,5
7/27/2016 2:00,7,0,7
7/27/2016 3:00,2,2,0
7/27/2016 4:00,11,8,3
7/27/2016 5:00,56,35,21
7/27/2016 6:00,197,130,67
7/27/2016 7:00,505,328,177
7/27/2016 8:00,549,336,213
7/27/2016 9:00,332,191,141
7/27/2016 10:00,125,76,49
7/27/2016 11:00,94,46,48
7/27/2016 12:00,118,52,66
7/27/2016 13:00,95,48,47
7/27/2016 14:00,119,45,74
7/27/2016 15:00,181,71,110
7/27/2016 16:00,415,151,264
7/27/2016 17:00,783,215,568
7/27/2016 18:00,510,178,332
7/27/2016 19:00,296,120,176
7/27/2016 20:00,174,91,83
7/27/2016 21:00,103,30,73
7/27/2016 22:00,72,34,38
7/27/2016 23:00,31,14,17
7/28/2016 0:00,17,6,11
7/28/2016 1:00,7,2,5
7/28/2016 2:00,3,1,2
7/28/2016 3:00,2,0,2
7/28/2016 4:00,9,7,2
7/28/2016 5:00,47,28,19
7/28/2016 6:00,172,115,57
7/28/2016 7:00,455,310,145
7/28/2016 8:00,570,364,206
7/28/2016 9:00,314,186,128
7/28/2016 10:00,138,85,53
7/28/2016 11:00,111,57,54
7/28/2016 12:00,105,67,38
7/28/2016 13:00,120,55,65
7/28/2016 14:00,108,61,47
7/28/2016 15:00,182,59,123
7/28/2016 16:00,318,104,214
7/28/2016 17:00,714,215,499
7/28/2016 18:00,485,166,319
7/28/2016 19:00,231,84,147
7/28/2016 20:00,175,63,112
7/28/2016 21:00,112,60,52
7/28/2016 22:00,58,27,31
7/28/2016 23:00,30,15,15
7/29/2016 0:00,12,2,10
7/29/2016 1:00,13,6,7
7/29/2016 2:00,6,3,3
7/29/2016 3:00,5,3,2
7/29/2016 4:00,9,4,5
7/29/2016 5:00,39,25,14
7/29/2016 6:00,139,93,46
7/29/2016 7:00,371,254,117
7/29/2016 8:00,477,295,182
7/29/2016 9:00,307,186,121
7/29/2016 10:00,134,71,63
7/29/2016 11:00,115,59,56
7/29/2016 12:00,128,62,66
7/29/2016 13:00,98,56,42
7/29/2016 14:00,134,53,81
7/29/2016 15:00,215,83,132
7/29/2016 16:00,349,119,230
7/29/2016 17:00,535,146,389
7/29/2016 18:00,345,121,224
7/29/2016 19:00,182,58,124
7/29/2016 20:00,150,60,90
7/29/2016 21:00,66,28,38
7/29/2016 22:00,56,28,28
7/29/2016 23:00,53,33,20
7/30/2016 0:00,44,18,26
7/30/2016 1:00,15,9,6
7/30/2016 2:00,7,6,1
7/30/2016 3:00,4,1,3
7/30/2016 4:00,6,2,4
7/30/2016 5:00,11,6,5
7/30/2016 6:00,22,14,8
7/30/2016 7:00,58,27,31
7/30/2016 8:00,92,55,37
7/30/2016 9:00,127,72,55
7/30/2016 10:00,124,58,66
7/30/2016 11:00,134,75,59
7/30/2016 12:00,161,79,82
7/30/2016 13:00,200,100,100
7/30/2016 14:00,166,80,86
7/30/2016 15:00,194,96,98
7/30/2016 16:00,172,102,70
7/30/2016 17:00,185,84,101
7/30/2016 18:00,118,60,58
7/30/2016 19:00,97,32,65
7/30/2016 20:00,70,37,33
7/30/2016 21:00,50,19,31
7/30/2016 22:00,31,15,16
7/30/2016 23:00,43,12,31
7/31/2016 0:00,25,12,13
7/31/2016 1:00,13,2,11
7/31/2016 2:00,8,1,7
7/31/2016 3:00,4,0,4
7/31/2016 4:00,5,2,3
7/31/2016 5:00,6,2,4
7/31/2016 6:00,25,14,11
7/31/2016 7:00,32,17,15
7/31/2016 8:00,71,38,33
7/31/2016 9:00,104,59,45
7/31/2016 10:00,135,68,67
7/31/2016 11:00,166,87,79
7/31/2016 12:00,198,116,82
7/31/2016 13:00,142,66,76
7/31/2016 14:00,190,99,91
7/31/2016 15:00,217,122,95
7/31/2016 16:00,215,114,101
7/31/2016 17:00,169,84,85
7/31/2016 18:00,129,66,63
7/31/2016 19:00,95,49,46
7/31/2016 20:00,73,31,42
7/31/2016 21:00,44,23,21
7/31/2016 22:00,25,14,11
7/31/2016 23:00,14,8,6
8/1/2016 0:00,11,3,8
8/1/2016 1:00,10,3,7
8/1/2016 2:00,6,2,4
8/1/2016 3:00,3,2,1
8/1/2016 4:00,10,4,6
8/1/2016 5:00,52,32,20
8/1/2016 6:00,178,121,57
8/1/2016 7:00,394,274,120
8/1/2016 8:00,609,382,227
8/1/2016 9:00,325,197,128
8/1/2016 10:00,100,51,49
8/1/2016 11:00,74,46,28
8/1/2016 12:00,82,41,41
8/1/2016 13:00,93,49,44
8/1/2016 14:00,119,61,58
8/1/2016 15:00,168,70,98
8/1/2016 16:00,323,102,221
8/1/2016 17:00,635,173,462
8/1/2016 18:00,558,185,373
8/1/2016 19:00,228,99,129
8/1/2016 20:00,133,56,77
8/1/2016 21:00,76,27,49
8/1/2016 22:00,43,8,35
8/1/2016 23:00,19,11,8
8/2/2016 0:00,7,1,6
8/2/2016 1:00,5,3,2
8/2/2016 2:00,1,0,1
8/2/2016 3:00,1,0,1
8/2/2016 4:00,10,6,4
8/2/2016 5:00,39,24,15
8/2/2016 6:00,153,97,56
8/2/2016 7:00,333,235,98
8/2/2016 8:00,512,320,192
8/2/2016 9:00,248,151,97
8/2/2016 10:00,98,59,39
8/2/2016 11:00,61,40,21
8/2/2016 12:00,79,47,32
8/2/2016 13:00,72,38,34
8/2/2016 14:00,84,36,48
8/2/2016 15:00,135,57,78
8/2/2016 16:00,303,93,210
8/2/2016 17:00,573,167,406
8/2/2016 18:00,416,144,272
8/2/2016 19:00,191,63,128
8/2/2016 20:00,93,49,44
8/2/2016 21:00,76,50,26
8/2/2016 22:00,42,13,29
8/2/2016 23:00,25,12,13
8/3/2016 0:00,11,3,8
8/3/2016 1:00,6,2,4
8/3/2016 2:00,2,0,2
8/3/2016 3:00,1,0,1
8/3/2016 4:00,13,9,4
8/3/2016 5:00,46,32,14
8/3/2016 6:00,179,108,71
8/3/2016 7:00,399,275,124
8/3/2016 8:00,605,389,216
8/3/2016 9:00,323,195,128
8/3/2016 10:00,133,77,56
8/3/2016 11:00,92,50,42
8/3/2016 12:00,97,49,48
8/3/2016 13:00,98,58,40
8/3/2016 14:00,114,47,67
8/3/2016 15:00,161,68,93
8/3/2016 16:00,396,109,287
8/3/2016 17:00,705,198,507
8/3/2016 18:00,546,206,340
8/3/2016 19:00,260,94,166
8/3/2016 20:00,167,56,111
8/3/2016 21:00,96,49,47
8/3/2016 22:00,52,27,25
8/3/2016 23:00,19,7,12
8/4/2016 0:00,20,9,11
8/4/2016 1:00,3,0,3
8/4/2016 2:00,2,0,2
8/4/2016 3:00,5,3,2
8/4/2016 4:00,7,2,5
8/4/2016 5:00,49,29,20
8/4/2016 6:00,174,115,59
8/4/2016 7:00,432,292,140
8/4/2016 8:00,575,378,197
8/4/2016 9:00,324,176,148
8/4/2016 10:00,143,80,63
8/4/2016 11:00,106,53,53
8/4/2016 12:00,120,65,55
8/4/2016 13:00,113,68,45
8/4/2016 14:00,112,48,64
8/4/2016 15:00,152,62,90
8/4/2016 16:00,416,149,267
8/4/2016 17:00,661,194,467
8/4/2016 18:00,512,172,340
8/4/2016 19:00,245,92,153
8/4/2016 20:00,169,61,108
8/4/2016 21:00,86,43,43
8/4/2016 22:00,64,33,31
8/4/2016 23:00,33,12,21
8/5/2016 0:00,26,10,16
8/5/2016 1:00,8,3,5
8/5/2016 2:00,6,0,6
8/5/2016 3:00,7,1,6
8/5/2016 4:00,11,5,6
8/5/2016 5:00,45,34,11
8/5/2016 6:00,138,98,40
8/5/2016 7:00,348,242,106
8/5/2016 8:00,466,287,179
8/5/2016 9:00,278,150,128
8/5/2016 10:00,137,79,58
8/5/2016 11:00,113,63,50
8/5/2016 12:00,118,69,49
8/5/2016 13:00,103,49,54
8/5/2016 14:00,115,54,61
8/5/2016 15:00,200,78,122
8/5/2016 16:00,374,122,252
8/5/2016 17:00,562,182,380
8/5/2016 18:00,349,113,236
8/5/2016 19:00,177,82,95
8/5/2016 20:00,130,46,84
8/5/2016 21:00,73,32,41
8/5/2016 22:00,42,13,29
8/5/2016 23:00,29,10,19
8/6/2016 0:00,23,9,14
8/6/2016 1:00,16,6,10
8/6/2016 2:00,8,3,5
8/6/2016 3:00,7,3,4
8/6/2016 4:00,8,5,3
8/6/2016 5:00,10,4,6
8/6/2016 6:00,27,12,15
8/6/2016 7:00,56,32,24
8/6/2016 8:00,85,47,38
8/6/2016 9:00,106,49,57
8/6/2016 10:00,120,60,60
8/6/2016 11:00,151,73,78
8/6/2016 12:00,130,67,63
8/6/2016 13:00,138,67,71
8/6/2016 14:00,127,59,68
8/6/2016 15:00,159,77,82
8/6/2016 16:00,182,84,98
8/6/2016 17:00,198,100,98
8/6/2016 18:00,138,77,61
8/6/2016 19:00,111,49,62
8/6/2016 20:00,79,36,43
8/6/2016 21:00,32,12,20
8/6/2016 22:00,28,8,20
8/6/2016 23:00,39,12,27
8/7/2016 0:00,34,8,26
8/7/2016 1:00,25,8,17
8/7/2016 2:00,16,3,13
8/7/2016 3:00,5,1,4
8/7/2016 4:00,1,0,1
8/7/2016 5:00,8,2,6
8/7/2016 6:00,16,11,5
8/7/2016 7:00,39,21,18
8/7/2016 8:00,68,45,23
8/7/2016 9:00,98,58,40
8/7/2016 10:00,120,65,55
8/7/2016 11:00,140,81,59
8/7/2016 12:00,108,48,60
8/7/2016 13:00,180,93,87
8/7/2016 14:00,134,70,64
8/7/2016 15:00,155,76,79
8/7/2016 16:00,121,65,56
8/7/2016 17:00,95,46,49
8/7/2016 18:00,102,50,52
8/7/2016 19:00,67,34,33
8/7/2016 20:00,36,21,15
8/7/2016 21:00,11,4,7
8/7/2016 22:00,14,3,11
8/7/2016 23:00,11,4,7
8/8/2016 0:00,10,2,8
8/8/2016 1:00,5,1,4
8/8/2016 2:00,4,1,3
8/8/2016 3:00,2,2,0
8/8/2016 4:00,12,5,7
8/8/2016 5:00,29,22,7
8/8/2016 6:00,116,78,38
8/8/2016 7:00,358,243,115
8/8/2016 8:00,449,277,172
8/8/2016 9:00,271,149,122
8/8/2016 10:00,101,55,46
8/8/2016 11:00,82,35,47
8/8/2016 12:00,79,44,35
8/8/2016 13:00,82,41,41
8/8/2016 14:00,93,43,50
8/8/2016 15:00,112,38,74
8/8/2016 16:00,295,79,216
8/8/2016 17:00,588,164,424
8/8/2016 18:00,415,129,286
8/8/2016 19:00,208,74,134
8/8/2016 20:00,101,43,58
8/8/2016 21:00,48,23,25
8/8/2016 22:00,33,15,18
8/8/2016 23:00,20,7,13
8/9/2016 0:00,19,6,13
8/9/2016 1:00,10,6,4
8/9/2016 2:00,1,0,1
8/9/2016 3:00,1,1,0
8/9/2016 4:00,9,5,4
8/9/2016 5:00,42,30,12
8/9/2016 6:00,168,104,64
8/9/2016 7:00,392,258,134
8/9/2016 8:00,583,351,232
8/9/2016 9:00,299,185,114
8/9/2016 10:00,118,66,52
8/9/2016 11:00,78,47,31
8/9/2016 12:00,97,45,52
8/9/2016 13:00,83,48,35
8/9/2016 14:00,86,45,41
8/9/2016 15:00,197,79,118
8/9/2016 16:00,365,118,247
8/9/2016 17:00,678,172,506
8/9/2016 18:00,471,183,288
8/9/2016 19:00,200,83,117
8/9/2016 20:00,122,49,73
8/9/2016 21:00,66,34,32
8/9/2016 22:00,46,24,22
8/9/2016 23:00,30,8,22
8/10/2016 0:00,11,4,7
8/10/2016 1:00,5,2,3
8/10/2016 2:00,2,0,2
8/10/2016 3:00,0,0,0
8/10/2016 4:00,12,8,4
8/10/2016 5:00,43,28,15
8/10/2016 6:00,170,114,56
8/10/2016 7:00,429,272,157
8/10/2016 8:00,595,368,227
8/10/2016 9:00,336,204,132
8/10/2016 10:00,119,67,52
8/10/2016 11:00,105,51,54
8/10/2016 12:00,97,48,49
8/10/2016 13:00,109,54,55
8/10/2016 14:00,128,63,65
8/10/2016 15:00,180,69,111
8/10/2016 16:00,331,105,226
8/10/2016 17:00,767,217,550
8/10/2016 18:00,488,181,307
8/10/2016 19:00,255,111,144
8/10/2016 20:00,151,50,101
8/10/2016 21:00,88,37,51
8/10/2016 22:00,53,20,33
8/10/2016 23:00,36,7,29
8/11/2016 0:00,19,8,11
8/11/2016 1:00,8,4,4
8/11/2016 2:00,4,0,4
8/11/2016 3:00,1,1,0
8/11/2016 4:00,16,10,6
8/11/2016 5:00,51,33,18
8/11/2016 6:00,176,111,65
8/11/2016 7:00,417,275,142
8/11/2016 8:00,615,368,247
8/11/2016 9:00,328,197,131
8/11/2016 10:00,121,60,61
8/11/2016 11:00,98,61,37
8/11/2016 12:00,115,57,58
8/11/2016 13:00,110,52,58
8/11/2016 14:00,128,59,69
8/11/2016 15:00,169,62,107
8/11/2016 16:00,360,129,231
8/11/2016 17:00,744,194,550
8/11/2016 18:00,492,182,310
8/11/2016 19:00,233,100,133
8/11/2016 20:00,172,81,91
8/11/2016 21:00,107,49,58
8/11/2016 22:00,59,24,35
8/11/2016 23:00,26,9,17
8/12/2016 0:00,7,2,5
8/12/2016 1:00,11,4,7
8/12/2016 2:00,5,3,2
8/12/2016 3:00,2,1,1
8/12/2016 4:00,11,5,6
8/12/2016 5:00,37,20,17
8/12/2016 6:00,154,88,66
8/12/2016 7:00,337,218,119
8/12/2016 8:00,492,302,190
8/12/2016 9:00,265,144,121
8/12/2016 10:00,135,72,63
8/12/2016 11:00,106,46,60
8/12/2016 12:00,136,58,78
8/12/2016 13:00,105,58,47
8/12/2016 14:00,130,54,76
8/12/2016 15:00,214,87,127
8/12/2016 16:00,342,101,241
8/12/2016 17:00,550,151,399
8/12/2016 18:00,336,120,216
8/12/2016 19:00,178,59,119
8/12/2016 20:00,136,48,88
8/12/2016 21:00,85,42,43
8/12/2016 22:00,47,25,22
8/12/2016 23:00,52,14,38
8/13/2016 0:00,16,6,10
8/13/2016 1:00,14,5,9
8/13/2016 2:00,11,3,8
8/13/2016 3:00,1,1,0
8/13/2016 4:00,4,0,4
8/13/2016 5:00,15,5,10
8/13/2016 6:00,43,23,20
8/13/2016 7:00,45,25,20
8/13/2016 8:00,91,52,39
8/13/2016 9:00,127,76,51
8/13/2016 10:00,150,90,60
8/13/2016 11:00,164,79,85
8/13/2016 12:00,152,71,81
8/13/2016 13:00,139,68,71
8/13/2016 14:00,132,60,72
8/13/2016 15:00,153,76,77
8/13/2016 16:00,117,47,70
8/13/2016 17:00,142,75,67
8/13/2016 18:00,112,59,53
8/13/2016 19:00,82,40,42
8/13/2016 20:00,87,39,48
8/13/2016 21:00,48,32,16
8/13/2016 22:00,20,5,15
8/13/2016 23:00,26,10,16
8/14/2016 0:00,23,6,17
8/14/2016 1:00,18,3,15
8/14/2016 2:00,5,0,5
8/14/2016 3:00,5,3,2
8/14/2016 4:00,2,1,1
8/14/2016 5:00,4,0,4
8/14/2016 6:00,30,16,14
8/14/2016 7:00,63,39,24
8/14/2016 8:00,105,60,45
8/14/2016 9:00,127,65,62
8/14/2016 10:00,156,76,80
8/14/2016 11:00,268,105,163
8/14/2016 12:00,328,104,224
8/14/2016 13:00,246,97,149
8/14/2016 14:00,283,122,161
8/14/2016 15:00,243,111,132
8/14/2016 16:00,175,86,89
8/14/2016 17:00,131,62,69
8/14/2016 18:00,141,74,67
8/14/2016 19:00,83,52,31
8/14/2016 20:00,77,38,39
8/14/2016 21:00,46,22,24
8/14/2016 22:00,28,17,11
8/14/2016 23:00,15,4,11
8/15/2016 0:00,7,2,5
8/15/2016 1:00,4,1,3
8/15/2016 2:00,5,1,4
8/15/2016 3:00,2,1,1
8/15/2016 4:00,12,6,6
8/15/2016 5:00,42,29,13
8/15/2016 6:00,147,93,54
8/15/2016 7:00,445,297,148
8/15/2016 8:00,607,373,234
8/15/2016 9:00,323,178,145
8/15/2016 10:00,118,61,57
8/15/2016 11:00,83,35,48
8/15/2016 12:00,91,44,47
8/15/2016 13:00,108,56,52
8/15/2016 14:00,95,57,38
8/15/2016 15:00,154,70,84
8/15/2016 16:00,371,127,244
8/15/2016 17:00,704,179,525
8/15/2016 18:00,461,160,301
8/15/2016 19:00,282,105,177
8/15/2016 20:00,156,62,94
8/15/2016 21:00,81,34,47
8/15/2016 22:00,34,13,21
8/15/2016 23:00,34,12,22
8/16/2016 0:00,11,2,9
8/16/2016 1:00,8,4,4
8/16/2016 2:00,4,0,4
8/16/2016 3:00,3,2,1
8/16/2016 4:00,9,6,3
8/16/2016 5:00,48,31,17
8/16/2016 6:00,185,111,74
8/16/2016 7:00,456,326,130
8/16/2016 8:00,669,414,255
8/16/2016 9:00,326,183,143
8/16/2016 10:00,121,65,56
8/16/2016 11:00,113,56,57
8/16/2016 12:00,90,46,44
8/16/2016 13:00,120,64,56
8/16/2016 14:00,127,58,69
8/16/2016 15:00,168,73,95
8/16/2016 16:00,360,103,257
8/16/2016 17:00,762,206,556
8/16/2016 18:00,514,186,328
8/16/2016 19:00,285,104,181
8/16/2016 20:00,140,51,89
8/16/2016 21:00,81,44,37
8/16/2016 22:00,49,20,29
8/16/2016 23:00,21,7,14
8/17/2016 0:00,15,6,9
8/17/2016 1:00,3,1,2
8/17/2016 2:00,6,2,4
8/17/2016 3:00,6,4,2
8/17/2016 4:00,11,7,4
8/17/2016 5:00,47,32,15
8/17/2016 6:00,196,124,72
8/17/2016 7:00,438,291,147
8/17/2016 8:00,659,423,236
8/17/2016 9:00,328,178,150
8/17/2016 10:00,135,64,71
8/17/2016 11:00,110,50,60
8/17/2016 12:00,97,46,51
8/17/2016 13:00,106,54,52
8/17/2016 14:00,111,53,58
8/17/2016 15:00,176,73,103
8/17/2016 16:00,359,97,262
8/17/2016 17:00,785,221,564
8/17/2016 18:00,465,162,303
8/17/2016 19:00,249,90,159
8/17/2016 20:00,148,59,89
8/17/2016 21:00,84,34,50
8/17/2016 22:00,47,14,33
8/17/2016 23:00,30,11,19
8/18/2016 0:00,14,2,12
8/18/2016 1:00,12,3,9
8/18/2016 2:00,3,2,1
8/18/2016 3:00,3,1,2
8/18/2016 4:00,15,8,7
8/18/2016 5:00,53,37,16
8/18/2016 6:00,158,100,58
8/18/2016 7:00,430,269,161
8/18/2016 8:00,575,365,210
8/18/2016 9:00,315,178,137
8/18/2016 10:00,141,77,64
8/18/2016 11:00,111,56,55
8/18/2016 12:00,107,55,52
8/18/2016 13:00,115,62,53
8/18/2016 14:00,140,65,75
8/18/2016 15:00,177,70,107
8/18/2016 16:00,362,107,255
8/18/2016 17:00,684,196,488
8/18/2016 18:00,467,180,287
8/18/2016 19:00,248,106,142
8/18/2016 20:00,133,54,79
8/18/2016 21:00,84,37,47
8/18/2016 22:00,61,17,44
8/18/2016 23:00,33,18,15
8/19/2016 0:00,20,8,12
8/19/2016 1:00,8,3,5
8/19/2016 2:00,1,1,0
8/19/2016 3:00,5,2,3
8/19/2016 4:00,15,7,8
8/19/2016 5:00,38,26,12
8/19/2016 6:00,134,85,49
8/19/2016 7:00,330,226,104
8/19/2016 8:00,518,309,209
8/19/2016 9:00,239,124,115
8/19/2016 10:00,130,67,63
8/19/2016 11:00,110,61,49
8/19/2016 12:00,100,38,62
8/19/2016 13:00,102,45,57
8/19/2016 14:00,107,43,64
8/19/2016 15:00,186,67,119
8/19/2016 16:00,340,103,237
8/19/2016 17:00,547,155,392
8/19/2016 18:00,325,103,222
8/19/2016 19:00,181,60,121
8/19/2016 20:00,108,39,69
8/19/2016 21:00,72,28,44
8/19/2016 22:00,60,23,37
8/19/2016 23:00,48,13,35
8/20/2016 0:00,25,14,11
8/20/2016 1:00,15,9,6
8/20/2016 2:00,12,4,8
8/20/2016 3:00,10,3,7
8/20/2016 4:00,2,0,2
8/20/2016 5:00,8,3,5
8/20/2016 6:00,26,13,13
8/20/2016 7:00,60,28,32
8/20/2016 8:00,111,59,52
8/20/2016 9:00,132,71,61
8/20/2016 10:00,207,143,64
8/20/2016 11:00,119,55,64
8/20/2016 12:00,160,85,75
8/20/2016 13:00,164,65,99
8/20/2016 14:00,171,80,91
8/20/2016 15:00,144,75,69
8/20/2016 16:00,117,46,71
8/20/2016 17:00,119,54,65
8/20/2016 18:00,108,42,66
8/20/2016 19:00,70,30,40
8/20/2016 20:00,82,26,56
8/20/2016 21:00,35,20,15
8/20/2016 22:00,35,10,25
8/20/2016 23:00,19,7,12
8/21/2016 0:00,19,7,12
8/21/2016 1:00,11,2,9
8/21/2016 2:00,11,4,7
8/21/2016 3:00,0,0,0
8/21/2016 4:00,2,0,2
8/21/2016 5:00,9,6,3
8/21/2016 6:00,18,9,9
8/21/2016 7:00,39,22,17
8/21/2016 8:00,61,29,32
8/21/2016 9:00,87,45,42
8/21/2016 10:00,95,56,39
8/21/2016 11:00,137,73,64
8/21/2016 12:00,160,90,70
8/21/2016 13:00,138,66,72
8/21/2016 14:00,142,74,68
8/21/2016 15:00,175,91,84
8/21/2016 16:00,156,78,78
8/21/2016 17:00,134,74,60
8/21/2016 18:00,126,53,73
8/21/2016 19:00,70,32,38
8/21/2016 20:00,50,35,15
8/21/2016 21:00,58,16,42
8/21/2016 22:00,30,6,24
8/21/2016 23:00,16,6,10
8/22/2016 0:00,8,3,5
8/22/2016 1:00,7,2,5
8/22/2016 2:00,2,1,1
8/22/2016 3:00,2,0,2
8/22/2016 4:00,8,5,3
8/22/2016 5:00,39,29,10
8/22/2016 6:00,153,91,62
8/22/2016 7:00,415,270,145
8/22/2016 8:00,604,378,226
8/22/2016 9:00,330,202,128
8/22/2016 10:00,122,66,56
8/22/2016 11:00,78,35,43
8/22/2016 12:00,84,44,40
8/22/2016 13:00,91,48,43
8/22/2016 14:00,93,45,48
8/22/2016 15:00,144,50,94
8/22/2016 16:00,368,107,261
8/22/2016 17:00,713,176,537
8/22/2016 18:00,511,143,368
8/22/2016 19:00,250,89,161
8/22/2016 20:00,136,61,75
8/22/2016 21:00,69,28,41
8/22/2016 22:00,41,15,26
8/22/2016 23:00,24,12,12
8/23/2016 0:00,9,3,6
8/23/2016 1:00,5,4,1
8/23/2016 2:00,7,2,5
8/23/2016 3:00,3,2,1
8/23/2016 4:00,10,6,4
8/23/2016 5:00,49,35,14
8/23/2016 6:00,188,111,77
8/23/2016 7:00,456,295,161
8/23/2016 8:00,667,401,266
8/23/2016 9:00,306,181,125
8/23/2016 10:00,133,69,64
8/23/2016 11:00,91,41,50
8/23/2016 12:00,120,44,76
8/23/2016 13:00,117,54,63
8/23/2016 14:00,119,54,65
8/23/2016 15:00,162,72,90
8/23/2016 16:00,398,124,274
8/23/2016 17:00,753,212,541
8/23/2016 18:00,528,195,333
8/23/2016 19:00,258,97,161
8/23/2016 20:00,140,58,82
8/23/2016 21:00,84,32,52
8/23/2016 22:00,46,20,26
8/23/2016 23:00,36,13,23
8/24/2016 0:00,16,5,11
8/24/2016 1:00,9,4,5
8/24/2016 2:00,2,0,2
8/24/2016 3:00,5,2,3
8/24/2016 4:00,13,7,6
8/24/2016 5:00,48,29,19
8/24/2016 6:00,201,108,93
8/24/2016 7:00,462,309,153
8/24/2016 8:00,633,398,235
8/24/2016 9:00,299,162,137
8/24/2016 10:00,160,84,76
8/24/2016 11:00,105,55,50
8/24/2016 12:00,99,55,44
8/24/2016 13:00,100,54,46
8/24/2016 14:00,101,40,61
8/24/2016 15:00,171,65,106
8/24/2016 16:00,358,102,256
8/24/2016 17:00,753,194,559
8/24/2016 18:00,502,156,346
8/24/2016 19:00,289,110,179
8/24/2016 20:00,144,57,87
8/24/2016 21:00,79,35,44
8/24/2016 22:00,45,16,29
8/24/2016 23:00,29,14,15
8/25/2016 0:00,20,9,11
8/25/2016 1:00,7,3,4
8/25/2016 2:00,4,1,3
8/25/2016 3:00,4,4,0
8/25/2016 4:00,8,3,5
8/25/2016 5:00,42,29,13
8/25/2016 6:00,170,110,60
8/25/2016 7:00,434,287,147
8/25/2016 8:00,576,353,223
8/25/2016 9:00,324,185,139
8/25/2016 10:00,145,82,63
8/25/2016 11:00,111,55,56
8/25/2016 12:00,117,53,64
8/25/2016 13:00,103,51,52
8/25/2016 14:00,116,50,66
8/25/2016 15:00,175,82,93
8/25/2016 16:00,329,90,239
8/25/2016 17:00,666,179,487
8/25/2016 18:00,462,153,309
8/25/2016 19:00,231,80,151
8/25/2016 20:00,151,75,76
8/25/2016 21:00,85,32,53
8/25/2016 22:00,61,30,31
8/25/2016 23:00,41,15,26
8/26/2016 0:00,22,11,11
8/26/2016 1:00,7,4,3
8/26/2016 2:00,9,6,3
8/26/2016 3:00,4,3,1
8/26/2016 4:00,12,7,5
8/26/2016 5:00,33,18,15
8/26/2016 6:00,125,73,52
8/26/2016 7:00,359,221,138
8/26/2016 8:00,489,299,190
8/26/2016 9:00,258,150,108
8/26/2016 10:00,137,76,61
8/26/2016 11:00,112,53,59
8/26/2016 12:00,110,46,64
8/26/2016 13:00,130,59,71
8/26/2016 14:00,137,62,75
8/26/2016 15:00,184,90,94
8/26/2016 16:00,347,101,246
8/26/2016 17:00,569,166,403
8/26/2016 18:00,349,126,223
8/26/2016 19:00,192,81,111
8/26/2016 20:00,140,57,83
8/26/2016 21:00,90,32,58
8/26/2016 22:00,51,17,34
8/26/2016 23:00,30,8,22
8/27/2016 0:00,21,9,12
8/27/2016 1:00,13,7,6
8/27/2016 2:00,8,4,4
8/27/2016 3:00,6,1,5
8/27/2016 4:00,2,1,1
8/27/2016 5:00,12,9,3
8/27/2016 6:00,23,10,13
8/27/2016 7:00,51,25,26
8/27/2016 8:00,70,46,24
8/27/2016 9:00,116,65,51
8/27/2016 10:00,128,57,71
8/27/2016 11:00,120,56,64
8/27/2016 12:00,158,96,62
8/27/2016 13:00,151,87,64
8/27/2016 14:00,122,52,70
8/27/2016 15:00,154,88,66
8/27/2016 16:00,140,56,84
8/27/2016 17:00,129,50,79
8/27/2016 18:00,116,51,65
8/27/2016 19:00,66,29,37
8/27/2016 20:00,53,27,26
8/27/2016 21:00,22,10,12
8/27/2016 22:00,28,13,15
8/27/2016 23:00,24,8,16
8/28/2016 0:00,15,7,8
8/28/2016 1:00,7,4,3
8/28/2016 2:00,4,2,2
8/28/2016 3:00,2,1,1
8/28/2016 4:00,5,1,4
8/28/2016 5:00,5,5,0
8/28/2016 6:00,12,4,8
8/28/2016 7:00,34,13,21
8/28/2016 8:00,81,44,37
8/28/2016 9:00,86,49,37
8/28/2016 10:00,106,59,47
8/28/2016 11:00,133,68,65
8/28/2016 12:00,118,53,65
8/28/2016 13:00,153,77,76
8/28/2016 14:00,155,85,70
8/28/2016 15:00,122,69,53
8/28/2016 16:00,141,76,65
8/28/2016 17:00,95,44,51
8/28/2016 18:00,74,39,35
8/28/2016 19:00,64,25,39
8/28/2016 20:00,56,16,40
8/28/2016 21:00,26,12,14
8/28/2016 22:00,29,17,12
8/28/2016 23:00,12,5,7
8/29/2016 0:00,8,5,3
8/29/2016 1:00,3,0,3
8/29/2016 2:00,2,1,1
8/29/2016 3:00,4,3,1
8/29/2016 4:00,11,9,2
8/29/2016 5:00,39,20,19
8/29/2016 6:00,163,99,64
8/29/2016 7:00,412,280,132
8/29/2016 8:00,535,328,207
8/29/2016 9:00,316,186,130
8/29/2016 10:00,127,72,55
8/29/2016 11:00,102,54,48
8/29/2016 12:00,93,52,41
8/29/2016 13:00,95,49,46
8/29/2016 14:00,135,64,71
8/29/2016 15:00,172,78,94
8/29/2016 16:00,341,111,230
8/29/2016 17:00,748,205,543
8/29/2016 18:00,507,164,343
8/29/2016 19:00,259,105,154
8/29/2016 20:00,134,61,73
8/29/2016 21:00,54,16,38
8/29/2016 22:00,40,15,25
8/29/2016 23:00,23,8,15
8/30/2016 0:00,12,4,8
8/30/2016 1:00,4,2,2
8/30/2016 2:00,0,0,0
8/30/2016 3:00,1,1,0
8/30/2016 4:00,16,7,9
8/30/2016 5:00,53,31,22
8/30/2016 6:00,152,96,56
8/30/2016 7:00,496,323,173
8/30/2016 8:00,593,383,210
8/30/2016 9:00,325,202,123
8/30/2016 10:00,134,62,72
8/30/2016 11:00,90,50,40
8/30/2016 12:00,81,40,41
8/30/2016 13:00,101,44,57
8/30/2016 14:00,96,35,61
8/30/2016 15:00,170,78,92
8/30/2016 16:00,369,94,275
8/30/2016 17:00,758,209,549
8/30/2016 18:00,443,161,282
8/30/2016 19:00,237,88,149
8/30/2016 20:00,121,53,68
8/30/2016 21:00,64,27,37
8/30/2016 22:00,46,15,31
8/30/2016 23:00,30,12,18
8/31/2016 0:00,12,5,7
8/31/2016 1:00,7,4,3
8/31/2016 2:00,1,1,0
8/31/2016 3:00,2,0,2
8/31/2016 4:00,17,12,5
8/31/2016 5:00,45,27,18
8/31/2016 6:00,165,99,66
8/31/2016 7:00,391,268,123
8/31/2016 8:00,491,311,180
8/31/2016 9:00,301,149,152
8/31/2016 10:00,119,70,49
8/31/2016 11:00,62,36,26
8/31/2016 12:00,54,18,36
8/31/2016 13:00,60,27,33
8/31/2016 14:00,72,30,42
8/31/2016 15:00,101,38,63
8/31/2016 16:00,299,98,201
8/31/2016 17:00,566,142,424
8/31/2016 18:00,430,127,303
8/31/2016 19:00,208,78,130
8/31/2016 20:00,78,31,47
8/31/2016 21:00,71,29,42
8/31/2016 22:00,37,14,23
8/31/2016 23:00,17,11,6
9/1/2016 0:00,16,5,11
9/1/2016 1:00,4,2,2
9/1/2016 2:00,6,2,4
9/1/2016 3:00,1,0,1
9/1/2016 4:00,9,5,4
9/1/2016 5:00,39,26,13
9/1/2016 6:00,143,90,53
9/1/2016 7:00,341,222,119
9/1/2016 8:00,481,304,177
9/1/2016 9:00,247,141,106
9/1/2016 10:00,99,55,44
9/1/2016 11:00,84,36,48
9/1/2016 12:00,84,43,41
9/1/2016 13:00,77,27,50
9/1/2016 14:00,89,36,53
9/1/2016 15:00,124,32,92
9/1/2016 16:00,290,78,212
9/1/2016 17:00,528,128,400
9/1/2016 18:00,369,125,244
9/1/2016 19:00,139,32,107
9/1/2016 20:00,90,37,53
9/1/2016 21:00,37,15,22
9/1/2016 22:00,30,16,14
9/1/2016 23:00,13,5,8
9/2/2016 0:00,13,3,10
9/2/2016 1:00,4,1,3
9/2/2016 2:00,3,1,2
9/2/2016 3:00,1,0,1
9/2/2016 4:00,12,6,6
9/2/2016 5:00,31,16,15
9/2/2016 6:00,87,59,28
9/2/2016 7:00,233,150,83
9/2/2016 8:00,308,197,111
9/2/2016 9:00,136,70,66
9/2/2016 10:00,34,19,15
9/2/2016 11:00,43,24,19
9/2/2016 12:00,43,19,24
9/2/2016 13:00,53,21,32
9/2/2016 14:00,101,46,55
9/2/2016 15:00,118,48,70
9/2/2016 16:00,217,61,156
9/2/2016 17:00,314,81,233
9/2/2016 18:00,168,49,119
9/2/2016 19:00,84,26,58
9/2/2016 20:00,38,19,19
9/2/2016 21:00,22,6,16
9/2/2016 22:00,32,17,15
9/2/2016 23:00,25,10,15
9/3/2016 0:00,17,8,9
9/3/2016 1:00,7,3,4
9/3/2016 2:00,3,3,0
9/3/2016 3:00,0,0,0
9/3/2016 4:00,0,0,0
9/3/2016 5:00,13,7,6
9/3/2016 6:00,18,10,8
9/3/2016 7:00,29,19,10
9/3/2016 8:00,49,23,26
9/3/2016 9:00,59,46,13
9/3/2016 10:00,53,21,32
9/3/2016 11:00,65,23,42
9/3/2016 12:00,59,39,20
9/3/2016 13:00,84,44,40
9/3/2016 14:00,103,63,40
9/3/2016 15:00,120,52,68
9/3/2016 16:00,164,86,78
9/3/2016 17:00,154,92,62
9/3/2016 18:00,142,77,65
9/3/2016 19:00,75,43,32
9/3/2016 20:00,58,21,37
9/3/2016 21:00,26,12,14
9/3/2016 22:00,24,9,15
9/3/2016 23:00,36,13,23
9/4/2016 0:00,13,4,9
9/4/2016 1:00,6,2,4
9/4/2016 2:00,5,0,5
9/4/2016 3:00,4,3,1
9/4/2016 4:00,4,2,2
9/4/2016 5:00,7,5,2
9/4/2016 6:00,18,11,7
9/4/2016 7:00,19,13,6
9/4/2016 8:00,37,20,17
9/4/2016 9:00,79,41,38
9/4/2016 10:00,91,56,35
9/4/2016 11:00,126,71,55
9/4/2016 12:00,129,69,60
9/4/2016 13:00,182,99,83
9/4/2016 14:00,192,117,75
9/4/2016 15:00,181,84,97
9/4/2016 16:00,201,118,83
9/4/2016 17:00,149,85,64
9/4/2016 18:00,101,61,40
9/4/2016 19:00,98,56,42
9/4/2016 20:00,41,15,26
9/4/2016 21:00,42,14,28
9/4/2016 22:00,34,13,21
9/4/2016 23:00,25,8,17
9/5/2016 0:00,20,9,11
9/5/2016 1:00,3,0,3
9/5/2016 2:00,2,0,2
9/5/2016 3:00,4,0,4
9/5/2016 4:00,8,3,5
9/5/2016 5:00,11,10,1
9/5/2016 6:00,12,5,7
9/5/2016 7:00,33,13,20
9/5/2016 8:00,55,37,18
9/5/2016 9:00,91,50,41
9/5/2016 10:00,94,58,36
9/5/2016 11:00,119,64,55
9/5/2016 12:00,140,86,54
9/5/2016 13:00,138,60,78
9/5/2016 14:00,151,86,65
9/5/2016 15:00,165,89,76
9/5/2016 16:00,145,65,80
9/5/2016 17:00,118,58,60
9/5/2016 18:00,71,38,33
9/5/2016 19:00,55,27,28
9/5/2016 20:00,41,17,24
9/5/2016 21:00,18,5,13
9/5/2016 22:00,17,5,12
9/5/2016 23:00,5,3,2
9/6/2016 0:00,5,2,3
9/6/2016 1:00,8,4,4
9/6/2016 2:00,2,2,0
9/6/2016 3:00,1,1,0
9/6/2016 4:00,3,1,2
9/6/2016 5:00,34,18,16
9/6/2016 6:00,88,50,38
9/6/2016 7:00,272,190,82
9/6/2016 8:00,431,269,162
9/6/2016 9:00,205,120,85
9/6/2016 10:00,109,55,54
9/6/2016 11:00,72,34,38
9/6/2016 12:00,63,31,32
9/6/2016 13:00,55,30,25
9/6/2016 14:00,61,34,27
9/6/2016 15:00,109,50,59
9/6/2016 16:00,264,81,183
9/6/2016 17:00,487,121,366
9/6/2016 18:00,278,103,175
9/6/2016 19:00,175,59,116
9/6/2016 20:00,103,51,52
9/6/2016 21:00,37,21,16
9/6/2016 22:00,20,5,15
9/6/2016 23:00,13,8,5
9/7/2016 0:00,10,5,5
9/7/2016 1:00,3,1,2
9/7/2016 2:00,1,0,1
9/7/2016 3:00,2,2,0
9/7/2016 4:00,7,4,3
9/7/2016 5:00,38,23,15
9/7/2016 6:00,144,87,57
9/7/2016 7:00,337,220,117
9/7/2016 8:00,511,317,194
9/7/2016 9:00,262,170,92
9/7/2016 10:00,94,48,46
9/7/2016 11:00,76,47,29
9/7/2016 12:00,60,31,29
9/7/2016 13:00,70,37,33
9/7/2016 14:00,75,33,42
9/7/2016 15:00,130,49,81
9/7/2016 16:00,245,70,175
9/7/2016 17:00,524,134,390
9/7/2016 18:00,374,123,251
9/7/2016 19:00,160,45,115
9/7/2016 20:00,76,28,48
9/7/2016 21:00,45,19,26
9/7/2016 22:00,37,11,26
9/7/2016 23:00,18,5,13
9/8/2016 0:00,9,2,7
9/8/2016 1:00,3,1,2
9/8/2016 2:00,4,1,3
9/8/2016 3:00,4,4,0
9/8/2016 4:00,13,8,5
9/8/2016 5:00,38,22,16
9/8/2016 6:00,160,105,55
9/8/2016 7:00,357,242,115
9/8/2016 8:00,482,296,186
9/8/2016 9:00,279,159,120
9/8/2016 10:00,102,55,47
9/8/2016 11:00,81,47,34
9/8/2016 12:00,82,44,38
9/8/2016 13:00,87,44,43
9/8/2016 14:00,81,36,45
9/8/2016 15:00,128,50,78
9/8/2016 16:00,327,107,220
9/8/2016 17:00,623,170,453
9/8/2016 18:00,443,151,292
9/8/2016 19:00,193,76,117
9/8/2016 20:00,107,38,69
9/8/2016 21:00,50,24,26
9/8/2016 22:00,36,11,25
9/8/2016 23:00,21,7,14
9/9/2016 0:00,16,4,12
9/9/2016 1:00,5,3,2
9/9/2016 2:00,3,1,2
9/9/2016 3:00,4,3,1
9/9/2016 4:00,11,7,4
9/9/2016 5:00,32,21,11
9/9/2016 6:00,132,92,40
9/9/2016 7:00,374,237,137
9/9/2016 8:00,515,307,208
9/9/2016 9:00,268,159,109
9/9/2016 10:00,128,56,72
9/9/2016 11:00,99,46,53
9/9/2016 12:00,100,57,43
9/9/2016 13:00,114,67,47
9/9/2016 14:00,173,76,97
9/9/2016 15:00,196,86,110
9/9/2016 16:00,367,123,244
9/9/2016 17:00,625,174,451
9/9/2016 18:00,314,106,208
9/9/2016 19:00,202,70,132
9/9/2016 20:00,111,49,62
9/9/2016 21:00,71,29,42
9/9/2016 22:00,53,19,34
9/9/2016 23:00,25,10,15
9/10/2016 0:00,26,12,14
9/10/2016 1:00,10,5,5
9/10/2016 2:00,13,6,7
9/10/2016 3:00,4,0,4
9/10/2016 4:00,6,2,4
9/10/2016 5:00,8,4,4
9/10/2016 6:00,14,11,3
9/10/2016 7:00,58,30,28
9/10/2016 8:00,85,44,41
9/10/2016 9:00,120,67,53
9/10/2016 10:00,132,65,67
9/10/2016 11:00,175,100,75
9/10/2016 12:00,155,80,75
9/10/2016 13:00,219,93,126
9/10/2016 14:00,173,103,70
9/10/2016 15:00,220,108,112
9/10/2016 16:00,200,99,101
9/10/2016 17:00,191,94,97
9/10/2016 18:00,155,61,94
9/10/2016 19:00,76,40,36
9/10/2016 20:00,56,22,34
9/10/2016 21:00,39,20,19
9/10/2016 22:00,32,21,11
9/10/2016 23:00,30,10,20
9/11/2016 0:00,17,5,12
9/11/2016 1:00,11,5,6
9/11/2016 2:00,8,6,2
9/11/2016 3:00,2,0,2
9/11/2016 4:00,3,2,1
9/11/2016 5:00,4,3,1
9/11/2016 6:00,12,4,8
9/11/2016 7:00,37,26,11
9/11/2016 8:00,63,25,38
9/11/2016 9:00,86,39,47
9/11/2016 10:00,98,47,51
9/11/2016 11:00,123,54,69
9/11/2016 12:00,140,77,63
9/11/2016 13:00,149,80,69
9/11/2016 14:00,170,80,90
9/11/2016 15:00,166,66,100
9/11/2016 16:00,162,80,82
9/11/2016 17:00,138,58,80
9/11/2016 18:00,119,71,48
9/11/2016 19:00,72,38,34
9/11/2016 20:00,32,17,15
9/11/2016 21:00,38,13,25
9/11/2016 22:00,22,10,12
9/11/2016 23:00,15,6,9
9/12/2016 0:00,12,3,9
9/12/2016 1:00,5,2,3
9/12/2016 2:00,1,0,1
9/12/2016 3:00,2,1,1
9/12/2016 4:00,8,5,3
9/12/2016 5:00,49,33,16
9/12/2016 6:00,150,94,56
9/12/2016 7:00,430,282,148
9/12/2016 8:00,624,383,241
9/12/2016 9:00,293,155,138
9/12/2016 10:00,118,55,63
9/12/2016 11:00,94,45,49
9/12/2016 12:00,91,48,43
9/12/2016 13:00,106,50,56
9/12/2016 14:00,115,45,70
9/12/2016 15:00,170,68,102
9/12/2016 16:00,325,109,216
9/12/2016 17:00,740,200,540
9/12/2016 18:00,443,173,270
9/12/2016 19:00,239,81,158
9/12/2016 20:00,110,40,70
9/12/2016 21:00,62,27,35
9/12/2016 22:00,37,14,23
9/12/2016 23:00,19,5,14
9/13/2016 0:00,11,4,7
9/13/2016 1:00,4,2,2
9/13/2016 2:00,3,1,2
9/13/2016 3:00,3,1,2
9/13/2016 4:00,8,7,1
9/13/2016 5:00,52,29,23
9/13/2016 6:00,190,118,72
9/13/2016 7:00,468,303,165
9/13/2016 8:00,620,395,225
9/13/2016 9:00,300,159,141
9/13/2016 10:00,116,56,60
9/13/2016 11:00,98,45,53
9/13/2016 12:00,105,55,50
9/13/2016 13:00,112,56,56
9/13/2016 14:00,103,53,50
9/13/2016 15:00,181,76,105
9/13/2016 16:00,381,122,259
9/13/2016 17:00,796,209,587
9/13/2016 18:00,506,172,334
9/13/2016 19:00,238,78,160
9/13/2016 20:00,118,41,77
9/13/2016 21:00,73,25,48
9/13/2016 22:00,48,15,33
9/13/2016 23:00,27,8,19
9/14/2016 0:00,17,8,9
9/14/2016 1:00,5,2,3
9/14/2016 2:00,4,0,4
9/14/2016 3:00,1,1,0
9/14/2016 4:00,9,5,4
9/14/2016 5:00,39,23,16
9/14/2016 6:00,164,106,58
9/14/2016 7:00,456,291,165
9/14/2016 8:00,618,369,249
9/14/2016 9:00,321,177,144
9/14/2016 10:00,141,83,58
9/14/2016 11:00,108,52,56
9/14/2016 12:00,83,45,38
9/14/2016 13:00,92,43,49
9/14/2016 14:00,111,47,64
9/14/2016 15:00,177,86,91
9/14/2016 16:00,351,120,231
9/14/2016 17:00,783,194,589
9/14/2016 18:00,512,174,338
9/14/2016 19:00,244,99,145
9/14/2016 20:00,97,36,61
9/14/2016 21:00,82,27,55
9/14/2016 22:00,56,29,27
9/14/2016 23:00,25,7,18
9/15/2016 0:00,10,5,5
9/15/2016 1:00,6,4,2
9/15/2016 2:00,6,1,5
9/15/2016 3:00,2,2,0
9/15/2016 4:00,4,1,3
9/15/2016 5:00,47,29,18
9/15/2016 6:00,164,110,54
9/15/2016 7:00,407,266,141
9/15/2016 8:00,536,316,220
9/15/2016 9:00,291,154,137
9/15/2016 10:00,139,65,74
9/15/2016 11:00,73,35,38
9/15/2016 12:00,103,52,51
9/15/2016 13:00,116,54,62
9/15/2016 14:00,112,49,63
9/15/2016 15:00,182,69,113
9/15/2016 16:00,354,121,233
9/15/2016 17:00,695,195,500
9/15/2016 18:00,485,149,336
9/15/2016 19:00,232,82,150
9/15/2016 20:00,108,48,60
9/15/2016 21:00,65,25,40
9/15/2016 22:00,49,18,31
9/15/2016 23:00,31,13,18
9/16/2016 0:00,18,5,13
9/16/2016 1:00,4,2,2
9/16/2016 2:00,3,0,3
9/16/2016 3:00,4,0,4
9/16/2016 4:00,10,5,5
9/16/2016 5:00,39,24,15
9/16/2016 6:00,145,96,49
9/16/2016 7:00,387,278,109
9/16/2016 8:00,506,305,201
9/16/2016 9:00,248,132,116
9/16/2016 10:00,125,70,55
9/16/2016 11:00,108,50,58
9/16/2016 12:00,112,56,56
9/16/2016 13:00,116,52,64
9/16/2016 14:00,130,63,67
9/16/2016 15:00,189,74,115
9/16/2016 16:00,362,92,270
9/16/2016 17:00,602,164,438
9/16/2016 18:00,325,105,220
9/16/2016 19:00,136,51,85
9/16/2016 20:00,62,22,40
9/16/2016 21:00,41,15,26
9/16/2016 22:00,32,10,22
9/16/2016 23:00,28,12,16
9/17/2016 0:00,21,5,16
9/17/2016 1:00,5,2,3
9/17/2016 2:00,7,5,2
9/17/2016 3:00,3,0,3
9/17/2016 4:00,0,0,0
9/17/2016 5:00,6,1,5
9/17/2016 6:00,15,8,7
9/17/2016 7:00,15,9,6
9/17/2016 8:00,38,20,18
9/17/2016 9:00,46,26,20
9/17/2016 10:00,38,22,16
9/17/2016 11:00,63,27,36
9/17/2016 12:00,54,23,31
9/17/2016 13:00,56,29,27
9/17/2016 14:00,70,36,34
9/17/2016 15:00,72,38,34
9/17/2016 16:00,124,65,59
9/17/2016 17:00,82,35,47
9/17/2016 18:00,50,24,26
9/17/2016 19:00,43,19,24
9/17/2016 20:00,29,14,15
9/17/2016 21:00,30,15,15
9/17/2016 22:00,30,20,10
9/17/2016 23:00,24,16,8
9/18/2016 0:00,15,12,3
9/18/2016 1:00,7,4,3
9/18/2016 2:00,6,5,1
9/18/2016 3:00,1,0,1
9/18/2016 4:00,1,1,0
9/18/2016 5:00,3,2,1
9/18/2016 6:00,14,4,10
9/18/2016 7:00,30,20,10
9/18/2016 8:00,46,21,25
9/18/2016 9:00,81,34,47
9/18/2016 10:00,97,45,52
9/18/2016 11:00,136,75,61
9/18/2016 12:00,181,65,116
9/18/2016 13:00,164,84,80
9/18/2016 14:00,171,86,85
9/18/2016 15:00,157,70,87
9/18/2016 16:00,142,79,63
9/18/2016 17:00,148,93,55
9/18/2016 18:00,123,67,56
9/18/2016 19:00,64,32,32
9/18/2016 20:00,44,22,22
9/18/2016 21:00,25,14,11
9/18/2016 22:00,25,10,15
9/18/2016 23:00,12,5,7
9/19/2016 0:00,7,4,3
9/19/2016 1:00,4,2,2
9/19/2016 2:00,2,1,1
9/19/2016 3:00,4,1,3
9/19/2016 4:00,5,2,3
9/19/2016 5:00,34,22,12
9/19/2016 6:00,115,74,41
9/19/2016 7:00,238,152,86
9/19/2016 8:00,438,260,178
9/19/2016 9:00,236,136,100
9/19/2016 10:00,90,46,44
9/19/2016 11:00,67,31,36
9/19/2016 12:00,64,34,30
9/19/2016 13:00,93,60,33
9/19/2016 14:00,76,29,47
9/19/2016 15:00,125,55,70
9/19/2016 16:00,245,79,166
9/19/2016 17:00,527,155,372
9/19/2016 18:00,344,134,210
9/19/2016 19:00,167,68,99
9/19/2016 20:00,91,45,46
9/19/2016 21:00,50,15,35
9/19/2016 22:00,35,13,22
9/19/2016 23:00,16,5,11
9/20/2016 0:00,10,3,7
9/20/2016 1:00,5,3,2
9/20/2016 2:00,4,1,3
9/20/2016 3:00,3,2,1
9/20/2016 4:00,5,4,1
9/20/2016 5:00,43,24,19
9/20/2016 6:00,159,96,63
9/20/2016 7:00,459,302,157
9/20/2016 8:00,568,349,219
9/20/2016 9:00,284,160,124
9/20/2016 10:00,122,57,65
9/20/2016 11:00,95,52,43
9/20/2016 12:00,89,46,43
9/20/2016 13:00,102,57,45
9/20/2016 14:00,130,72,58
9/20/2016 15:00,186,78,108
9/20/2016 16:00,349,130,219
9/20/2016 17:00,731,172,559
9/20/2016 18:00,506,141,365
9/20/2016 19:00,224,62,162
9/20/2016 20:00,113,45,68
9/20/2016 21:00,52,20,32
9/20/2016 22:00,17,7,10
9/20/2016 23:00,23,10,13
9/21/2016 0:00,15,5,10
9/21/2016 1:00,3,3,0
9/21/2016 2:00,3,0,3
9/21/2016 3:00,3,3,0
9/21/2016 4:00,10,5,5
9/21/2016 5:00,40,22,18
9/21/2016 6:00,169,111,58
9/21/2016 7:00,427,271,156
9/21/2016 8:00,568,334,234
9/21/2016 9:00,274,138,136
9/21/2016 10:00,124,67,57
9/21/2016 11:00,79,47,32
9/21/2016 12:00,76,43,33
9/21/2016 13:00,98,43,55
9/21/2016 14:00,91,42,49
9/21/2016 15:00,172,66,106
9/21/2016 16:00,349,124,225
9/21/2016 17:00,709,177,532
9/21/2016 18:00,415,148,267
9/21/2016 19:00,247,93,154
9/21/2016 20:00,81,35,46
9/21/2016 21:00,65,19,46
9/21/2016 22:00,49,18,31
9/21/2016 23:00,22,6,16
9/22/2016 0:00,7,3,4
9/22/2016 1:00,7,0,7
9/22/2016 2:00,2,1,1
9/22/2016 3:00,6,4,2
9/22/2016 4:00,11,8,3
9/22/2016 5:00,37,23,14
9/22/2016 6:00,150,95,55
9/22/2016 7:00,422,257,165
9/22/2016 8:00,609,360,249
9/22/2016 9:00,295,156,139
9/22/2016 10:00,135,72,63
9/22/2016 11:00,93,45,48
9/22/2016 12:00,108,55,53
9/22/2016 13:00,118,62,56
9/22/2016 14:00,115,53,62
9/22/2016 15:00,164,63,101
9/22/2016 16:00,384,125,259
9/22/2016 17:00,699,206,493
9/22/2016 18:00,455,144,311
9/22/2016 19:00,222,79,143
9/22/2016 20:00,100,34,66
9/22/2016 21:00,66,32,34
9/22/2016 22:00,57,22,35
9/22/2016 23:00,30,18,12
9/23/2016 0:00,16,7,9
9/23/2016 1:00,9,5,4
9/23/2016 2:00,3,1,2
9/23/2016 3:00,3,2,1
9/23/2016 4:00,9,5,4
9/23/2016 5:00,41,28,13
9/23/2016 6:00,84,47,37
9/23/2016 7:00,276,175,101
9/23/2016 8:00,402,249,153
9/23/2016 9:00,210,111,99
9/23/2016 10:00,87,45,42
9/23/2016 11:00,71,41,30
9/23/2016 12:00,62,21,41
9/23/2016 13:00,45,21,24
9/23/2016 14:00,65,25,40
9/23/2016 15:00,114,35,79
9/23/2016 16:00,251,96,155
9/23/2016 17:00,414,108,306
9/23/2016 18:00,260,69,191
9/23/2016 19:00,125,45,80
9/23/2016 20:00,48,16,32
9/23/2016 21:00,39,17,22
9/23/2016 22:00,63,23,40
9/23/2016 23:00,22,8,14
9/24/2016 0:00,14,7,7
9/24/2016 1:00,13,7,6
9/24/2016 2:00,10,3,7
9/24/2016 3:00,8,8,0
9/24/2016 4:00,1,0,1
9/24/2016 5:00,10,3,7
9/24/2016 6:00,17,12,5
9/24/2016 7:00,31,15,16
9/24/2016 8:00,70,47,23
9/24/2016 9:00,81,49,32
9/24/2016 10:00,114,72,42
9/24/2016 11:00,125,80,45
9/24/2016 12:00,172,95,77
9/24/2016 13:00,149,81,68
9/24/2016 14:00,161,80,81
9/24/2016 15:00,161,70,91
9/24/2016 16:00,172,86,86
9/24/2016 17:00,144,71,73
9/24/2016 18:00,81,33,48
9/24/2016 19:00,59,24,35
9/24/2016 20:00,30,20,10
9/24/2016 21:00,31,18,13
9/24/2016 22:00,19,9,10
9/24/2016 23:00,37,25,12
9/25/2016 0:00,16,8,8
9/25/2016 1:00,12,7,5
9/25/2016 2:00,5,4,1
9/25/2016 3:00,1,0,1
9/25/2016 4:00,1,1,0
9/25/2016 5:00,3,1,2
9/25/2016 6:00,10,5,5
9/25/2016 7:00,34,21,13
9/25/2016 8:00,58,32,26
9/25/2016 9:00,81,34,47
9/25/2016 10:00,107,49,58
9/25/2016 11:00,123,62,61
9/25/2016 12:00,139,59,80
9/25/2016 13:00,147,68,79
9/25/2016 14:00,154,72,82
9/25/2016 15:00,179,83,96
9/25/2016 16:00,169,82,87
9/25/2016 17:00,158,90,68
9/25/2016 18:00,118,61,57
9/25/2016 19:00,61,34,27
9/25/2016 20:00,34,13,21
9/25/2016 21:00,35,18,17
9/25/2016 22:00,19,2,17
9/25/2016 23:00,9,2,7
9/26/2016 0:00,6,1,5
9/26/2016 1:00,1,0,1
9/26/2016 2:00,1,0,1
9/26/2016 3:00,0,0,0
9/26/2016 4:00,8,4,4
9/26/2016 5:00,33,23,10
9/26/2016 6:00,173,112,61
9/26/2016 7:00,423,290,133
9/26/2016 8:00,615,381,234
9/26/2016 9:00,305,159,146
9/26/2016 10:00,121,69,52
9/26/2016 11:00,93,48,45
9/26/2016 12:00,119,58,61
9/26/2016 13:00,113,68,45
9/26/2016 14:00,136,55,81
9/26/2016 15:00,197,79,118
9/26/2016 16:00,424,159,265
9/26/2016 17:00,868,220,648
9/26/2016 18:00,388,139,249
9/26/2016 19:00,139,47,92
9/26/2016 20:00,114,44,70
9/26/2016 21:00,66,26,40
9/26/2016 22:00,27,8,19
9/26/2016 23:00,12,8,4
9/27/2016 0:00,8,3,5
9/27/2016 1:00,9,4,5
9/27/2016 2:00,3,2,1
9/27/2016 3:00,1,0,1
9/27/2016 4:00,4,3,1
9/27/2016 5:00,45,30,15
9/27/2016 6:00,170,108,62
9/27/2016 7:00,441,298,143
9/27/2016 8:00,604,373,231
9/27/2016 9:00,265,138,127
9/27/2016 10:00,114,54,60
9/27/2016 11:00,96,55,41
9/27/2016 12:00,63,30,33
9/27/2016 13:00,101,57,44
9/27/2016 14:00,129,53,76
9/27/2016 15:00,158,64,94
9/27/2016 16:00,368,127,241
9/27/2016 17:00,735,191,544
9/27/2016 18:00,463,138,325
9/27/2016 19:00,205,69,136
9/27/2016 20:00,89,37,52
9/27/2016 21:00,56,26,30
9/27/2016 22:00,32,12,20
9/27/2016 23:00,23,15,8
9/28/2016 0:00,11,3,8
9/28/2016 1:00,9,7,2
9/28/2016 2:00,2,1,1
9/28/2016 3:00,4,2,2
9/28/2016 4:00,10,5,5
9/28/2016 5:00,41,26,15
9/28/2016 6:00,151,92,59
9/28/2016 7:00,429,279,150
9/28/2016 8:00,591,349,242
9/28/2016 9:00,298,154,144
9/28/2016 10:00,140,80,60
9/28/2016 11:00,107,71,36
9/28/2016 12:00,87,35,52
9/28/2016 13:00,104,53,51
9/28/2016 14:00,140,60,80
9/28/2016 15:00,165,78,87
9/28/2016 16:00,385,120,265
9/28/2016 17:00,651,196,455
9/28/2016 18:00,534,174,360
9/28/2016 19:00,179,72,107
9/28/2016 20:00,113,40,73
9/28/2016 21:00,72,25,47
9/28/2016 22:00,64,20,44
9/28/2016 23:00,26,10,16
9/29/2016 0:00,14,10,4
9/29/2016 1:00,5,2,3
9/29/2016 2:00,1,1,0
9/29/2016 3:00,3,2,1
9/29/2016 4:00,11,9,2
9/29/2016 5:00,38,23,15
9/29/2016 6:00,154,93,61
9/29/2016 7:00,386,257,129
9/29/2016 8:00,566,338,228
9/29/2016 9:00,311,172,139
9/29/2016 10:00,119,58,61
9/29/2016 11:00,88,47,41
9/29/2016 12:00,113,46,67
9/29/2016 13:00,109,55,54
9/29/2016 14:00,107,44,63
9/29/2016 15:00,169,65,104
9/29/2016 16:00,339,117,222
9/29/2016 17:00,651,151,500
9/29/2016 18:00,448,157,291
9/29/2016 19:00,161,53,108
9/29/2016 20:00,80,27,53
9/29/2016 21:00,63,27,36
9/29/2016 22:00,39,16,23
9/29/2016 23:00,18,6,12
9/30/2016 0:00,15,8,7
9/30/2016 1:00,7,4,3
9/30/2016 2:00,4,1,3
9/30/2016 3:00,4,3,1
9/30/2016 4:00,8,5,3
9/30/2016 5:00,42,24,18
9/30/2016 6:00,115,69,46
9/30/2016 7:00,327,207,120
9/30/2016 8:00,485,300,185
9/30/2016 9:00,286,173,113
9/30/2016 10:00,137,81,56
9/30/2016 11:00,82,36,46
9/30/2016 12:00,97,44,53
9/30/2016 13:00,117,49,68
9/30/2016 14:00,136,66,70
9/30/2016 15:00,233,91,142
9/30/2016 16:00,398,122,276
9/30/2016 17:00,531,166,365
9/30/2016 18:00,334,125,209
9/30/2016 19:00,141,48,93
9/30/2016 20:00,71,24,47
9/30/2016 21:00,70,39,31
9/30/2016 22:00,69,29,40
9/30/2016 23:00,36,11,25
10/1/2016 0:00,25,11,14
10/1/2016 1:00,7,5,2
10/1/2016 2:00,7,3,4
10/1/2016 3:00,5,1,4
10/1/2016 4:00,2,1,1
10/1/2016 5:00,7,5,2
10/1/2016 6:00,23,14,9
10/1/2016 7:00,32,23,9
10/1/2016 8:00,62,42,20
10/1/2016 9:00,88,40,48
10/1/2016 10:00,99,60,39
10/1/2016 11:00,92,42,50
10/1/2016 12:00,107,59,48
10/1/2016 13:00,67,32,35
10/1/2016 14:00,58,25,33
10/1/2016 15:00,55,21,34
10/1/2016 16:00,91,49,42
10/1/2016 17:00,73,32,41
10/1/2016 18:00,72,39,33
10/1/2016 19:00,36,15,21
10/1/2016 20:00,19,5,14
10/1/2016 21:00,15,9,6
10/1/2016 22:00,19,6,13
10/1/2016 23:00,15,5,10
10/2/2016 0:00,10,4,6
10/2/2016 1:00,2,0,2
10/2/2016 2:00,1,0,1
10/2/2016 3:00,2,0,2
10/2/2016 4:00,2,1,1
10/2/2016 5:00,7,6,1
10/2/2016 6:00,10,4,6
10/2/2016 7:00,17,7,10
10/2/2016 8:00,66,31,35
10/2/2016 9:00,72,38,34
10/2/2016 10:00,79,44,35
10/2/2016 11:00,119,62,57
10/2/2016 12:00,118,60,58
10/2/2016 13:00,156,83,73
10/2/2016 14:00,200,87,113
10/2/2016 15:00,150,60,90
10/2/2016 16:00,222,118,104
10/2/2016 17:00,135,66,69
10/2/2016 18:00,95,56,39
10/2/2016 19:00,47,28,19
10/2/2016 20:00,33,10,23
10/2/2016 21:00,15,6,9
10/2/2016 22:00,13,7,6
10/2/2016 23:00,15,7,8
10/3/2016 0:00,11,5,6
10/3/2016 1:00,5,2,3
10/3/2016 2:00,5,4,1
10/3/2016 3:00,2,0,2
10/3/2016 4:00,12,7,5
10/3/2016 5:00,33,18,15
10/3/2016 6:00,163,103,60
10/3/2016 7:00,378,244,134
10/3/2016 8:00,565,342,223
10/3/2016 9:00,248,144,104
10/3/2016 10:00,113,59,54
10/3/2016 11:00,74,38,36
10/3/2016 12:00,83,34,49
10/3/2016 13:00,65,32,33
10/3/2016 14:00,83,42,41
10/3/2016 15:00,142,63,79
10/3/2016 16:00,322,101,221
10/3/2016 17:00,687,163,524
10/3/2016 18:00,417,137,280
10/3/2016 19:00,156,41,115
10/3/2016 20:00,84,32,52
10/3/2016 21:00,41,15,26
10/3/2016 22:00,16,6,10
10/3/2016 23:00,10,5,5
10/4/2016 0:00,3,1,2
10/4/2016 1:00,6,5,1
10/4/2016 2:00,5,2,3
10/4/2016 3:00,5,3,2
10/4/2016 4:00,9,7,2
10/4/2016 5:00,37,20,17
10/4/2016 6:00,122,79,43
10/4/2016 7:00,321,205,116
10/4/2016 8:00,497,331,166
10/4/2016 9:00,221,123,98
10/4/2016 10:00,89,42,47
10/4/2016 11:00,59,33,26
10/4/2016 12:00,67,37,30
10/4/2016 13:00,61,30,31
10/4/2016 14:00,55,25,30
10/4/2016 15:00,107,39,68
10/4/2016 16:00,244,69,175
10/4/2016 17:00,503,137,366
10/4/2016 18:00,285,89,196
10/4/2016 19:00,141,60,81
10/4/2016 20:00,80,21,59
10/4/2016 21:00,35,17,18
10/4/2016 22:00,23,15,8
10/4/2016 23:00,6,1,5
10/5/2016 0:00,12,9,3
10/5/2016 1:00,4,3,1
10/5/2016 2:00,4,4,0
10/5/2016 3:00,0,0,0
10/5/2016 4:00,13,8,5
10/5/2016 5:00,43,24,19
10/5/2016 6:00,117,69,48
10/5/2016 7:00,323,204,119
10/5/2016 8:00,480,293,187
10/5/2016 9:00,234,135,99
10/5/2016 10:00,107,46,61
10/5/2016 11:00,55,32,23
10/5/2016 12:00,62,27,35
10/5/2016 13:00,83,32,51
10/5/2016 14:00,72,25,47
10/5/2016 15:00,157,68,89
10/5/2016 16:00,294,100,194
10/5/2016 17:00,580,162,418
10/5/2016 18:00,399,140,259
10/5/2016 19:00,199,75,124
10/5/2016 20:00,94,29,65
10/5/2016 21:00,63,26,37
10/5/2016 22:00,44,18,26
10/5/2016 23:00,21,9,12
10/6/2016 0:00,14,7,7
10/6/2016 1:00,6,3,3
10/6/2016 2:00,5,5,0
10/6/2016 3:00,2,0,2
10/6/2016 4:00,12,6,6
10/6/2016 5:00,33,21,12
10/6/2016 6:00,128,83,45
10/6/2016 7:00,337,210,127
10/6/2016 8:00,503,306,197
10/6/2016 9:00,250,124,126
10/6/2016 10:00,113,52,61
10/6/2016 11:00,87,42,45
10/6/2016 12:00,85,42,43
10/6/2016 13:00,84,38,46
10/6/2016 14:00,84,41,43
10/6/2016 15:00,140,50,90
10/6/2016 16:00,254,82,172
10/6/2016 17:00,532,136,396
10/6/2016 18:00,314,85,229
10/6/2016 19:00,136,53,83
10/6/2016 20:00,66,21,45
10/6/2016 21:00,52,22,30
10/6/2016 22:00,33,11,22
10/6/2016 23:00,10,4,6
10/7/2016 0:00,2,1,1
10/7/2016 1:00,3,2,1
10/7/2016 2:00,0,0,0
10/7/2016 3:00,3,2,1
10/7/2016 4:00,8,2,6
10/7/2016 5:00,28,13,15
10/7/2016 6:00,92,49,43
10/7/2016 7:00,241,158,83
10/7/2016 8:00,351,208,143
10/7/2016 9:00,189,102,87
10/7/2016 10:00,89,49,40
10/7/2016 11:00,63,37,26
10/7/2016 12:00,54,29,25
10/7/2016 13:00,64,30,34
10/7/2016 14:00,70,34,36
10/7/2016 15:00,136,46,90
10/7/2016 16:00,224,75,149
10/7/2016 17:00,439,129,310
10/7/2016 18:00,250,79,171
10/7/2016 19:00,82,27,55
10/7/2016 20:00,44,15,29
10/7/2016 21:00,22,6,16
10/7/2016 22:00,21,5,16
10/7/2016 23:00,20,7,13
10/8/2016 0:00,12,6,6
10/8/2016 1:00,15,7,8
10/8/2016 2:00,3,3,0
10/8/2016 3:00,1,0,1
10/8/2016 4:00,2,0,2
10/8/2016 5:00,4,1,3
10/8/2016 6:00,8,5,3
10/8/2016 7:00,17,10,7
10/8/2016 8:00,41,24,17
10/8/2016 9:00,51,34,17
10/8/2016 10:00,66,42,24
10/8/2016 11:00,65,36,29
10/8/2016 12:00,87,54,33
10/8/2016 13:00,55,28,27
10/8/2016 14:00,51,25,26
10/8/2016 15:00,48,22,26
10/8/2016 16:00,37,14,23
10/8/2016 17:00,26,15,11
10/8/2016 18:00,30,7,23
10/8/2016 19:00,20,13,7
10/8/2016 20:00,22,11,11
10/8/2016 21:00,22,8,14
10/8/2016 22:00,7,0,7
10/8/2016 23:00,10,7,3
10/9/2016 0:00,5,2,3
10/9/2016 1:00,4,2,2
10/9/2016 2:00,1,1,0
10/9/2016 3:00,2,1,1
10/9/2016 4:00,1,1,0
10/9/2016 5:00,5,4,1
10/9/2016 6:00,6,3,3
10/9/2016 7:00,18,11,7
10/9/2016 8:00,30,15,15
10/9/2016 9:00,57,24,33
10/9/2016 10:00,63,35,28
10/9/2016 11:00,76,31,45
10/9/2016 12:00,102,49,53
10/9/2016 13:00,105,53,52
10/9/2016 14:00,134,65,69
10/9/2016 15:00,112,63,49
10/9/2016 16:00,129,61,68
10/9/2016 17:00,94,45,49
10/9/2016 18:00,48,24,24
10/9/2016 19:00,15,8,7
10/9/2016 20:00,23,10,13
10/9/2016 21:00,17,8,9
10/9/2016 22:00,20,9,11
10/9/2016 23:00,10,5,5
10/10/2016 0:00,3,1,2
10/10/2016 1:00,5,4,1
10/10/2016 2:00,0,0,0
10/10/2016 3:00,5,3,2
10/10/2016 4:00,5,2,3
10/10/2016 5:00,30,20,10
10/10/2016 6:00,126,90,36
10/10/2016 7:00,375,246,129
10/10/2016 8:00,539,337,202
10/10/2016 9:00,263,133,130
10/10/2016 10:00,125,61,64
10/10/2016 11:00,68,33,35
10/10/2016 12:00,75,34,41
10/10/2016 13:00,77,36,41
10/10/2016 14:00,98,50,48
10/10/2016 15:00,134,59,75
10/10/2016 16:00,290,94,196
10/10/2016 17:00,674,171,503
10/10/2016 18:00,393,119,274
10/10/2016 19:00,153,59,94
10/10/2016 20:00,78,36,42
10/10/2016 21:00,44,9,35
10/10/2016 22:00,23,6,17
10/10/2016 23:00,15,5,10
10/11/2016 0:00,11,2,9
10/11/2016 1:00,2,2,0
10/11/2016 2:00,4,1,3
10/11/2016 3:00,1,1,0
10/11/2016 4:00,13,9,4
10/11/2016 5:00,44,28,16
10/11/2016 6:00,159,107,52
10/11/2016 7:00,390,239,151
10/11/2016 8:00,560,352,208
10/11/2016 9:00,295,171,124
10/11/2016 10:00,112,59,53
10/11/2016 11:00,99,50,49
10/11/2016 12:00,92,48,44
10/11/2016 13:00,96,39,57
10/11/2016 14:00,117,55,62
10/11/2016 15:00,168,83,85
10/11/2016 16:00,340,102,238
10/11/2016 17:00,659,184,475
10/11/2016 18:00,447,133,314
10/11/2016 19:00,176,57,119
10/11/2016 20:00,95,33,62
10/11/2016 21:00,69,23,46
10/11/2016 22:00,29,12,17
10/11/2016 23:00,21,6,15
10/12/2016 0:00,15,9,6
10/12/2016 1:00,5,2,3
10/12/2016 2:00,0,0,0
10/12/2016 3:00,1,1,0
10/12/2016 4:00,7,3,4
10/12/2016 5:00,31,18,13
10/12/2016 6:00,127,74,53
10/12/2016 7:00,387,243,144
10/12/2016 8:00,554,333,221
10/12/2016 9:00,282,135,147
10/12/2016 10:00,114,61,53
10/12/2016 11:00,77,36,41
10/12/2016 12:00,98,42,56
10/12/2016 13:00,103,59,44
10/12/2016 14:00,122,48,74
10/12/2016 15:00,164,68,96
10/12/2016 16:00,363,133,230
10/12/2016 17:00,702,187,515
10/12/2016 18:00,391,134,257
10/12/2016 19:00,158,58,100
10/12/2016 20:00,76,24,52
10/12/2016 21:00,41,15,26
10/12/2016 22:00,50,13,37
10/12/2016 23:00,12,6,6
10/13/2016 0:00,5,3,2
10/13/2016 1:00,3,2,1
10/13/2016 2:00,2,0,2
10/13/2016 3:00,0,0,0
10/13/2016 4:00,3,1,2
10/13/2016 5:00,28,20,8
10/13/2016 6:00,64,39,25
10/13/2016 7:00,174,108,66
10/13/2016 8:00,235,142,93
10/13/2016 9:00,129,79,50
10/13/2016 10:00,44,23,21
10/13/2016 11:00,23,10,13
10/13/2016 12:00,23,10,13
10/13/2016 13:00,19,9,10
10/13/2016 14:00,34,10,24
10/13/2016 15:00,55,25,30
10/13/2016 16:00,99,30,69
10/13/2016 17:00,236,54,182
10/13/2016 18:00,162,50,112
10/13/2016 19:00,66,24,42
10/13/2016 20:00,32,17,15
10/13/2016 21:00,17,5,12
10/13/2016 22:00,12,6,6
10/13/2016 23:00,12,8,4
10/14/2016 0:00,3,2,1
10/14/2016 1:00,2,1,1
10/14/2016 2:00,2,2,0
10/14/2016 3:00,3,2,1
10/14/2016 4:00,4,1,3
10/14/2016 5:00,18,11,7
10/14/2016 6:00,40,26,14
10/14/2016 7:00,77,48,29
10/14/2016 8:00,130,87,43
10/14/2016 9:00,75,46,29
10/14/2016 10:00,42,24,18
10/14/2016 11:00,20,8,12
10/14/2016 12:00,16,6,10
10/14/2016 13:00,15,6,9
10/14/2016 14:00,18,7,11
10/14/2016 15:00,43,19,24
10/14/2016 16:00,91,38,53
10/14/2016 17:00,165,56,109
10/14/2016 18:00,91,36,55
10/14/2016 19:00,38,14,24
10/14/2016 20:00,19,3,16
10/14/2016 21:00,11,5,6
10/14/2016 22:00,16,8,8
10/14/2016 23:00,3,1,2
10/15/2016 0:00,3,3,0
10/15/2016 1:00,5,5,0
10/15/2016 2:00,1,1,0
10/15/2016 3:00,2,1,1
10/15/2016 4:00,1,0,1
10/15/2016 5:00,1,0,1
10/15/2016 6:00,8,4,4
10/15/2016 7:00,12,8,4
10/15/2016 8:00,26,12,14
10/15/2016 9:00,13,7,6
10/15/2016 10:00,27,12,15
10/15/2016 11:00,26,11,15
10/15/2016 12:00,22,10,12
10/15/2016 13:00,17,6,11
10/15/2016 14:00,18,9,9
10/15/2016 15:00,26,14,12
10/15/2016 16:00,17,13,4
10/15/2016 17:00,14,5,9
10/15/2016 18:00,17,6,11
10/15/2016 19:00,10,4,6
10/15/2016 20:00,8,2,6
10/15/2016 21:00,13,5,8
10/15/2016 22:00,3,1,2
10/15/2016 23:00,2,2,0
10/16/2016 0:00,8,5,3
10/16/2016 1:00,4,3,1
10/16/2016 2:00,1,1,0
10/16/2016 3:00,2,2,0
10/16/2016 4:00,0,0,0
10/16/2016 5:00,1,0,1
10/16/2016 6:00,5,1,4
10/16/2016 7:00,2,1,1
10/16/2016 8:00,10,3,7
10/16/2016 9:00,24,12,12
10/16/2016 10:00,30,12,18
10/16/2016 11:00,39,25,14
10/16/2016 12:00,34,16,18
10/16/2016 13:00,48,32,16
10/16/2016 14:00,43,27,16
10/16/2016 15:00,47,20,27
10/16/2016 16:00,42,21,21
10/16/2016 17:00,49,31,18
10/16/2016 18:00,28,14,14
10/16/2016 19:00,29,10,19
10/16/2016 20:00,20,7,13
10/16/2016 21:00,10,4,6
10/16/2016 22:00,11,7,4
10/16/2016 23:00,2,1,1
10/17/2016 0:00,2,2,0
10/17/2016 1:00,1,0,1
10/17/2016 2:00,1,1,0
10/17/2016 3:00,0,0,0
10/17/2016 4:00,6,4,2
10/17/2016 5:00,31,19,12
10/17/2016 6:00,95,57,38
10/17/2016 7:00,297,188,109
10/17/2016 8:00,422,266,156
10/17/2016 9:00,219,116,103
10/17/2016 10:00,95,45,50
10/17/2016 11:00,45,24,21
10/17/2016 12:00,51,26,25
10/17/2016 13:00,42,23,19
10/17/2016 14:00,58,25,33
10/17/2016 15:00,106,37,69
10/17/2016 16:00,219,83,136
10/17/2016 17:00,491,129,362
10/17/2016 18:00,346,85,261
10/17/2016 19:00,132,60,72
10/17/2016 20:00,78,26,52
10/17/2016 21:00,39,16,23
10/17/2016 22:00,14,6,8
10/17/2016 23:00,8,2,6
10/18/2016 0:00,5,3,2
10/18/2016 1:00,4,0,4
10/18/2016 2:00,5,5,0
10/18/2016 3:00,2,2,0
10/18/2016 4:00,4,3,1
10/18/2016 5:00,28,15,13
10/18/2016 6:00,118,76,42
10/18/2016 7:00,314,202,112
10/18/2016 8:00,413,259,154
10/18/2016 9:00,234,129,105
10/18/2016 10:00,70,33,37
10/18/2016 11:00,63,36,27
10/18/2016 12:00,65,39,26
10/18/2016 13:00,59,28,31
10/18/2016 14:00,52,28,24
10/18/2016 15:00,138,57,81
10/18/2016 16:00,267,106,161
10/18/2016 17:00,500,137,363
10/18/2016 18:00,340,107,233
10/18/2016 19:00,132,52,80
10/18/2016 20:00,93,32,61
10/18/2016 21:00,41,18,23
10/18/2016 22:00,26,11,15
10/18/2016 23:00,16,8,8
10/19/2016 0:00,5,3,2
10/19/2016 1:00,9,6,3
10/19/2016 2:00,4,3,1
10/19/2016 3:00,3,2,1
10/19/2016 4:00,11,7,4
10/19/2016 5:00,41,23,18
10/19/2016 6:00,136,81,55
10/19/2016 7:00,351,214,137
10/19/2016 8:00,521,312,209
10/19/2016 9:00,276,157,119
10/19/2016 10:00,125,56,69
10/19/2016 11:00,83,49,34
10/19/2016 12:00,75,45,30
10/19/2016 13:00,97,45,52
10/19/2016 14:00,90,36,54
10/19/2016 15:00,159,75,84
10/19/2016 16:00,319,103,216
10/19/2016 17:00,601,155,446
10/19/2016 18:00,320,108,212
10/19/2016 19:00,131,52,79
10/19/2016 20:00,56,24,32
10/19/2016 21:00,45,13,32
10/19/2016 22:00,22,10,12
10/19/2016 23:00,6,2,4
10/20/2016 0:00,4,1,3
10/20/2016 1:00,3,0,3
10/20/2016 2:00,3,2,1
10/20/2016 3:00,0,0,0
10/20/2016 4:00,3,2,1
10/20/2016 5:00,22,13,9
10/20/2016 6:00,63,34,29
10/20/2016 7:00,218,147,71
10/20/2016 8:00,284,169,115
10/20/2016 9:00,136,85,51
10/20/2016 10:00,48,33,15
10/20/2016 11:00,29,18,11
10/20/2016 12:00,38,21,17
10/20/2016 13:00,44,22,22
10/20/2016 14:00,37,15,22
10/20/2016 15:00,85,32,53
10/20/2016 16:00,172,62,110
10/20/2016 17:00,340,91,249
10/20/2016 18:00,244,78,166
10/20/2016 19:00,113,34,79
10/20/2016 20:00,51,26,25
10/20/2016 21:00,38,13,25
10/20/2016 22:00,27,13,14
10/20/2016 23:00,8,2,6
10/21/2016 0:00,8,3,5
10/21/2016 1:00,6,4,2
10/21/2016 2:00,5,1,4
10/21/2016 3:00,0,0,0
10/21/2016 4:00,9,4,5
10/21/2016 5:00,25,17,8
10/21/2016 6:00,98,52,46
10/21/2016 7:00,270,177,93
10/21/2016 8:00,388,228,160
10/21/2016 9:00,223,119,104
10/21/2016 10:00,101,66,35
10/21/2016 11:00,79,52,27
10/21/2016 12:00,85,47,38
10/21/2016 13:00,103,40,63
10/21/2016 14:00,95,45,50
10/21/2016 15:00,129,57,72
10/21/2016 16:00,259,73,186
10/21/2016 17:00,395,115,280
10/21/2016 18:00,244,63,181
10/21/2016 19:00,93,29,64
10/21/2016 20:00,72,26,46
10/21/2016 21:00,35,13,22
10/21/2016 22:00,16,6,10
10/21/2016 23:00,21,6,15
10/22/2016 0:00,9,5,4
10/22/2016 1:00,9,5,4
10/22/2016 2:00,8,4,4
10/22/2016 3:00,3,1,2
10/22/2016 4:00,1,0,1
10/22/2016 5:00,4,2,2
10/22/2016 6:00,7,2,5
10/22/2016 7:00,24,15,9
10/22/2016 8:00,66,36,30
10/22/2016 9:00,75,40,35
10/22/2016 10:00,86,50,36
10/22/2016 11:00,129,75,54
10/22/2016 12:00,135,54,81
10/22/2016 13:00,138,70,68
10/22/2016 14:00,153,70,83
10/22/2016 15:00,163,86,77
10/22/2016 16:00,121,63,58
10/22/2016 17:00,132,60,72
10/22/2016 18:00,84,42,42
10/22/2016 19:00,58,31,27
10/22/2016 20:00,29,14,15
10/22/2016 21:00,31,17,14
10/22/2016 22:00,22,10,12
10/22/2016 23:00,23,7,16
10/23/2016 0:00,9,5,4
10/23/2016 1:00,9,2,7
10/23/2016 2:00,5,2,3
10/23/2016 3:00,0,0,0
10/23/2016 4:00,0,0,0
10/23/2016 5:00,3,0,3
10/23/2016 6:00,5,1,4
10/23/2016 7:00,19,12,7
10/23/2016 8:00,39,14,25
10/23/2016 9:00,43,21,22
10/23/2016 10:00,59,32,27
10/23/2016 11:00,94,47,47
10/23/2016 12:00,121,50,71
10/23/2016 13:00,117,66,51
10/23/2016 14:00,124,71,53
10/23/2016 15:00,118,55,63
10/23/2016 16:00,104,54,50
10/23/2016 17:00,89,47,42
10/23/2016 18:00,47,19,28
10/23/2016 19:00,30,10,20
10/23/2016 20:00,23,14,9
10/23/2016 21:00,26,12,14
10/23/2016 22:00,14,6,8
10/23/2016 23:00,11,5,6
10/24/2016 0:00,9,6,3
10/24/2016 1:00,3,2,1
10/24/2016 2:00,2,0,2
10/24/2016 3:00,0,0,0
10/24/2016 4:00,9,5,4
10/24/2016 5:00,38,25,13
10/24/2016 6:00,110,72,38
10/24/2016 7:00,344,215,129
10/24/2016 8:00,488,300,188
10/24/2016 9:00,259,131,128
10/24/2016 10:00,102,52,50
10/24/2016 11:00,67,29,38
10/24/2016 12:00,78,34,44
10/24/2016 13:00,72,35,37
10/24/2016 14:00,64,30,34
10/24/2016 15:00,119,48,71
10/24/2016 16:00,238,75,163
10/24/2016 17:00,454,110,344
10/24/2016 18:00,306,93,213
10/24/2016 19:00,118,35,83
10/24/2016 20:00,59,16,43
10/24/2016 21:00,33,20,13
10/24/2016 22:00,12,4,8
10/24/2016 23:00,12,6,6
10/25/2016 0:00,3,2,1
10/25/2016 1:00,5,2,3
10/25/2016 2:00,2,1,1
10/25/2016 3:00,0,0,0
10/25/2016 4:00,7,6,1
10/25/2016 5:00,50,35,15
10/25/2016 6:00,130,81,49
10/25/2016 7:00,341,220,121
10/25/2016 8:00,474,288,186
10/25/2016 9:00,243,137,106
10/25/2016 10:00,119,59,60
10/25/2016 11:00,66,41,25
10/25/2016 12:00,80,38,42
10/25/2016 13:00,83,47,36
10/25/2016 14:00,87,43,44
10/25/2016 15:00,126,53,73
10/25/2016 16:00,287,97,190
10/25/2016 17:00,570,149,421
10/25/2016 18:00,370,116,254
10/25/2016 19:00,151,50,101
10/25/2016 20:00,74,25,49
10/25/2016 21:00,53,12,41
10/25/2016 22:00,43,18,25
10/25/2016 23:00,16,5,11
10/26/2016 0:00,11,6,5
10/26/2016 1:00,7,5,2
10/26/2016 2:00,1,1,0
10/26/2016 3:00,1,1,0
10/26/2016 4:00,7,5,2
10/26/2016 5:00,33,23,10
10/26/2016 6:00,102,66,36
10/26/2016 7:00,218,139,79
10/26/2016 8:00,294,170,124
10/26/2016 9:00,163,83,80
10/26/2016 10:00,56,30,26
10/26/2016 11:00,36,20,16
10/26/2016 12:00,23,12,11
10/26/2016 13:00,29,15,14
10/26/2016 14:00,27,14,13
10/26/2016 15:00,61,21,40
10/26/2016 16:00,148,47,101
10/26/2016 17:00,303,67,236
10/26/2016 18:00,234,59,175
10/26/2016 19:00,87,32,55
10/26/2016 20:00,55,15,40
10/26/2016 21:00,21,5,16
10/26/2016 22:00,9,2,7
10/26/2016 23:00,9,4,5
10/27/2016 0:00,5,1,4
10/27/2016 1:00,3,1,2
10/27/2016 2:00,1,1,0
10/27/2016 3:00,1,0,1
10/27/2016 4:00,11,7,4
10/27/2016 5:00,34,22,12
10/27/2016 6:00,100,57,43
10/27/2016 7:00,274,169,105
10/27/2016 8:00,432,255,177
10/27/2016 9:00,204,109,95
10/27/2016 10:00,96,50,46
10/27/2016 11:00,57,28,29
10/27/2016 12:00,58,34,24
10/27/2016 13:00,69,37,32
10/27/2016 14:00,77,34,43
10/27/2016 15:00,123,47,76
10/27/2016 16:00,220,79,141
10/27/2016 17:00,466,115,351
10/27/2016 18:00,281,86,195
10/27/2016 19:00,121,43,78
10/27/2016 20:00,85,51,34
10/27/2016 21:00,44,17,27
10/27/2016 22:00,44,17,27
10/27/2016 23:00,11,5,6
10/28/2016 0:00,5,3,2
10/28/2016 1:00,5,3,2
10/28/2016 2:00,9,8,1
10/28/2016 3:00,2,1,1
10/28/2016 4:00,7,5,2
10/28/2016 5:00,33,22,11
10/28/2016 6:00,104,62,42
10/28/2016 7:00,274,171,103
10/28/2016 8:00,399,238,161
10/28/2016 9:00,245,128,117
10/28/2016 10:00,115,73,42
10/28/2016 11:00,95,57,38
10/28/2016 12:00,87,45,42
10/28/2016 13:00,99,44,55
10/28/2016 14:00,98,49,49
10/28/2016 15:00,204,93,111
10/28/2016 16:00,317,120,197
10/28/2016 17:00,507,158,349
10/28/2016 18:00,307,103,204
10/28/2016 19:00,119,44,75
10/28/2016 20:00,78,24,54
10/28/2016 21:00,35,15,20
10/28/2016 22:00,26,14,12
10/28/2016 23:00,32,20,12
10/29/2016 0:00,18,9,9
10/29/2016 1:00,10,4,6
10/29/2016 2:00,12,5,7
10/29/2016 3:00,3,1,2
10/29/2016 4:00,4,2,2
10/29/2016 5:00,5,3,2
10/29/2016 6:00,17,9,8
10/29/2016 7:00,21,9,12
10/29/2016 8:00,38,18,20
10/29/2016 9:00,29,16,13
10/29/2016 10:00,38,17,21
10/29/2016 11:00,37,20,17
10/29/2016 12:00,23,11,12
10/29/2016 13:00,33,16,17
10/29/2016 14:00,46,20,26
10/29/2016 15:00,85,52,33
10/29/2016 16:00,68,39,29
10/29/2016 17:00,95,44,51
10/29/2016 18:00,59,27,32
10/29/2016 19:00,49,11,38
10/29/2016 20:00,25,9,16
10/29/2016 21:00,41,23,18
10/29/2016 22:00,19,8,11
10/29/2016 23:00,13,8,5
10/30/2016 0:00,10,4,6
10/30/2016 1:00,15,5,10
10/30/2016 2:00,7,2,5
10/30/2016 3:00,3,1,2
10/30/2016 4:00,2,1,1
10/30/2016 5:00,6,2,4
10/30/2016 6:00,10,7,3
10/30/2016 7:00,14,10,4
10/30/2016 8:00,47,23,24
10/30/2016 9:00,74,38,36
10/30/2016 10:00,69,37,32
10/30/2016 11:00,87,40,47
10/30/2016 12:00,98,39,59
10/30/2016 13:00,86,47,39
10/30/2016 14:00,65,31,34
10/30/2016 15:00,57,32,25
10/30/2016 16:00,55,30,25
10/30/2016 17:00,48,25,23
10/30/2016 18:00,33,16,17
10/30/2016 19:00,22,9,13
10/30/2016 20:00,19,5,14
10/30/2016 21:00,14,5,9
10/30/2016 22:00,9,5,4
10/30/2016 23:00,9,3,6
10/31/2016 0:00,4,1,3
10/31/2016 1:00,3,0,3
10/31/2016 2:00,1,0,1
10/31/2016 3:00,2,1,1
10/31/2016 4:00,4,3,1
10/31/2016 5:00,33,20,13
10/31/2016 6:00,89,54,35
10/31/2016 7:00,269,172,97
10/31/2016 8:00,330,189,141
10/31/2016 9:00,131,73,58
10/31/2016 10:00,60,31,29
10/31/2016 11:00,37,18,19
10/31/2016 12:00,29,11,18
10/31/2016 13:00,46,23,23
10/31/2016 14:00,50,24,26
10/31/2016 15:00,99,33,66
10/31/2016 16:00,248,69,179
10/31/2016 17:00,401,91,310
10/31/2016 18:00,202,73,129
10/31/2016 19:00,72,23,49
10/31/2016 20:00,44,15,29
10/31/2016 21:00,21,8,13
10/31/2016 22:00,10,5,5
10/31/2016 23:00,13,5,8
11/1/2016 0:00,8,2,6
11/1/2016 1:00,6,3,3
11/1/2016 2:00,1,0,1
11/1/2016 3:00,1,0,1
11/1/2016 4:00,7,5,2
11/1/2016 5:00,32,20,12
11/1/2016 6:00,107,67,40
11/1/2016 7:00,267,175,92
11/1/2016 8:00,354,219,135
11/1/2016 9:00,185,101,84
11/1/2016 10:00,64,27,37
11/1/2016 11:00,35,20,15
11/1/2016 12:00,42,27,15
11/1/2016 13:00,49,28,21
11/1/2016 14:00,49,23,26
11/1/2016 15:00,95,53,42
11/1/2016 16:00,226,72,154
11/1/2016 17:00,433,104,329
11/1/2016 18:00,272,82,190
11/1/2016 19:00,128,39,89
11/1/2016 20:00,62,22,40
11/1/2016 21:00,46,12,34
11/1/2016 22:00,22,8,14
11/1/2016 23:00,9,5,4
11/2/2016 0:00,4,2,2
11/2/2016 1:00,2,2,0
11/2/2016 2:00,1,1,0
11/2/2016 3:00,0,0,0
11/2/2016 4:00,9,3,6
11/2/2016 5:00,33,19,14
11/2/2016 6:00,127,69,58
11/2/2016 7:00,249,152,97
11/2/2016 8:00,330,197,133
11/2/2016 9:00,200,100,100
11/2/2016 10:00,60,36,24
11/2/2016 11:00,42,20,22
11/2/2016 12:00,26,11,15
11/2/2016 13:00,41,22,19
11/2/2016 14:00,48,25,23
11/2/2016 15:00,91,37,54
11/2/2016 16:00,232,68,164
11/2/2016 17:00,442,119,323
11/2/2016 18:00,270,85,185
11/2/2016 19:00,107,46,61
11/2/2016 20:00,68,25,43
11/2/2016 21:00,40,14,26
11/2/2016 22:00,22,8,14
11/2/2016 23:00,9,2,7
11/3/2016 0:00,3,2,1
11/3/2016 1:00,4,2,2
11/3/2016 2:00,2,0,2
11/3/2016 3:00,3,2,1
11/3/2016 4:00,2,1,1
11/3/2016 5:00,32,19,13
11/3/2016 6:00,123,77,46
11/3/2016 7:00,366,218,148
11/3/2016 8:00,534,304,230
11/3/2016 9:00,261,129,132
11/3/2016 10:00,110,57,53
11/3/2016 11:00,96,47,49
11/3/2016 12:00,87,44,43
11/3/2016 13:00,97,56,41
11/3/2016 14:00,112,50,62
11/3/2016 15:00,148,64,84
11/3/2016 16:00,329,116,213
11/3/2016 17:00,609,144,465
11/3/2016 18:00,362,117,245
11/3/2016 19:00,137,39,98
11/3/2016 20:00,106,41,65
11/3/2016 21:00,55,18,37
11/3/2016 22:00,35,14,21
11/3/2016 23:00,22,9,13
11/4/2016 0:00,16,8,8
11/4/2016 1:00,8,5,3
11/4/2016 2:00,1,0,1
11/4/2016 3:00,2,0,2
11/4/2016 4:00,9,5,4
11/4/2016 5:00,38,24,14
11/4/2016 6:00,116,72,44
11/4/2016 7:00,288,193,95
11/4/2016 8:00,423,253,170
11/4/2016 9:00,247,145,102
11/4/2016 10:00,123,69,54
11/4/2016 11:00,96,47,49
11/4/2016 12:00,106,55,51
11/4/2016 13:00,131,75,56
11/4/2016 14:00,123,67,56
11/4/2016 15:00,192,76,116
11/4/2016 16:00,314,118,196
11/4/2016 17:00,530,130,400
11/4/2016 18:00,287,97,190
11/4/2016 19:00,102,42,60
11/4/2016 20:00,58,19,39
11/4/2016 21:00,52,19,33
11/4/2016 22:00,30,12,18
11/4/2016 23:00,26,10,16
11/5/2016 0:00,18,7,11
11/5/2016 1:00,13,8,5
11/5/2016 2:00,4,1,3
11/5/2016 3:00,6,0,6
11/5/2016 4:00,4,0,4
11/5/2016 5:00,5,1,4
11/5/2016 6:00,9,8,1
11/5/2016 7:00,13,8,5
11/5/2016 8:00,37,18,19
11/5/2016 9:00,19,13,6
11/5/2016 10:00,24,15,9
11/5/2016 11:00,38,28,10
11/5/2016 12:00,25,16,9
11/5/2016 13:00,37,16,21
11/5/2016 14:00,22,11,11
11/5/2016 15:00,19,14,5
11/5/2016 16:00,36,23,13
11/5/2016 17:00,27,13,14
11/5/2016 18:00,18,11,7
11/5/2016 19:00,24,13,11
11/5/2016 20:00,8,4,4
11/5/2016 21:00,10,7,3
11/5/2016 22:00,14,7,7
11/5/2016 23:00,9,3,6
11/6/2016 0:00,7,5,2
11/6/2016 1:00,14,2,12
11/6/2016 2:00,3,0,3
11/6/2016 3:00,1,1,0
11/6/2016 4:00,1,0,1
11/6/2016 5:00,2,1,1
11/6/2016 6:00,11,5,6
11/6/2016 7:00,21,15,6
11/6/2016 8:00,50,23,27
11/6/2016 9:00,94,46,48
11/6/2016 10:00,155,101,54
11/6/2016 11:00,129,64,65
11/6/2016 12:00,142,73,69
11/6/2016 13:00,172,86,86
11/6/2016 14:00,178,84,94
11/6/2016 15:00,182,91,91
11/6/2016 16:00,130,64,66
11/6/2016 17:00,67,42,25
11/6/2016 18:00,43,16,27
11/6/2016 19:00,40,22,18
11/6/2016 20:00,26,11,15
11/6/2016 21:00,19,5,14
11/6/2016 22:00,10,4,6
11/6/2016 23:00,12,4,8
11/7/2016 0:00,4,2,2
11/7/2016 1:00,5,2,3
11/7/2016 2:00,1,0,1
11/7/2016 3:00,0,0,0
11/7/2016 4:00,0,0,0
11/7/2016 5:00,38,27,11
11/7/2016 6:00,126,76,50
11/7/2016 7:00,417,282,135
11/7/2016 8:00,479,281,198
11/7/2016 9:00,227,127,100
11/7/2016 10:00,89,41,48
11/7/2016 11:00,61,34,27
11/7/2016 12:00,61,39,22
11/7/2016 13:00,64,38,26
11/7/2016 14:00,78,34,44
11/7/2016 15:00,126,50,76
11/7/2016 16:00,318,80,238
11/7/2016 17:00,595,120,475
11/7/2016 18:00,267,79,188
11/7/2016 19:00,119,35,84
11/7/2016 20:00,72,27,45
11/7/2016 21:00,59,15,44
11/7/2016 22:00,24,8,16
11/7/2016 23:00,13,3,10
11/8/2016 0:00,5,1,4
11/8/2016 1:00,4,1,3
11/8/2016 2:00,1,0,1
11/8/2016 3:00,3,3,0
11/8/2016 4:00,11,7,4
11/8/2016 5:00,49,28,21
11/8/2016 6:00,163,98,65
11/8/2016 7:00,474,313,161
11/8/2016 8:00,538,322,216
11/8/2016 9:00,252,145,107
11/8/2016 10:00,113,63,50
11/8/2016 11:00,100,52,48
11/8/2016 12:00,121,68,53
11/8/2016 13:00,111,64,47
11/8/2016 14:00,124,54,70
11/8/2016 15:00,204,89,115
11/8/2016 16:00,458,121,337
11/8/2016 17:00,604,148,456
11/8/2016 18:00,316,110,206
11/8/2016 19:00,107,44,63
11/8/2016 20:00,80,18,62
11/8/2016 21:00,47,16,31
11/8/2016 22:00,40,17,23
11/8/2016 23:00,22,11,11
11/9/2016 0:00,9,5,4
11/9/2016 1:00,5,1,4
11/9/2016 2:00,1,0,1
11/9/2016 3:00,3,3,0
11/9/2016 4:00,9,5,4
11/9/2016 5:00,29,19,10
11/9/2016 6:00,105,68,37
11/9/2016 7:00,286,195,91
11/9/2016 8:00,397,240,157
11/9/2016 9:00,180,103,77
11/9/2016 10:00,64,33,31
11/9/2016 11:00,47,27,20
11/9/2016 12:00,48,18,30
11/9/2016 13:00,67,31,36
11/9/2016 14:00,68,32,36
11/9/2016 15:00,123,56,67
11/9/2016 16:00,261,93,168
11/9/2016 17:00,471,110,361
11/9/2016 18:00,292,81,211
11/9/2016 19:00,123,39,84
11/9/2016 20:00,92,35,57
11/9/2016 21:00,55,28,27
11/9/2016 22:00,35,10,25
11/9/2016 23:00,12,2,10
11/10/2016 0:00,10,6,4
11/10/2016 1:00,3,2,1
11/10/2016 2:00,2,0,2
11/10/2016 3:00,4,3,1
11/10/2016 4:00,5,2,3
11/10/2016 5:00,32,24,8
11/10/2016 6:00,119,76,43
11/10/2016 7:00,378,228,150
11/10/2016 8:00,485,290,195
11/10/2016 9:00,255,136,119
11/10/2016 10:00,91,47,44
11/10/2016 11:00,90,53,37
11/10/2016 12:00,70,30,40
11/10/2016 13:00,96,55,41
11/10/2016 14:00,129,69,60
11/10/2016 15:00,171,68,103
11/10/2016 16:00,308,99,209
11/10/2016 17:00,538,148,390
11/10/2016 18:00,329,103,226
11/10/2016 19:00,150,51,99
11/10/2016 20:00,96,37,59
11/10/2016 21:00,55,20,35
11/10/2016 22:00,50,14,36
11/10/2016 23:00,14,5,9
11/11/2016 0:00,13,8,5
11/11/2016 1:00,4,2,2
11/11/2016 2:00,4,1,3
11/11/2016 3:00,2,1,1
11/11/2016 4:00,7,3,4
11/11/2016 5:00,25,16,9
11/11/2016 6:00,81,49,32
11/11/2016 7:00,216,133,83
11/11/2016 8:00,348,211,137
11/11/2016 9:00,182,94,88
11/11/2016 10:00,83,49,34
11/11/2016 11:00,93,45,48
11/11/2016 12:00,95,43,52
11/11/2016 13:00,88,43,45
11/11/2016 14:00,107,42,65
11/11/2016 15:00,146,60,86
11/11/2016 16:00,247,73,174
11/11/2016 17:00,361,84,277
11/11/2016 18:00,191,47,144
11/11/2016 19:00,93,40,53
11/11/2016 20:00,42,13,29
11/11/2016 21:00,35,11,24
11/11/2016 22:00,18,8,10
11/11/2016 23:00,27,13,14
11/12/2016 0:00,20,12,8
11/12/2016 1:00,7,2,5
11/12/2016 2:00,4,1,3
11/12/2016 3:00,4,3,1
11/12/2016 4:00,1,1,0
11/12/2016 5:00,8,3,5
11/12/2016 6:00,8,5,3
11/12/2016 7:00,17,9,8
11/12/2016 8:00,51,25,26
11/12/2016 9:00,39,25,14
11/12/2016 10:00,49,31,18
11/12/2016 11:00,43,21,22
11/12/2016 12:00,67,28,39
11/12/2016 13:00,67,37,30
11/12/2016 14:00,65,24,41
11/12/2016 15:00,83,46,37
11/12/2016 16:00,73,31,42
11/12/2016 17:00,55,17,38
11/12/2016 18:00,64,41,23
11/12/2016 19:00,38,17,21
11/12/2016 20:00,41,24,17
11/12/2016 21:00,35,11,24
11/12/2016 22:00,21,7,14
11/12/2016 23:00,21,10,11
11/13/2016 0:00,16,5,11
11/13/2016 1:00,6,2,4
11/13/2016 2:00,4,3,1
11/13/2016 3:00,4,3,1
11/13/2016 4:00,2,1,1
11/13/2016 5:00,2,1,1
11/13/2016 6:00,8,3,5
11/13/2016 7:00,18,5,13
11/13/2016 8:00,25,12,13
11/13/2016 9:00,29,11,18
11/13/2016 10:00,39,19,20
11/13/2016 11:00,51,29,22
11/13/2016 12:00,54,29,25
11/13/2016 13:00,59,37,22
11/13/2016 14:00,59,37,22
11/13/2016 15:00,47,23,24
11/13/2016 16:00,55,31,24
11/13/2016 17:00,35,17,18
11/13/2016 18:00,25,11,14
11/13/2016 19:00,15,4,11
11/13/2016 20:00,17,6,11
11/13/2016 21:00,17,6,11
11/13/2016 22:00,14,3,11
11/13/2016 23:00,5,3,2
11/14/2016 0:00,8,3,5
11/14/2016 1:00,0,0,0
11/14/2016 2:00,0,0,0
11/14/2016 3:00,0,0,0
11/14/2016 4:00,5,5,0
11/14/2016 5:00,31,21,10
11/14/2016 6:00,103,56,47
11/14/2016 7:00,318,205,113
11/14/2016 8:00,481,271,210
11/14/2016 9:00,228,123,105
11/14/2016 10:00,78,43,35
11/14/2016 11:00,74,37,37
11/14/2016 12:00,67,34,33
11/14/2016 13:00,62,28,34
11/14/2016 14:00,82,45,37
11/14/2016 15:00,140,63,77
11/14/2016 16:00,250,80,170
11/14/2016 17:00,497,122,375
11/14/2016 18:00,356,86,270
11/14/2016 19:00,134,42,92
11/14/2016 20:00,89,28,61
11/14/2016 21:00,37,10,27
11/14/2016 22:00,30,11,19
11/14/2016 23:00,14,4,10
11/15/2016 0:00,5,2,3
11/15/2016 1:00,3,1,2
11/15/2016 2:00,2,1,1
11/15/2016 3:00,1,1,0
11/15/2016 4:00,9,5,4
11/15/2016 5:00,27,17,10
11/15/2016 6:00,99,60,39
11/15/2016 7:00,278,170,108
11/15/2016 8:00,373,237,136
11/15/2016 9:00,212,113,99
11/15/2016 10:00,89,46,43
11/15/2016 11:00,41,29,12
11/15/2016 12:00,49,20,29
11/15/2016 13:00,48,31,17
11/15/2016 14:00,53,24,29
11/15/2016 15:00,96,35,61
11/15/2016 16:00,205,57,148
11/15/2016 17:00,425,96,329
11/15/2016 18:00,237,64,173
11/15/2016 19:00,122,45,77
11/15/2016 20:00,44,16,28
11/15/2016 21:00,29,10,19
11/15/2016 22:00,22,4,18
11/15/2016 23:00,6,0,6
11/16/2016 0:00,5,2,3
11/16/2016 1:00,2,2,0
11/16/2016 2:00,2,1,1
11/16/2016 3:00,1,0,1
11/16/2016 4:00,12,8,4
11/16/2016 5:00,37,21,16
11/16/2016 6:00,131,68,63
11/16/2016 7:00,304,194,110
11/16/2016 8:00,414,260,154
11/16/2016 9:00,230,121,109
11/16/2016 10:00,93,48,45
11/16/2016 11:00,50,27,23
11/16/2016 12:00,62,35,27
11/16/2016 13:00,66,30,36
11/16/2016 14:00,59,23,36
11/16/2016 15:00,143,53,90
11/16/2016 16:00,241,77,164
11/16/2016 17:00,480,106,374
11/16/2016 18:00,288,85,203
11/16/2016 19:00,142,38,104
11/16/2016 20:00,68,22,46
11/16/2016 21:00,54,18,36
11/16/2016 22:00,35,12,23
11/16/2016 23:00,11,4,7
11/17/2016 0:00,4,4,0
11/17/2016 1:00,5,4,1
11/17/2016 2:00,7,5,2
11/17/2016 3:00,1,1,0
11/17/2016 4:00,4,3,1
11/17/2016 5:00,24,15,9
11/17/2016 6:00,116,62,54
11/17/2016 7:00,320,201,119
11/17/2016 8:00,426,249,177
11/17/2016 9:00,223,121,102
11/17/2016 10:00,110,52,58
11/17/2016 11:00,69,39,30
11/17/2016 12:00,78,48,30
11/17/2016 13:00,71,28,43
11/17/2016 14:00,86,33,53
11/17/2016 15:00,123,55,68
11/17/2016 16:00,261,86,175
11/17/2016 17:00,448,109,339
11/17/2016 18:00,307,95,212
11/17/2016 19:00,149,47,102
11/17/2016 20:00,89,24,65
11/17/2016 21:00,64,18,46
11/17/2016 22:00,45,15,30
11/17/2016 23:00,27,11,16
11/18/2016 0:00,5,1,4
11/18/2016 1:00,9,2,7
11/18/2016 2:00,4,2,2
11/18/2016 3:00,2,0,2
11/18/2016 4:00,5,1,4
11/18/2016 5:00,29,18,11
11/18/2016 6:00,105,62,43
11/18/2016 7:00,246,161,85
11/18/2016 8:00,415,248,167
11/18/2016 9:00,215,116,99
11/18/2016 10:00,109,60,49
11/18/2016 11:00,83,43,40
11/18/2016 12:00,64,26,38
11/18/2016 13:00,83,50,33
11/18/2016 14:00,86,35,51
11/18/2016 15:00,119,40,79
11/18/2016 16:00,270,82,188
11/18/2016 17:00,408,99,309
11/18/2016 18:00,230,63,167
11/18/2016 19:00,98,28,70
11/18/2016 20:00,42,15,27
11/18/2016 21:00,44,14,30
11/18/2016 22:00,30,14,16
11/18/2016 23:00,18,6,12
11/19/2016 0:00,14,2,12
11/19/2016 1:00,6,2,4
11/19/2016 2:00,6,1,5
11/19/2016 3:00,2,1,1
11/19/2016 4:00,0,0,0
11/19/2016 5:00,6,3,3
11/19/2016 6:00,11,5,6
11/19/2016 7:00,20,13,7
11/19/2016 8:00,42,22,20
11/19/2016 9:00,42,29,13
11/19/2016 10:00,47,21,26
11/19/2016 11:00,54,24,30
11/19/2016 12:00,88,50,38
11/19/2016 13:00,58,33,25
11/19/2016 14:00,70,24,46
11/19/2016 15:00,82,41,41
11/19/2016 16:00,68,35,33
11/19/2016 17:00,42,23,19
11/19/2016 18:00,36,19,17
11/19/2016 19:00,40,17,23
11/19/2016 20:00,29,17,12
11/19/2016 21:00,32,8,24
11/19/2016 22:00,28,9,19
11/19/2016 23:00,16,4,12
11/20/2016 0:00,17,7,10
11/20/2016 1:00,7,3,4
11/20/2016 2:00,3,3,0
11/20/2016 3:00,0,0,0
11/20/2016 4:00,2,1,1
11/20/2016 5:00,3,3,0
11/20/2016 6:00,3,0,3
11/20/2016 7:00,11,6,5
11/20/2016 8:00,20,12,8
11/20/2016 9:00,24,18,6
11/20/2016 10:00,34,16,18
11/20/2016 11:00,36,17,19
11/20/2016 12:00,48,27,21
11/20/2016 13:00,48,23,25
11/20/2016 14:00,40,20,20
11/20/2016 15:00,54,26,28
11/20/2016 16:00,35,18,17
11/20/2016 17:00,44,24,20
11/20/2016 18:00,36,12,24
11/20/2016 19:00,21,7,14
11/20/2016 20:00,16,7,9
11/20/2016 21:00,18,12,6
11/20/2016 22:00,15,9,6
11/20/2016 23:00,9,4,5
11/21/2016 0:00,0,0,0
11/21/2016 1:00,2,0,2
11/21/2016 2:00,0,0,0
11/21/2016 3:00,1,1,0
11/21/2016 4:00,7,6,1
11/21/2016 5:00,28,19,9
11/21/2016 6:00,127,74,53
11/21/2016 7:00,302,194,108
11/21/2016 8:00,392,226,166
11/21/2016 9:00,238,132,106
11/21/2016 10:00,106,70,36
11/21/2016 11:00,44,20,24
11/21/2016 12:00,74,34,40
11/21/2016 13:00,71,38,33
11/21/2016 14:00,116,55,61
11/21/2016 15:00,135,56,79
11/21/2016 16:00,278,91,187
11/21/2016 17:00,456,98,358
11/21/2016 18:00,312,85,227
11/21/2016 19:00,108,43,65
11/21/2016 20:00,88,34,54
11/21/2016 21:00,32,11,21
11/21/2016 22:00,30,12,18
11/21/2016 23:00,9,4,5
11/22/2016 0:00,9,4,5
11/22/2016 1:00,1,0,1
11/22/2016 2:00,1,0,1
11/22/2016 3:00,1,1,0
11/22/2016 4:00,8,5,3
11/22/2016 5:00,28,17,11
11/22/2016 6:00,108,67,41
11/22/2016 7:00,231,136,95
11/22/2016 8:00,332,196,136
11/22/2016 9:00,172,91,81
11/22/2016 10:00,81,41,40
11/22/2016 11:00,50,34,16
11/22/2016 12:00,55,35,20
11/22/2016 13:00,54,23,31
11/22/2016 14:00,55,21,34
11/22/2016 15:00,92,39,53
11/22/2016 16:00,174,62,112
11/22/2016 17:00,306,66,240
11/22/2016 18:00,185,39,146
11/22/2016 19:00,90,22,68
11/22/2016 20:00,49,16,33
11/22/2016 21:00,22,8,14
11/22/2016 22:00,22,6,16
11/22/2016 23:00,10,5,5
11/23/2016 0:00,7,3,4
11/23/2016 1:00,4,2,2
11/23/2016 2:00,2,0,2
11/23/2016 3:00,0,0,0
11/23/2016 4:00,3,1,2
11/23/2016 5:00,32,18,14
11/23/2016 6:00,67,40,27
11/23/2016 7:00,159,98,61
11/23/2016 8:00,255,158,97
11/23/2016 9:00,147,84,63
11/23/2016 10:00,80,32,48
11/23/2016 11:00,50,29,21
11/23/2016 12:00,55,26,29
11/23/2016 13:00,65,26,39
11/23/2016 14:00,91,28,63
11/23/2016 15:00,131,36,95
11/23/2016 16:00,210,59,151
11/23/2016 17:00,191,62,129
11/23/2016 18:00,133,33,100
11/23/2016 19:00,51,22,29
11/23/2016 20:00,37,14,23
11/23/2016 21:00,13,6,7
11/23/2016 22:00,8,3,5
11/23/2016 23:00,3,0,3
11/24/2016 0:00,2,0,2
11/24/2016 1:00,2,1,1
11/24/2016 2:00,1,0,1
11/24/2016 3:00,1,0,1
11/24/2016 4:00,1,0,1
11/24/2016 5:00,0,0,0
11/24/2016 6:00,3,2,1
11/24/2016 7:00,7,3,4
11/24/2016 8:00,12,4,8
11/24/2016 9:00,16,9,7
11/24/2016 10:00,17,11,6
11/24/2016 11:00,11,4,7
11/24/2016 12:00,24,3,21
11/24/2016 13:00,13,6,7
11/24/2016 14:00,10,7,3
11/24/2016 15:00,9,4,5
11/24/2016 16:00,3,1,2
11/24/2016 17:00,5,4,1
11/24/2016 18:00,0,0,0
11/24/2016 19:00,3,3,0
11/24/2016 20:00,25,2,23
11/24/2016 21:00,4,2,2
11/24/2016 22:00,4,2,2
11/24/2016 23:00,6,1,5
11/25/2016 0:00,3,2,1
11/25/2016 1:00,0,0,0
11/25/2016 2:00,2,1,1
11/25/2016 3:00,1,0,1
11/25/2016 4:00,7,4,3
11/25/2016 5:00,8,5,3
11/25/2016 6:00,13,7,6
11/25/2016 7:00,27,14,13
11/25/2016 8:00,45,25,20
11/25/2016 9:00,49,28,21
11/25/2016 10:00,77,44,33
11/25/2016 11:00,95,41,54
11/25/2016 12:00,111,63,48
11/25/2016 13:00,104,51,53
11/25/2016 14:00,91,37,54
11/25/2016 15:00,93,37,56
11/25/2016 16:00,62,27,35
11/25/2016 17:00,49,14,35
11/25/2016 18:00,49,17,32
11/25/2016 19:00,21,3,18
11/25/2016 20:00,26,15,11
11/25/2016 21:00,13,6,7
11/25/2016 22:00,9,4,5
11/25/2016 23:00,12,6,6
11/26/2016 0:00,10,5,5
11/26/2016 1:00,0,0,0
11/26/2016 2:00,1,1,0
11/26/2016 3:00,0,0,0
11/26/2016 4:00,2,2,0
11/26/2016 5:00,4,1,3
11/26/2016 6:00,6,3,3
11/26/2016 7:00,7,4,3
11/26/2016 8:00,20,6,14
11/26/2016 9:00,20,8,12
11/26/2016 10:00,14,9,5
11/26/2016 11:00,24,12,12
11/26/2016 12:00,39,25,14
11/26/2016 13:00,47,27,20
11/26/2016 14:00,42,17,25
11/26/2016 15:00,43,15,28
11/26/2016 16:00,27,13,14
11/26/2016 17:00,29,12,17
11/26/2016 18:00,31,12,19
11/26/2016 19:00,22,11,11
11/26/2016 20:00,13,7,6
11/26/2016 21:00,14,5,9
11/26/2016 22:00,6,2,4
11/26/2016 23:00,7,5,2
11/27/2016 0:00,9,5,4
11/27/2016 1:00,5,3,2
11/27/2016 2:00,2,1,1
11/27/2016 3:00,0,0,0
11/27/2016 4:00,1,1,0
11/27/2016 5:00,5,3,2
11/27/2016 6:00,6,2,4
11/27/2016 7:00,7,7,0
11/27/2016 8:00,29,18,11
11/27/2016 9:00,51,20,31
11/27/2016 10:00,61,34,27
11/27/2016 11:00,61,33,28
11/27/2016 12:00,61,31,30
11/27/2016 13:00,31,19,12
11/27/2016 14:00,25,14,11
11/27/2016 15:00,24,13,11
11/27/2016 16:00,30,13,17
11/27/2016 17:00,19,13,6
11/27/2016 18:00,14,5,9
11/27/2016 19:00,20,8,12
11/27/2016 20:00,10,4,6
11/27/2016 21:00,8,4,4
11/27/2016 22:00,8,3,5
11/27/2016 23:00,3,0,3
11/28/2016 0:00,3,1,2
11/28/2016 1:00,0,0,0
11/28/2016 2:00,0,0,0
11/28/2016 3:00,2,1,1
11/28/2016 4:00,6,2,4
11/28/2016 5:00,40,26,14
11/28/2016 6:00,104,61,43
11/28/2016 7:00,312,208,104
11/28/2016 8:00,388,244,144
11/28/2016 9:00,222,120,102
11/28/2016 10:00,88,44,44
11/28/2016 11:00,62,31,31
11/28/2016 12:00,51,23,28
11/28/2016 13:00,56,28,28
11/28/2016 14:00,68,30,38
11/28/2016 15:00,112,45,67
11/28/2016 16:00,232,79,153
11/28/2016 17:00,474,101,373
11/28/2016 18:00,291,86,205
11/28/2016 19:00,135,46,89
11/28/2016 20:00,63,21,42
11/28/2016 21:00,44,18,26
11/28/2016 22:00,19,4,15
11/28/2016 23:00,9,3,6
11/29/2016 0:00,7,3,4
11/29/2016 1:00,3,1,2
11/29/2016 2:00,0,0,0
11/29/2016 3:00,1,0,1
11/29/2016 4:00,7,5,2
11/29/2016 5:00,43,28,15
11/29/2016 6:00,120,71,49
11/29/2016 7:00,307,196,111
11/29/2016 8:00,462,270,192
11/29/2016 9:00,231,122,109
11/29/2016 10:00,116,68,48
11/29/2016 11:00,59,34,25
11/29/2016 12:00,49,24,25
11/29/2016 13:00,81,42,39
11/29/2016 14:00,78,37,41
11/29/2016 15:00,122,46,76
11/29/2016 16:00,258,82,176
11/29/2016 17:00,509,129,380
11/29/2016 18:00,307,97,210
11/29/2016 19:00,128,42,86
11/29/2016 20:00,62,22,40
11/29/2016 21:00,45,19,26
11/29/2016 22:00,26,15,11
11/29/2016 23:00,5,3,2
11/30/2016 0:00,3,3,0
11/30/2016 1:00,2,1,1
11/30/2016 2:00,3,2,1
11/30/2016 3:00,0,0,0
11/30/2016 4:00,8,6,2
11/30/2016 5:00,28,22,6
11/30/2016 6:00,108,68,40
11/30/2016 7:00,247,154,93
11/30/2016 8:00,365,221,144
11/30/2016 9:00,193,100,93
11/30/2016 10:00,76,29,47
11/30/2016 11:00,39,25,14
11/30/2016 12:00,45,19,26
11/30/2016 13:00,50,24,26
11/30/2016 14:00,56,31,25
11/30/2016 15:00,87,34,53
11/30/2016 16:00,198,56,142
11/30/2016 17:00,365,89,276
11/30/2016 18:00,254,80,174
11/30/2016 19:00,109,45,64
11/30/2016 20:00,76,30,46
11/30/2016 21:00,38,22,16
11/30/2016 22:00,28,12,16
11/30/2016 23:00,13,3,10
12/1/2016 0:00,11,7,4
12/1/2016 1:00,3,2,1
12/1/2016 2:00,2,0,2
12/1/2016 3:00,0,0,0
12/1/2016 4:00,5,1,4
12/1/2016 5:00,35,27,8
12/1/2016 6:00,119,70,49
12/1/2016 7:00,295,204,91
12/1/2016 8:00,414,243,171
12/1/2016 9:00,197,101,96
12/1/2016 10:00,98,53,45
12/1/2016 11:00,66,41,25
12/1/2016 12:00,53,28,25
12/1/2016 13:00,67,34,33
12/1/2016 14:00,56,23,33
12/1/2016 15:00,94,39,55
12/1/2016 16:00,227,76,151
12/1/2016 17:00,454,114,340
12/1/2016 18:00,306,87,219
12/1/2016 19:00,141,48,93
12/1/2016 20:00,74,24,50
12/1/2016 21:00,48,19,29
12/1/2016 22:00,33,10,23
12/1/2016 23:00,8,3,5
12/2/2016 0:00,7,0,7
12/2/2016 1:00,7,5,2
12/2/2016 2:00,0,0,0
12/2/2016 3:00,0,0,0
12/2/2016 4:00,8,6,2
12/2/2016 5:00,21,12,9
12/2/2016 6:00,65,40,25
12/2/2016 7:00,209,137,72
12/2/2016 8:00,240,153,87
12/2/2016 9:00,144,77,67
12/2/2016 10:00,59,31,28
12/2/2016 11:00,35,19,16
12/2/2016 12:00,45,23,22
12/2/2016 13:00,56,27,29
12/2/2016 14:00,37,19,18
12/2/2016 15:00,67,25,42
12/2/2016 16:00,139,38,101
12/2/2016 17:00,295,70,225
12/2/2016 18:00,153,40,113
12/2/2016 19:00,55,17,38
12/2/2016 20:00,29,13,16
12/2/2016 21:00,20,7,13
12/2/2016 22:00,30,11,19
12/2/2016 23:00,11,6,5
12/3/2016 0:00,9,6,3
12/3/2016 1:00,2,0,2
12/3/2016 2:00,2,1,1
12/3/2016 3:00,2,2,0
12/3/2016 4:00,3,0,3
12/3/2016 5:00,7,2,5
12/3/2016 6:00,17,9,8
12/3/2016 7:00,16,9,7
12/3/2016 8:00,58,33,25
12/3/2016 9:00,72,42,30
12/3/2016 10:00,58,28,30
12/3/2016 11:00,76,38,38
12/3/2016 12:00,91,59,32
12/3/2016 13:00,60,30,30
12/3/2016 14:00,76,44,32
12/3/2016 15:00,69,29,40
12/3/2016 16:00,74,49,25
12/3/2016 17:00,49,17,32
12/3/2016 18:00,30,11,19
12/3/2016 19:00,19,12,7
12/3/2016 20:00,17,8,9
12/3/2016 21:00,21,17,4
12/3/2016 22:00,9,2,7
12/3/2016 23:00,10,5,5
12/4/2016 0:00,12,6,6
12/4/2016 1:00,7,3,4
12/4/2016 2:00,2,0,2
12/4/2016 3:00,0,0,0
12/4/2016 4:00,3,2,1
12/4/2016 5:00,2,1,1
12/4/2016 6:00,3,1,2
12/4/2016 7:00,11,5,6
12/4/2016 8:00,20,11,9
12/4/2016 9:00,43,29,14
12/4/2016 10:00,48,21,27
12/4/2016 11:00,91,56,35
12/4/2016 12:00,104,63,41
12/4/2016 13:00,119,56,63
12/4/2016 14:00,107,59,48
12/4/2016 15:00,112,62,50
12/4/2016 16:00,76,38,38
12/4/2016 17:00,48,24,24
12/4/2016 18:00,42,24,18
12/4/2016 19:00,20,10,10
12/4/2016 20:00,13,5,8
12/4/2016 21:00,11,4,7
12/4/2016 22:00,10,3,7
12/4/2016 23:00,12,3,9
12/5/2016 0:00,2,1,1
12/5/2016 1:00,2,1,1
12/5/2016 2:00,0,0,0
12/5/2016 3:00,1,1,0
12/5/2016 4:00,7,4,3
12/5/2016 5:00,31,23,8
12/5/2016 6:00,77,46,31
12/5/2016 7:00,169,104,65
12/5/2016 8:00,220,138,82
12/5/2016 9:00,114,63,51
12/5/2016 10:00,41,20,21
12/5/2016 11:00,27,11,16
12/5/2016 12:00,22,11,11
12/5/2016 13:00,28,14,14
12/5/2016 14:00,35,15,20
12/5/2016 15:00,61,26,35
12/5/2016 16:00,110,34,76
12/5/2016 17:00,266,58,208
12/5/2016 18:00,163,39,124
12/5/2016 19:00,66,18,48
12/5/2016 20:00,38,19,19
12/5/2016 21:00,13,7,6
12/5/2016 22:00,12,4,8
12/5/2016 23:00,8,3,5
12/6/2016 0:00,6,3,3
12/6/2016 1:00,1,1,0
12/6/2016 2:00,1,0,1
12/6/2016 3:00,0,0,0
12/6/2016 4:00,4,3,1
12/6/2016 5:00,14,7,7
12/6/2016 6:00,66,39,27
12/6/2016 7:00,197,126,71
12/6/2016 8:00,274,149,125
12/6/2016 9:00,179,93,86
12/6/2016 10:00,58,32,26
12/6/2016 11:00,49,26,23
12/6/2016 12:00,48,28,20
12/6/2016 13:00,49,25,24
12/6/2016 14:00,48,23,25
12/6/2016 15:00,89,34,55
12/6/2016 16:00,181,57,124
12/6/2016 17:00,308,78,230
12/6/2016 18:00,217,67,150
12/6/2016 19:00,77,20,57
12/6/2016 20:00,49,17,32
12/6/2016 21:00,30,11,19
12/6/2016 22:00,16,6,10
12/6/2016 23:00,11,3,8
12/7/2016 0:00,6,3,3
12/7/2016 1:00,5,2,3
12/7/2016 2:00,0,0,0
12/7/2016 3:00,2,2,0
12/7/2016 4:00,5,4,1
12/7/2016 5:00,30,18,12
12/7/2016 6:00,73,41,32
12/7/2016 7:00,196,120,76
12/7/2016 8:00,278,164,114
12/7/2016 9:00,166,97,69
12/7/2016 10:00,76,36,40
12/7/2016 11:00,35,21,14
12/7/2016 12:00,46,25,21
12/7/2016 13:00,60,28,32
12/7/2016 14:00,47,19,28
12/7/2016 15:00,84,27,57
12/7/2016 16:00,157,55,102
12/7/2016 17:00,278,59,219
12/7/2016 18:00,200,64,136
12/7/2016 19:00,90,31,59
12/7/2016 20:00,48,12,36
12/7/2016 21:00,24,8,16
12/7/2016 22:00,27,10,17
12/7/2016 23:00,7,3,4
12/8/2016 0:00,5,3,2
12/8/2016 1:00,2,1,1
12/8/2016 2:00,1,1,0
12/8/2016 3:00,0,0,0
12/8/2016 4:00,7,6,1
12/8/2016 5:00,30,16,14
12/8/2016 6:00,53,35,18
12/8/2016 7:00,152,90,62
12/8/2016 8:00,232,130,102
12/8/2016 9:00,152,91,61
12/8/2016 10:00,53,26,27
12/8/2016 11:00,32,15,17
12/8/2016 12:00,34,14,20
12/8/2016 13:00,32,20,12
12/8/2016 14:00,42,23,19
12/8/2016 15:00,90,36,54
12/8/2016 16:00,160,49,111
12/8/2016 17:00,257,67,190
12/8/2016 18:00,126,39,87
12/8/2016 19:00,63,26,37
12/8/2016 20:00,34,15,19
12/8/2016 21:00,32,7,25
12/8/2016 22:00,11,6,5
12/8/2016 23:00,4,3,1
12/9/2016 0:00,1,0,1
12/9/2016 1:00,2,0,2
12/9/2016 2:00,1,1,0
12/9/2016 3:00,1,0,1
12/9/2016 4:00,5,0,5
12/9/2016 5:00,18,12,6
12/9/2016 6:00,13,6,7
12/9/2016 7:00,50,22,28
12/9/2016 8:00,55,28,27
12/9/2016 9:00,45,16,29
12/9/2016 10:00,36,18,18
12/9/2016 11:00,19,7,12
12/9/2016 12:00,14,4,10
12/9/2016 13:00,17,11,6
12/9/2016 14:00,21,9,12
12/9/2016 15:00,27,9,18
12/9/2016 16:00,46,15,31
12/9/2016 17:00,83,17,66
12/9/2016 18:00,45,15,30
12/9/2016 19:00,29,10,19
12/9/2016 20:00,15,3,12
12/9/2016 21:00,6,2,4
12/9/2016 22:00,12,3,9
12/9/2016 23:00,5,3,2
12/10/2016 0:00,3,2,1
12/10/2016 1:00,2,0,2
12/10/2016 2:00,2,1,1
12/10/2016 3:00,0,0,0
12/10/2016 4:00,1,1,0
12/10/2016 5:00,7,3,4
12/10/2016 6:00,7,2,5
12/10/2016 7:00,9,3,6
12/10/2016 8:00,37,19,18
12/10/2016 9:00,37,25,12
12/10/2016 10:00,44,28,16
12/10/2016 11:00,47,23,24
12/10/2016 12:00,23,11,12
12/10/2016 13:00,15,9,6
12/10/2016 14:00,23,9,14
12/10/2016 15:00,29,15,14
12/10/2016 16:00,24,10,14
12/10/2016 17:00,19,5,14
12/10/2016 18:00,31,14,17
12/10/2016 19:00,13,5,8
12/10/2016 20:00,17,8,9
12/10/2016 21:00,11,6,5
12/10/2016 22:00,8,3,5
12/10/2016 23:00,12,5,7
12/11/2016 0:00,9,5,4
12/11/2016 1:00,2,1,1
12/11/2016 2:00,1,1,0
12/11/2016 3:00,0,0,0
12/11/2016 4:00,2,1,1
12/11/2016 5:00,1,0,1
12/11/2016 6:00,7,3,4
12/11/2016 7:00,8,5,3
12/11/2016 8:00,20,10,10
12/11/2016 9:00,22,10,12
12/11/2016 10:00,39,25,14
12/11/2016 11:00,42,24,18
12/11/2016 12:00,39,23,16
12/11/2016 13:00,44,17,27
12/11/2016 14:00,46,19,27
12/11/2016 15:00,43,18,25
12/11/2016 16:00,39,19,20
12/11/2016 17:00,17,9,8
12/11/2016 18:00,26,18,8
12/11/2016 19:00,21,9,12
12/11/2016 20:00,10,4,6
12/11/2016 21:00,10,5,5
12/11/2016 22:00,5,1,4
12/11/2016 23:00,3,2,1
12/12/2016 0:00,5,3,2
12/12/2016 1:00,3,0,3
12/12/2016 2:00,2,2,0
12/12/2016 3:00,0,0,0
12/12/2016 4:00,9,5,4
12/12/2016 5:00,24,16,8
12/12/2016 6:00,84,53,31
12/12/2016 7:00,214,134,80
12/12/2016 8:00,293,172,121
12/12/2016 9:00,181,100,81
12/12/2016 10:00,57,21,36
12/12/2016 11:00,29,12,17
12/12/2016 12:00,33,16,17
12/12/2016 13:00,42,26,16
12/12/2016 14:00,26,13,13
12/12/2016 15:00,66,25,41
12/12/2016 16:00,166,50,116
12/12/2016 17:00,338,79,259
12/12/2016 18:00,227,61,166
12/12/2016 19:00,103,34,69
12/12/2016 20:00,53,14,39
12/12/2016 21:00,30,10,20
12/12/2016 22:00,10,4,6
12/12/2016 23:00,13,6,7
12/13/2016 0:00,6,2,4
12/13/2016 1:00,2,1,1
12/13/2016 2:00,0,0,0
12/13/2016 3:00,0,0,0
12/13/2016 4:00,6,3,3
12/13/2016 5:00,26,19,7
12/13/2016 6:00,89,51,38
12/13/2016 7:00,246,164,82
12/13/2016 8:00,344,201,143
12/13/2016 9:00,192,120,72
12/13/2016 10:00,79,35,44
12/13/2016 11:00,44,19,25
12/13/2016 12:00,55,24,31
12/13/2016 13:00,60,28,32
12/13/2016 14:00,49,25,24
12/13/2016 15:00,92,34,58
12/13/2016 16:00,181,51,130
12/13/2016 17:00,344,80,264
12/13/2016 18:00,242,66,176
12/13/2016 19:00,93,29,64
12/13/2016 20:00,52,18,34
12/13/2016 21:00,37,13,24
12/13/2016 22:00,23,7,16
12/13/2016 23:00,12,5,7
12/14/2016 0:00,11,4,7
12/14/2016 1:00,2,1,1
12/14/2016 2:00,0,0,0
12/14/2016 3:00,0,0,0
12/14/2016 4:00,4,2,2
12/14/2016 5:00,21,14,7
12/14/2016 6:00,83,44,39
12/14/2016 7:00,190,118,72
12/14/2016 8:00,295,174,121
12/14/2016 9:00,191,93,98
12/14/2016 10:00,79,38,41
12/14/2016 11:00,41,24,17
12/14/2016 12:00,50,23,27
12/14/2016 13:00,45,20,25
12/14/2016 14:00,58,26,32
12/14/2016 15:00,86,26,60
12/14/2016 16:00,145,50,95
12/14/2016 17:00,299,82,217
12/14/2016 18:00,206,46,160
12/14/2016 19:00,88,25,63
12/14/2016 20:00,50,18,32
12/14/2016 21:00,31,12,19
12/14/2016 22:00,22,4,18
12/14/2016 23:00,8,5,3
12/15/2016 0:00,4,2,2
12/15/2016 1:00,4,1,3
12/15/2016 2:00,1,0,1
12/15/2016 3:00,0,0,0
12/15/2016 4:00,3,1,2
12/15/2016 5:00,20,11,9
12/15/2016 6:00,63,32,31
12/15/2016 7:00,199,131,68
12/15/2016 8:00,252,147,105
12/15/2016 9:00,159,89,70
12/15/2016 10:00,69,32,37
12/15/2016 11:00,35,21,14
12/15/2016 12:00,39,17,22
12/15/2016 13:00,57,28,29
12/15/2016 14:00,40,19,21
12/15/2016 15:00,83,32,51
12/15/2016 16:00,177,51,126
12/15/2016 17:00,326,86,240
12/15/2016 18:00,173,59,114
12/15/2016 19:00,83,22,61
12/15/2016 20:00,36,9,27
12/15/2016 21:00,23,8,15
12/15/2016 22:00,22,9,13
12/15/2016 23:00,7,4,3
12/16/2016 0:00,4,0,4
12/16/2016 1:00,1,1,0
12/16/2016 2:00,0,0,0
12/16/2016 3:00,1,0,1
12/16/2016 4:00,1,0,1
12/16/2016 5:00,16,11,5
12/16/2016 6:00,47,31,16
12/16/2016 7:00,138,79,59
12/16/2016 8:00,205,132,73
12/16/2016 9:00,127,68,59
12/16/2016 10:00,63,30,33
12/16/2016 11:00,41,17,24
12/16/2016 12:00,38,20,18
12/16/2016 13:00,34,17,17
12/16/2016 14:00,44,15,29
12/16/2016 15:00,82,26,56
12/16/2016 16:00,163,42,121
12/16/2016 17:00,228,58,170
12/16/2016 18:00,134,44,90
12/16/2016 19:00,46,11,35
12/16/2016 20:00,31,7,24
12/16/2016 21:00,30,13,17
12/16/2016 22:00,18,3,15
12/16/2016 23:00,16,5,11
12/17/2016 0:00,9,4,5
12/17/2016 1:00,3,0,3
12/17/2016 2:00,3,1,2
12/17/2016 3:00,3,0,3
12/17/2016 4:00,0,0,0
12/17/2016 5:00,5,2,3
12/17/2016 6:00,11,7,4
12/17/2016 7:00,8,2,6
12/17/2016 8:00,18,10,8
12/17/2016 9:00,25,14,11
12/17/2016 10:00,31,18,13
12/17/2016 11:00,40,21,19
12/17/2016 12:00,34,17,17
12/17/2016 13:00,47,25,22
12/17/2016 14:00,47,20,27
12/17/2016 15:00,57,22,35
12/17/2016 16:00,46,19,27
12/17/2016 17:00,36,15,21
12/17/2016 18:00,32,18,14
12/17/2016 19:00,12,2,10
12/17/2016 20:00,8,3,5
12/17/2016 21:00,9,3,6
12/17/2016 22:00,14,4,10
12/17/2016 23:00,20,9,11
12/18/2016 0:00,10,2,8
12/18/2016 1:00,8,4,4
12/18/2016 2:00,3,2,1
12/18/2016 3:00,0,0,0
12/18/2016 4:00,1,1,0
12/18/2016 5:00,1,0,1
12/18/2016 6:00,4,2,2
12/18/2016 7:00,4,3,1
12/18/2016 8:00,15,9,6
12/18/2016 9:00,17,8,9
12/18/2016 10:00,26,14,12
12/18/2016 11:00,48,26,22
12/18/2016 12:00,49,27,22
12/18/2016 13:00,50,27,23
12/18/2016 14:00,51,25,26
12/18/2016 15:00,43,17,26
12/18/2016 16:00,33,16,17
12/18/2016 17:00,22,11,11
12/18/2016 18:00,20,13,7
12/18/2016 19:00,12,3,9
12/18/2016 20:00,6,4,2
12/18/2016 21:00,20,14,6
12/18/2016 22:00,5,3,2
12/18/2016 23:00,8,0,8
12/19/2016 0:00,2,1,1
12/19/2016 1:00,6,1,5
12/19/2016 2:00,1,1,0
12/19/2016 3:00,0,0,0
12/19/2016 4:00,3,2,1
12/19/2016 5:00,18,11,7
12/19/2016 6:00,56,38,18
12/19/2016 7:00,140,85,55
12/19/2016 8:00,194,121,73
12/19/2016 9:00,130,70,60
12/19/2016 10:00,54,30,24
12/19/2016 11:00,31,16,15
12/19/2016 12:00,18,7,11
12/19/2016 13:00,25,11,14
12/19/2016 14:00,34,16,18
12/19/2016 15:00,62,24,38
12/19/2016 16:00,139,47,92
12/19/2016 17:00,229,51,178
12/19/2016 18:00,172,49,123
12/19/2016 19:00,55,12,43
12/19/2016 20:00,32,11,21
12/19/2016 21:00,13,4,9
12/19/2016 22:00,6,2,4
12/19/2016 23:00,7,2,5
12/20/2016 0:00,3,1,2
12/20/2016 1:00,1,0,1
12/20/2016 2:00,0,0,0
12/20/2016 3:00,1,0,1
12/20/2016 4:00,5,2,3
12/20/2016 5:00,18,9,9
12/20/2016 6:00,62,39,23
12/20/2016 7:00,176,105,71
12/20/2016 8:00,229,133,96
12/20/2016 9:00,160,82,78
12/20/2016 10:00,78,44,34
12/20/2016 11:00,50,28,22
12/20/2016 12:00,46,23,23
12/20/2016 13:00,59,30,29
12/20/2016 14:00,61,33,28
12/20/2016 15:00,84,33,51
12/20/2016 16:00,174,49,125
12/20/2016 17:00,272,70,202
12/20/2016 18:00,194,52,142
12/20/2016 19:00,80,18,62
12/20/2016 20:00,33,12,21
12/20/2016 21:00,24,11,13
12/20/2016 22:00,13,7,6
12/20/2016 23:00,7,2,5
12/21/2016 0:00,6,3,3
12/21/2016 1:00,1,0,1
12/21/2016 2:00,0,0,0
12/21/2016 3:00,0,0,0
12/21/2016 4:00,3,2,1
12/21/2016 5:00,31,18,13
12/21/2016 6:00,73,40,33
12/21/2016 7:00,199,125,74
12/21/2016 8:00,258,154,104
12/21/2016 9:00,136,74,62
12/21/2016 10:00,74,35,39
12/21/2016 11:00,48,28,20
12/21/2016 12:00,56,35,21
12/21/2016 13:00,67,37,30
12/21/2016 14:00,69,32,37
12/21/2016 15:00,102,47,55
12/21/2016 16:00,171,50,121
12/21/2016 17:00,315,72,243
12/21/2016 18:00,196,60,136
12/21/2016 19:00,83,35,48
12/21/2016 20:00,44,11,33
12/21/2016 21:00,27,15,12
12/21/2016 22:00,22,10,12
12/21/2016 23:00,17,4,13
12/22/2016 0:00,9,4,5
12/22/2016 1:00,2,2,0
12/22/2016 2:00,1,0,1
12/22/2016 3:00,0,0,0
12/22/2016 4:00,4,1,3
12/22/2016 5:00,24,15,9
12/22/2016 6:00,67,42,25
12/22/2016 7:00,129,78,51
12/22/2016 8:00,199,113,86
12/22/2016 9:00,116,64,52
12/22/2016 10:00,69,40,29
12/22/2016 11:00,18,10,8
12/22/2016 12:00,30,15,15
12/22/2016 13:00,37,22,15
12/22/2016 14:00,38,11,27
12/22/2016 15:00,75,30,45
12/22/2016 16:00,144,46,98
12/22/2016 17:00,201,47,154
12/22/2016 18:00,129,43,86
12/22/2016 19:00,44,13,31
12/22/2016 20:00,27,7,20
12/22/2016 21:00,19,12,7
12/22/2016 22:00,19,8,11
12/22/2016 23:00,7,3,4
12/23/2016 0:00,6,2,4
12/23/2016 1:00,0,0,0
12/23/2016 2:00,1,1,0
12/23/2016 3:00,1,1,0
12/23/2016 4:00,2,1,1
12/23/2016 5:00,15,9,6
12/23/2016 6:00,26,16,10
12/23/2016 7:00,45,32,13
12/23/2016 8:00,63,31,32
12/23/2016 9:00,45,24,21
12/23/2016 10:00,24,9,15
12/23/2016 11:00,19,9,10
12/23/2016 12:00,19,8,11
12/23/2016 13:00,24,14,10
12/23/2016 14:00,25,13,12
12/23/2016 15:00,42,14,28
12/23/2016 16:00,50,13,37
12/23/2016 17:00,51,20,31
12/23/2016 18:00,44,15,29
12/23/2016 19:00,13,7,6
12/23/2016 20:00,13,4,9
12/23/2016 21:00,12,4,8
12/23/2016 22:00,7,4,3
12/23/2016 23:00,8,2,6
12/24/2016 0:00,2,2,0
12/24/2016 1:00,4,3,1
12/24/2016 2:00,0,0,0
12/24/2016 3:00,0,0,0
12/24/2016 4:00,1,0,1
12/24/2016 5:00,8,5,3
12/24/2016 6:00,10,6,4
12/24/2016 7:00,7,4,3
12/24/2016 8:00,32,18,14
12/24/2016 9:00,25,9,16
12/24/2016 10:00,21,13,8
12/24/2016 11:00,37,21,16
12/24/2016 12:00,44,26,18
12/24/2016 13:00,42,23,19
12/24/2016 14:00,33,19,14
12/24/2016 15:00,48,23,25
12/24/2016 16:00,20,8,12
12/24/2016 17:00,19,9,10
12/24/2016 18:00,10,1,9
12/24/2016 19:00,6,3,3
12/24/2016 20:00,8,5,3
12/24/2016 21:00,4,3,1
12/24/2016 22:00,1,1,0
12/24/2016 23:00,3,0,3
12/25/2016 0:00,4,2,2
12/25/2016 1:00,0,0,0
12/25/2016 2:00,1,0,1
12/25/2016 3:00,1,1,0
12/25/2016 4:00,0,0,0
12/25/2016 5:00,2,2,0
12/25/2016 6:00,2,1,1
12/25/2016 7:00,5,2,3
12/25/2016 8:00,3,2,1
12/25/2016 9:00,19,12,7
12/25/2016 10:00,21,12,9
12/25/2016 11:00,24,18,6
12/25/2016 12:00,25,13,12
12/25/2016 13:00,23,12,11
12/25/2016 14:00,38,19,19
12/25/2016 15:00,23,8,15
12/25/2016 16:00,17,6,11
12/25/2016 17:00,15,10,5
12/25/2016 18:00,11,3,8
12/25/2016 19:00,8,3,5
12/25/2016 20:00,7,2,5
12/25/2016 21:00,4,3,1
12/25/2016 22:00,2,1,1
12/25/2016 23:00,5,3,2
12/26/2016 0:00,4,2,2
12/26/2016 1:00,1,1,0
12/26/2016 2:00,4,2,2
12/26/2016 3:00,0,0,0
12/26/2016 4:00,4,3,1
12/26/2016 5:00,5,4,1
12/26/2016 6:00,10,6,4
12/26/2016 7:00,24,15,9
12/26/2016 8:00,11,8,3
12/26/2016 9:00,27,16,11
12/26/2016 10:00,20,10,10
12/26/2016 11:00,43,25,18
12/26/2016 12:00,38,17,21
12/26/2016 13:00,44,23,21
12/26/2016 14:00,41,24,17
12/26/2016 15:00,27,13,14
12/26/2016 16:00,18,6,12
12/26/2016 17:00,16,8,8
12/26/2016 18:00,21,9,12
12/26/2016 19:00,3,1,2
12/26/2016 20:00,9,3,6
12/26/2016 21:00,5,2,3
12/26/2016 22:00,4,2,2
12/26/2016 23:00,4,1,3
12/27/2016 0:00,4,3,1
12/27/2016 1:00,1,0,1
12/27/2016 2:00,0,0,0
12/27/2016 3:00,0,0,0
12/27/2016 4:00,6,3,3
12/27/2016 5:00,11,6,5
12/27/2016 6:00,55,29,26
12/27/2016 7:00,95,59,36
12/27/2016 8:00,109,55,54
12/27/2016 9:00,90,56,34
12/27/2016 10:00,56,28,28
12/27/2016 11:00,27,15,12
12/27/2016 12:00,42,18,24
12/27/2016 13:00,44,21,23
12/27/2016 14:00,41,20,21
12/27/2016 15:00,71,30,41
12/27/2016 16:00,107,31,76
12/27/2016 17:00,152,46,106
12/27/2016 18:00,99,40,59
12/27/2016 19:00,41,11,30
12/27/2016 20:00,21,9,12
12/27/2016 21:00,14,7,7
12/27/2016 22:00,7,3,4
12/27/2016 23:00,12,7,5
12/28/2016 0:00,2,1,1
12/28/2016 1:00,1,0,1
12/28/2016 2:00,0,0,0
12/28/2016 3:00,0,0,0
12/28/2016 4:00,7,2,5
12/28/2016 5:00,20,13,7
12/28/2016 6:00,55,28,27
12/28/2016 7:00,108,73,35
12/28/2016 8:00,162,92,70
12/28/2016 9:00,115,55,60
12/28/2016 10:00,56,24,32
12/28/2016 11:00,57,31,26
12/28/2016 12:00,70,40,30
12/28/2016 13:00,65,27,38
12/28/2016 14:00,72,29,43
12/28/2016 15:00,100,51,49
12/28/2016 16:00,126,47,79
12/28/2016 17:00,203,48,155
12/28/2016 18:00,122,35,87
12/28/2016 19:00,50,11,39
12/28/2016 20:00,27,11,16
12/28/2016 21:00,24,11,13
12/28/2016 22:00,21,10,11
12/28/2016 23:00,9,5,4
12/29/2016 0:00,9,6,3
12/29/2016 1:00,1,1,0
12/29/2016 2:00,0,0,0
12/29/2016 3:00,0,0,0
12/29/2016 4:00,3,3,0
12/29/2016 5:00,16,7,9
12/29/2016 6:00,40,24,16
12/29/2016 7:00,108,73,35
12/29/2016 8:00,149,86,63
12/29/2016 9:00,108,65,43
12/29/2016 10:00,55,27,28
12/29/2016 11:00,46,19,27
12/29/2016 12:00,25,13,12
12/29/2016 13:00,32,21,11
12/29/2016 14:00,43,18,25
12/29/2016 15:00,71,22,49
12/29/2016 16:00,106,36,70
12/29/2016 17:00,148,27,121
12/29/2016 18:00,87,28,59
12/29/2016 19:00,39,16,23
12/29/2016 20:00,19,7,12
12/29/2016 21:00,13,5,8
12/29/2016 22:00,11,4,7
12/29/2016 23:00,5,3,2
12/30/2016 0:00,5,1,4
12/30/2016 1:00,3,3,0
12/30/2016 2:00,0,0,0
12/30/2016 3:00,1,1,0
12/30/2016 4:00,3,0,3
12/30/2016 5:00,11,6,5
12/30/2016 6:00,31,15,16
12/30/2016 7:00,58,38,20
12/30/2016 8:00,107,56,51
12/30/2016 9:00,75,38,37
12/30/2016 10:00,67,30,37
12/30/2016 11:00,53,24,29
12/30/2016 12:00,59,33,26
12/30/2016 13:00,80,46,34
12/30/2016 14:00,74,30,44
12/30/2016 15:00,90,34,56
12/30/2016 16:00,131,50,81
12/30/2016 17:00,110,39,71
12/30/2016 18:00,58,20,38
12/30/2016 19:00,24,8,16
12/30/2016 20:00,16,7,9
12/30/2016 21:00,8,4,4
12/30/2016 22:00,13,6,7
12/30/2016 23:00,14,7,7
12/31/2016 0:00,4,3,1
12/31/2016 1:00,6,1,5
12/31/2016 2:00,2,0,2
12/31/2016 3:00,0,0,0
12/31/2016 4:00,4,3,1
12/31/2016 5:00,3,1,2
12/31/2016 6:00,6,4,2
12/31/2016 7:00,14,6,8
12/31/2016 8:00,36,21,15
12/31/2016 9:00,35,15,20
12/31/2016 10:00,43,27,16
12/31/2016 11:00,51,29,22
12/31/2016 12:00,40,27,13
12/31/2016 13:00,43,15,28
12/31/2016 14:00,29,14,15
12/31/2016 15:00,33,19,14
12/31/2016 16:00,38,16,22
12/31/2016 17:00,18,9,9
12/31/2016 18:00,15,4,11
12/31/2016 19:00,10,6,4
12/31/2016 20:00,9,3,6
12/31/2016 21:00,10,4,6
12/31/2016 22:00,15,7,8
12/31/2016 23:00,8,4,4
1/1/2017 0:00,5,0,5
1/1/2017 1:00,19,5,14
1/1/2017 2:00,1,1,0
1/1/2017 3:00,2,0,2
1/1/2017 4:00,1,0,1
1/1/2017 5:00,0,0,0
1/1/2017 6:00,4,2,2
1/1/2017 7:00,2,1,1
1/1/2017 8:00,5,2,3
1/1/2017 9:00,11,7,4
1/1/2017 10:00,13,7,6
1/1/2017 11:00,21,9,12
1/1/2017 12:00,25,17,8
1/1/2017 13:00,35,19,16
1/1/2017 14:00,42,16,26
1/1/2017 15:00,40,29,11
1/1/2017 16:00,32,21,11
1/1/2017 17:00,27,10,17
1/1/2017 18:00,16,7,9
1/1/2017 19:00,3,1,2
1/1/2017 20:00,3,1,2
1/1/2017 21:00,8,3,5
1/1/2017 22:00,6,2,4
1/1/2017 23:00,5,2,3
1/2/2017 0:00,1,0,1
1/2/2017 1:00,1,0,1
1/2/2017 2:00,1,1,0
1/2/2017 3:00,1,1,0
1/2/2017 4:00,1,0,1
1/2/2017 5:00,4,2,2
1/2/2017 6:00,11,7,4
1/2/2017 7:00,17,13,4
1/2/2017 8:00,29,17,12
1/2/2017 9:00,32,21,11
1/2/2017 10:00,43,20,23
1/2/2017 11:00,47,21,26
1/2/2017 12:00,55,27,28
1/2/2017 13:00,58,27,31
1/2/2017 14:00,73,36,37
1/2/2017 15:00,66,37,29
1/2/2017 16:00,54,25,29
1/2/2017 17:00,45,19,26
1/2/2017 18:00,31,16,15
1/2/2017 19:00,17,4,13
1/2/2017 20:00,12,6,6
1/2/2017 21:00,15,8,7
1/2/2017 22:00,4,3,1
1/2/2017 23:00,5,3,2
1/3/2017 0:00,3,0,3
1/3/2017 1:00,2,1,1
1/3/2017 2:00,2,2,0
1/3/2017 3:00,0,0,0
1/3/2017 4:00,9,7,2
1/3/2017 5:00,22,11,11
1/3/2017 6:00,75,46,29
1/3/2017 7:00,184,120,64
1/3/2017 8:00,272,175,97
1/3/2017 9:00,130,70,60
1/3/2017 10:00,58,31,27
1/3/2017 11:00,42,17,25
1/3/2017 12:00,34,16,18
1/3/2017 13:00,27,10,17
1/3/2017 14:00,31,13,18
1/3/2017 15:00,67,25,42
1/3/2017 16:00,160,49,111
1/3/2017 17:00,321,76,245
1/3/2017 18:00,180,48,132
1/3/2017 19:00,73,26,47
1/3/2017 20:00,24,8,16
1/3/2017 21:00,9,5,4
1/3/2017 22:00,8,1,7
1/3/2017 23:00,3,1,2
1/4/2017 0:00,3,2,1
1/4/2017 1:00,1,0,1
1/4/2017 2:00,0,0,0
1/4/2017 3:00,1,1,0
1/4/2017 4:00,5,3,2
1/4/2017 5:00,26,19,7
1/4/2017 6:00,68,36,32
1/4/2017 7:00,161,111,50
1/4/2017 8:00,278,175,103
1/4/2017 9:00,180,106,74
1/4/2017 10:00,57,26,31
1/4/2017 11:00,29,14,15
1/4/2017 12:00,35,14,21
1/4/2017 13:00,37,19,18
1/4/2017 14:00,44,17,27
1/4/2017 15:00,76,28,48
1/4/2017 16:00,155,54,101
1/4/2017 17:00,304,73,231
1/4/2017 18:00,198,60,138
1/4/2017 19:00,77,16,61
1/4/2017 20:00,29,10,19
1/4/2017 21:00,24,9,15
1/4/2017 22:00,12,8,4
1/4/2017 23:00,8,6,2
1/5/2017 0:00,1,0,1
1/5/2017 1:00,1,0,1
1/5/2017 2:00,1,0,1
1/5/2017 3:00,0,0,0
1/5/2017 4:00,4,3,1
1/5/2017 5:00,25,17,8
1/5/2017 6:00,61,36,25
1/5/2017 7:00,180,122,58
1/5/2017 8:00,269,162,107
1/5/2017 9:00,142,83,59
1/5/2017 10:00,57,30,27
1/5/2017 11:00,56,31,25
1/5/2017 12:00,42,23,19
1/5/2017 13:00,42,22,20
1/5/2017 14:00,50,20,30
1/5/2017 15:00,80,33,47
1/5/2017 16:00,162,48,114
1/5/2017 17:00,272,61,211
1/5/2017 18:00,185,58,127
1/5/2017 19:00,78,18,60
1/5/2017 20:00,26,6,20
1/5/2017 21:00,24,6,18
1/5/2017 22:00,11,5,6
1/5/2017 23:00,8,3,5
1/6/2017 0:00,4,3,1
1/6/2017 1:00,1,0,1
1/6/2017 2:00,0,0,0
1/6/2017 3:00,0,0,0
1/6/2017 4:00,3,2,1
1/6/2017 5:00,24,11,13
1/6/2017 6:00,65,34,31
1/6/2017 7:00,137,90,47
1/6/2017 8:00,254,161,93
1/6/2017 9:00,142,84,58
1/6/2017 10:00,71,40,31
1/6/2017 11:00,37,15,22
1/6/2017 12:00,51,27,24
1/6/2017 13:00,54,25,29
1/6/2017 14:00,41,17,24
1/6/2017 15:00,82,30,52
1/6/2017 16:00,154,40,114
1/6/2017 17:00,232,64,168
1/6/2017 18:00,163,41,122
1/6/2017 19:00,64,15,49
1/6/2017 20:00,33,13,20
1/6/2017 21:00,13,9,4
1/6/2017 22:00,12,3,9
1/6/2017 23:00,11,3,8
1/7/2017 0:00,11,5,6
1/7/2017 1:00,1,0,1
1/7/2017 2:00,3,1,2
1/7/2017 3:00,0,0,0
1/7/2017 4:00,0,0,0
1/7/2017 5:00,4,4,0
1/7/2017 6:00,6,4,2
1/7/2017 7:00,9,4,5
1/7/2017 8:00,29,17,12
1/7/2017 9:00,37,22,15
1/7/2017 10:00,30,18,12
1/7/2017 11:00,54,32,22
1/7/2017 12:00,47,27,20
1/7/2017 13:00,51,23,28
1/7/2017 14:00,48,25,23
1/7/2017 15:00,55,25,30
1/7/2017 16:00,49,27,22
1/7/2017 17:00,26,12,14
1/7/2017 18:00,29,14,15
1/7/2017 19:00,14,6,8
1/7/2017 20:00,13,4,9
1/7/2017 21:00,8,3,5
1/7/2017 22:00,6,2,4
1/7/2017 23:00,8,3,5
1/8/2017 0:00,11,4,7
1/8/2017 1:00,4,1,3
1/8/2017 2:00,1,1,0
1/8/2017 3:00,2,1,1
1/8/2017 4:00,0,0,0
1/8/2017 5:00,2,1,1
1/8/2017 6:00,6,1,5
1/8/2017 7:00,8,5,3
1/8/2017 8:00,17,8,9
1/8/2017 9:00,22,11,11
1/8/2017 10:00,36,19,17
1/8/2017 11:00,25,17,8
1/8/2017 12:00,25,14,11
1/8/2017 13:00,17,6,11
1/8/2017 14:00,16,10,6
1/8/2017 15:00,16,8,8
1/8/2017 16:00,13,5,8
1/8/2017 17:00,11,5,6
1/8/2017 18:00,8,4,4
1/8/2017 19:00,5,3,2
1/8/2017 20:00,7,1,6
1/8/2017 21:00,7,5,2
1/8/2017 22:00,5,2,3
1/8/2017 23:00,4,2,2
1/9/2017 0:00,3,2,1
1/9/2017 1:00,0,0,0
1/9/2017 2:00,0,0,0
1/9/2017 3:00,0,0,0
1/9/2017 4:00,7,5,2
1/9/2017 5:00,21,12,9
1/9/2017 6:00,83,55,28
1/9/2017 7:00,228,157,71
1/9/2017 8:00,333,202,131
1/9/2017 9:00,165,82,83
1/9/2017 10:00,64,30,34
1/9/2017 11:00,39,20,19
1/9/2017 12:00,29,19,10
1/9/2017 13:00,34,16,18
1/9/2017 14:00,23,10,13
1/9/2017 15:00,58,27,31
1/9/2017 16:00,159,52,107
1/9/2017 17:00,374,91,283
1/9/2017 18:00,236,48,188
1/9/2017 19:00,88,24,64
1/9/2017 20:00,41,13,28
1/9/2017 21:00,10,4,6
1/9/2017 22:00,12,6,6
1/9/2017 23:00,7,4,3
1/10/2017 0:00,5,2,3
1/10/2017 1:00,0,0,0
1/10/2017 2:00,1,1,0
1/10/2017 3:00,0,0,0
1/10/2017 4:00,6,5,1
1/10/2017 5:00,31,17,14
1/10/2017 6:00,85,53,32
1/10/2017 7:00,194,114,80
1/10/2017 8:00,270,158,112
1/10/2017 9:00,150,83,67
1/10/2017 10:00,53,25,28
1/10/2017 11:00,37,17,20
1/10/2017 12:00,40,21,19
1/10/2017 13:00,35,20,15
1/10/2017 14:00,46,19,27
1/10/2017 15:00,78,27,51
1/10/2017 16:00,140,53,87
1/10/2017 17:00,283,80,203
1/10/2017 18:00,200,59,141
1/10/2017 19:00,89,28,61
1/10/2017 20:00,41,9,32
1/10/2017 21:00,18,6,12
1/10/2017 22:00,13,4,9
1/10/2017 23:00,5,3,2
1/11/2017 0:00,3,2,1
1/11/2017 1:00,0,0,0
1/11/2017 2:00,0,0,0
1/11/2017 3:00,0,0,0
1/11/2017 4:00,6,4,2
1/11/2017 5:00,25,16,9
1/11/2017 6:00,72,51,21
1/11/2017 7:00,185,130,55
1/11/2017 8:00,268,162,106
1/11/2017 9:00,155,80,75
1/11/2017 10:00,82,35,47
1/11/2017 11:00,38,25,13
1/11/2017 12:00,36,22,14
1/11/2017 13:00,54,21,33
1/11/2017 14:00,37,15,22
1/11/2017 15:00,54,20,34
1/11/2017 16:00,159,56,103
1/11/2017 17:00,295,70,225
1/11/2017 18:00,225,62,163
1/11/2017 19:00,94,29,65
1/11/2017 20:00,36,14,22
1/11/2017 21:00,24,13,11
1/11/2017 22:00,20,9,11
1/11/2017 23:00,5,2,3
1/12/2017 0:00,6,2,4
1/12/2017 1:00,1,1,0
1/12/2017 2:00,2,1,1
1/12/2017 3:00,1,1,0
1/12/2017 4:00,2,1,1
1/12/2017 5:00,27,15,12
1/12/2017 6:00,60,37,23
1/12/2017 7:00,163,105,58
1/12/2017 8:00,271,158,113
1/12/2017 9:00,143,80,63
1/12/2017 10:00,67,39,28
1/12/2017 11:00,61,26,35
1/12/2017 12:00,37,20,17
1/12/2017 13:00,47,27,20
1/12/2017 14:00,54,30,24
1/12/2017 15:00,75,33,42
1/12/2017 16:00,141,54,87
1/12/2017 17:00,262,68,194
1/12/2017 18:00,211,68,143
1/12/2017 19:00,84,23,61
1/12/2017 20:00,47,12,35
1/12/2017 21:00,29,9,20
1/12/2017 22:00,30,17,13
1/12/2017 23:00,17,13,4
1/13/2017 0:00,4,2,2
1/13/2017 1:00,5,4,1
1/13/2017 2:00,1,1,0
1/13/2017 3:00,0,0,0
1/13/2017 4:00,3,2,1
1/13/2017 5:00,20,12,8
1/13/2017 6:00,62,39,23
1/13/2017 7:00,169,112,57
1/13/2017 8:00,236,139,97
1/13/2017 9:00,139,69,70
1/13/2017 10:00,61,30,31
1/13/2017 11:00,42,22,20
1/13/2017 12:00,40,23,17
1/13/2017 13:00,48,26,22
1/13/2017 14:00,50,19,31
1/13/2017 15:00,93,40,53
1/13/2017 16:00,166,51,115
1/13/2017 17:00,258,65,193
1/13/2017 18:00,167,44,123
1/13/2017 19:00,64,24,40
1/13/2017 20:00,29,8,21
1/13/2017 21:00,26,14,12
1/13/2017 22:00,12,3,9
1/13/2017 23:00,9,3,6
1/14/2017 0:00,2,1,1
1/14/2017 1:00,7,1,6
1/14/2017 2:00,2,2,0
1/14/2017 3:00,2,0,2
1/14/2017 4:00,0,0,0
1/14/2017 5:00,4,3,1
1/14/2017 6:00,9,6,3
1/14/2017 7:00,13,7,6
1/14/2017 8:00,27,14,13
1/14/2017 9:00,43,20,23
1/14/2017 10:00,65,37,28
1/14/2017 11:00,57,38,19
1/14/2017 12:00,79,41,38
1/14/2017 13:00,91,57,34
1/14/2017 14:00,76,45,31
1/14/2017 15:00,61,31,30
1/14/2017 16:00,56,34,22
1/14/2017 17:00,47,22,25
1/14/2017 18:00,31,15,16
1/14/2017 19:00,19,6,13
1/14/2017 20:00,17,13,4
1/14/2017 21:00,9,2,7
1/14/2017 22:00,10,6,4
1/14/2017 23:00,4,1,3
1/15/2017 0:00,6,4,2
1/15/2017 1:00,4,3,1
1/15/2017 2:00,2,1,1
1/15/2017 3:00,1,0,1
1/15/2017 4:00,0,0,0
1/15/2017 5:00,4,3,1
1/15/2017 6:00,7,2,5
1/15/2017 7:00,8,5,3
1/15/2017 8:00,24,13,11
1/15/2017 9:00,30,17,13
1/15/2017 10:00,39,24,15
1/15/2017 11:00,75,41,34
1/15/2017 12:00,91,46,45
1/15/2017 13:00,122,69,53
1/15/2017 14:00,105,46,59
1/15/2017 15:00,99,55,44
1/15/2017 16:00,62,32,30
1/15/2017 17:00,39,21,18
1/15/2017 18:00,28,14,14
1/15/2017 19:00,29,13,16
1/15/2017 20:00,13,6,7
1/15/2017 21:00,9,4,5
1/15/2017 22:00,12,5,7
1/15/2017 23:00,4,2,2
1/16/2017 0:00,3,1,2
1/16/2017 1:00,2,2,0
1/16/2017 2:00,1,0,1
1/16/2017 3:00,0,0,0
1/16/2017 4:00,3,1,2
1/16/2017 5:00,10,8,2
1/16/2017 6:00,44,21,23
1/16/2017 7:00,105,69,36
1/16/2017 8:00,158,93,65
1/16/2017 9:00,102,53,49
1/16/2017 10:00,78,41,37
1/16/2017 11:00,58,31,27
1/16/2017 12:00,93,40,53
1/16/2017 13:00,72,39,33
1/16/2017 14:00,83,44,39
1/16/2017 15:00,99,40,59
1/16/2017 16:00,91,24,67
1/16/2017 17:00,199,53,146
1/16/2017 18:00,121,39,82
1/16/2017 19:00,64,22,42
1/16/2017 20:00,23,7,16
1/16/2017 21:00,16,6,10
1/16/2017 22:00,9,6,3
1/16/2017 23:00,8,3,5
1/17/2017 0:00,5,4,1
1/17/2017 1:00,4,1,3
1/17/2017 2:00,1,0,1
1/17/2017 3:00,1,0,1
1/17/2017 4:00,6,4,2
1/17/2017 5:00,20,12,8
1/17/2017 6:00,77,51,26
1/17/2017 7:00,227,149,78
1/17/2017 8:00,298,180,118
1/17/2017 9:00,160,75,85
1/17/2017 10:00,55,27,28
1/17/2017 11:00,36,23,13
1/17/2017 12:00,29,11,18
1/17/2017 13:00,28,13,15
1/17/2017 14:00,23,10,13
1/17/2017 15:00,51,18,33
1/17/2017 16:00,132,43,89
1/17/2017 17:00,276,59,217
1/17/2017 18:00,191,48,143
1/17/2017 19:00,78,14,64
1/17/2017 20:00,28,6,22
1/17/2017 21:00,12,3,9
1/17/2017 22:00,4,2,2
1/17/2017 23:00,3,1,2
1/18/2017 0:00,3,2,1
1/18/2017 1:00,0,0,0
1/18/2017 2:00,0,0,0
1/18/2017 3:00,1,0,1
1/18/2017 4:00,6,5,1
1/18/2017 5:00,16,11,5
1/18/2017 6:00,70,47,23
1/18/2017 7:00,168,104,64
1/18/2017 8:00,185,114,71
1/18/2017 9:00,88,51,37
1/18/2017 10:00,32,12,20
1/18/2017 11:00,29,12,17
1/18/2017 12:00,31,17,14
1/18/2017 13:00,36,18,18
1/18/2017 14:00,24,13,11
1/18/2017 15:00,52,23,29
1/18/2017 16:00,136,46,90
1/18/2017 17:00,222,47,175
1/18/2017 18:00,164,49,115
1/18/2017 19:00,65,21,44
1/18/2017 20:00,34,14,20
1/18/2017 21:00,21,6,15
1/18/2017 22:00,14,5,9
1/18/2017 23:00,9,6,3
1/19/2017 0:00,0,0,0
1/19/2017 1:00,2,1,1
1/19/2017 2:00,1,0,1
1/19/2017 3:00,0,0,0
1/19/2017 4:00,4,3,1
1/19/2017 5:00,21,12,9
1/19/2017 6:00,62,43,19
1/19/2017 7:00,195,123,72
1/19/2017 8:00,328,193,135
1/19/2017 9:00,155,83,72
1/19/2017 10:00,63,31,32
1/19/2017 11:00,39,17,22
1/19/2017 12:00,46,30,16
1/19/2017 13:00,49,32,17
1/19/2017 14:00,44,20,24
1/19/2017 15:00,54,18,36
1/19/2017 16:00,161,51,110
1/19/2017 17:00,303,70,233
1/19/2017 18:00,213,54,159
1/19/2017 19:00,93,29,64
1/19/2017 20:00,51,15,36
1/19/2017 21:00,31,12,19
1/19/2017 22:00,19,7,12
1/19/2017 23:00,11,4,7
1/20/2017 0:00,2,1,1
1/20/2017 1:00,3,3,0
1/20/2017 2:00,0,0,0
1/20/2017 3:00,1,1,0
1/20/2017 4:00,9,6,3
1/20/2017 5:00,19,13,6
1/20/2017 6:00,69,42,27
1/20/2017 7:00,227,149,78
1/20/2017 8:00,346,180,166
1/20/2017 9:00,183,101,82
1/20/2017 10:00,56,30,26
1/20/2017 11:00,52,33,19
1/20/2017 12:00,48,25,23
1/20/2017 13:00,77,43,34
1/20/2017 14:00,65,23,42
1/20/2017 15:00,93,40,53
1/20/2017 16:00,217,57,160
1/20/2017 17:00,342,88,254
1/20/2017 18:00,196,59,137
1/20/2017 19:00,87,24,63
1/20/2017 20:00,49,13,36
1/20/2017 21:00,33,13,20
1/20/2017 22:00,26,10,16
1/20/2017 23:00,20,7,13
1/21/2017 0:00,14,3,11
1/21/2017 1:00,4,0,4
1/21/2017 2:00,2,1,1
1/21/2017 3:00,1,1,0
1/21/2017 4:00,2,1,1
1/21/2017 5:00,11,7,4
1/21/2017 6:00,10,7,3
1/21/2017 7:00,21,12,9
1/21/2017 8:00,64,30,34
1/21/2017 9:00,82,49,33
1/21/2017 10:00,120,78,42
1/21/2017 11:00,94,51,43
1/21/2017 12:00,129,75,54
1/21/2017 13:00,146,62,84
1/21/2017 14:00,187,59,128
1/21/2017 15:00,180,55,125
1/21/2017 16:00,118,49,69
1/21/2017 17:00,52,24,28
1/21/2017 18:00,39,8,31
1/21/2017 19:00,23,6,17
1/21/2017 20:00,10,3,7
1/21/2017 21:00,24,13,11
1/21/2017 22:00,15,10,5
1/21/2017 23:00,15,3,12
1/22/2017 0:00,8,3,5
1/22/2017 1:00,6,0,6
1/22/2017 2:00,3,2,1
1/22/2017 3:00,1,1,0
1/22/2017 4:00,0,0,0
1/22/2017 5:00,5,4,1
1/22/2017 6:00,2,2,0
1/22/2017 7:00,12,8,4
1/22/2017 8:00,21,9,12
1/22/2017 9:00,21,12,9
1/22/2017 10:00,17,9,8
1/22/2017 11:00,26,15,11
1/22/2017 12:00,28,13,15
1/22/2017 13:00,34,16,18
1/22/2017 14:00,40,22,18
1/22/2017 15:00,46,20,26
1/22/2017 16:00,52,32,20
1/22/2017 17:00,31,14,17
1/22/2017 18:00,28,14,14
1/22/2017 19:00,16,7,9
1/22/2017 20:00,15,7,8
1/22/2017 21:00,9,5,4
1/22/2017 22:00,5,2,3
1/22/2017 23:00,7,2,5
1/23/2017 0:00,1,0,1
1/23/2017 1:00,3,2,1
1/23/2017 2:00,2,1,1
1/23/2017 3:00,2,1,1
1/23/2017 4:00,3,1,2
1/23/2017 5:00,24,12,12
1/23/2017 6:00,94,59,35
1/23/2017 7:00,269,175,94
1/23/2017 8:00,406,256,150
1/23/2017 9:00,191,106,85
1/23/2017 10:00,89,44,45
1/23/2017 11:00,54,25,29
1/23/2017 12:00,64,25,39
1/23/2017 13:00,71,31,40
1/23/2017 14:00,73,25,48
1/23/2017 15:00,108,45,63
1/23/2017 16:00,209,81,128
1/23/2017 17:00,449,104,345
1/23/2017 18:00,277,90,187
1/23/2017 19:00,118,37,81
1/23/2017 20:00,67,22,45
1/23/2017 21:00,33,11,22
1/23/2017 22:00,17,6,11
1/23/2017 23:00,11,3,8
1/24/2017 0:00,5,3,2
1/24/2017 1:00,6,3,3
1/24/2017 2:00,3,2,1
1/24/2017 3:00,1,1,0
1/24/2017 4:00,5,3,2
1/24/2017 5:00,31,16,15
1/24/2017 6:00,94,58,36
1/24/2017 7:00,292,188,104
1/24/2017 8:00,371,232,139
1/24/2017 9:00,217,121,96
1/24/2017 10:00,83,38,45
1/24/2017 11:00,64,31,33
1/24/2017 12:00,48,28,20
1/24/2017 13:00,70,42,28
1/24/2017 14:00,47,22,25
1/24/2017 15:00,99,39,60
1/24/2017 16:00,181,50,131
1/24/2017 17:00,414,108,306
1/24/2017 18:00,279,86,193
1/24/2017 19:00,131,41,90
1/24/2017 20:00,62,18,44
1/24/2017 21:00,38,14,24
1/24/2017 22:00,18,5,13
1/24/2017 23:00,15,9,6
1/25/2017 0:00,11,6,5
1/25/2017 1:00,3,0,3
1/25/2017 2:00,1,1,0
1/25/2017 3:00,0,0,0
1/25/2017 4:00,7,7,0
1/25/2017 5:00,28,15,13
1/25/2017 6:00,100,59,41
1/25/2017 7:00,245,163,82
1/25/2017 8:00,385,233,152
1/25/2017 9:00,187,113,74
1/25/2017 10:00,68,28,40
1/25/2017 11:00,60,35,25
1/25/2017 12:00,52,31,21
1/25/2017 13:00,44,17,27
1/25/2017 14:00,40,17,23
1/25/2017 15:00,75,28,47
1/25/2017 16:00,167,62,105
1/25/2017 17:00,384,87,297
1/25/2017 18:00,259,83,176
1/25/2017 19:00,114,37,77
1/25/2017 20:00,49,22,27
1/25/2017 21:00,43,14,29
1/25/2017 22:00,12,3,9
1/25/2017 23:00,8,5,3
1/26/2017 0:00,5,3,2
1/26/2017 1:00,0,0,0
1/26/2017 2:00,5,3,2
1/26/2017 3:00,3,0,3
1/26/2017 4:00,7,5,2
1/26/2017 5:00,34,23,11
1/26/2017 6:00,103,63,40
1/26/2017 7:00,242,164,78
1/26/2017 8:00,401,247,154
1/26/2017 9:00,205,118,87
1/26/2017 10:00,57,22,35
1/26/2017 11:00,61,28,33
1/26/2017 12:00,51,20,31
1/26/2017 13:00,53,28,25
1/26/2017 14:00,65,29,36
1/26/2017 15:00,94,42,52
1/26/2017 16:00,210,72,138
1/26/2017 17:00,387,78,309
1/26/2017 18:00,273,89,184
1/26/2017 19:00,134,38,96
1/26/2017 20:00,55,14,41
1/26/2017 21:00,33,12,21
1/26/2017 22:00,27,12,15
1/26/2017 23:00,13,4,9
1/27/2017 0:00,6,1,5
1/27/2017 1:00,4,1,3
1/27/2017 2:00,1,1,0
1/27/2017 3:00,1,1,0
1/27/2017 4:00,7,4,3
1/27/2017 5:00,25,13,12
1/27/2017 6:00,67,45,22
1/27/2017 7:00,231,155,76
1/27/2017 8:00,342,194,148
1/27/2017 9:00,161,76,85
1/27/2017 10:00,82,41,41
1/27/2017 11:00,77,38,39
1/27/2017 12:00,57,29,28
1/27/2017 13:00,80,35,45
1/27/2017 14:00,87,47,40
1/27/2017 15:00,115,54,61
1/27/2017 16:00,260,81,179
1/27/2017 17:00,381,97,284
1/27/2017 18:00,214,60,154
1/27/2017 19:00,78,29,49
1/27/2017 20:00,37,11,26
1/27/2017 21:00,23,5,18
1/27/2017 22:00,29,6,23
1/27/2017 23:00,18,8,10
1/28/2017 0:00,13,5,8
1/28/2017 1:00,5,3,2
1/28/2017 2:00,3,1,2
1/28/2017 3:00,0,0,0
1/28/2017 4:00,3,1,2
1/28/2017 5:00,3,1,2
1/28/2017 6:00,6,2,4
1/28/2017 7:00,23,9,14
1/28/2017 8:00,54,33,21
1/28/2017 9:00,54,29,25
1/28/2017 10:00,99,63,36
1/28/2017 11:00,107,60,47
1/28/2017 12:00,102,56,46
1/28/2017 13:00,131,77,54
1/28/2017 14:00,109,75,34
1/28/2017 15:00,126,55,71
1/28/2017 16:00,136,78,58
1/28/2017 17:00,70,29,41
1/28/2017 18:00,59,28,31
1/28/2017 19:00,31,11,20
1/28/2017 20:00,26,7,19
1/28/2017 21:00,25,12,13
1/28/2017 22:00,17,3,14
1/28/2017 23:00,13,3,10
1/29/2017 0:00,17,6,11
1/29/2017 1:00,6,2,4
1/29/2017 2:00,4,1,3
1/29/2017 3:00,3,1,2
1/29/2017 4:00,1,0,1
1/29/2017 5:00,7,4,3
1/29/2017 6:00,8,4,4
1/29/2017 7:00,12,5,7
1/29/2017 8:00,41,19,22
1/29/2017 9:00,52,30,22
1/29/2017 10:00,60,23,37
1/29/2017 11:00,74,41,33
1/29/2017 12:00,88,50,38
1/29/2017 13:00,63,28,35
1/29/2017 14:00,58,38,20
1/29/2017 15:00,57,36,21
1/29/2017 16:00,59,23,36
1/29/2017 17:00,62,32,30
1/29/2017 18:00,38,15,23
1/29/2017 19:00,44,2,42
1/29/2017 20:00,26,5,21
1/29/2017 21:00,13,6,7
1/29/2017 22:00,13,6,7
1/29/2017 23:00,8,1,7
1/30/2017 0:00,1,0,1
1/30/2017 1:00,2,0,2
1/30/2017 2:00,2,1,1
1/30/2017 3:00,2,1,1
1/30/2017 4:00,6,2,4
1/30/2017 5:00,32,19,13
1/30/2017 6:00,103,62,41
1/30/2017 7:00,306,206,100
1/30/2017 8:00,410,256,154
1/30/2017 9:00,189,102,87
1/30/2017 10:00,79,39,40
1/30/2017 11:00,50,28,22
1/30/2017 12:00,46,12,34
1/30/2017 13:00,60,26,34
1/30/2017 14:00,68,30,38
1/30/2017 15:00,103,39,64
1/30/2017 16:00,200,64,136
1/30/2017 17:00,454,100,354
1/30/2017 18:00,302,74,228
1/30/2017 19:00,114,28,86
1/30/2017 20:00,55,19,36
1/30/2017 21:00,37,9,28
1/30/2017 22:00,15,6,9
1/30/2017 23:00,9,5,4
1/31/2017 0:00,3,1,2
1/31/2017 1:00,2,1,1
1/31/2017 2:00,0,0,0
1/31/2017 3:00,1,1,0
1/31/2017 4:00,6,3,3
1/31/2017 5:00,33,17,16
1/31/2017 6:00,103,67,36
1/31/2017 7:00,304,195,109
1/31/2017 8:00,405,237,168
1/31/2017 9:00,198,98,100
1/31/2017 10:00,83,43,40
1/31/2017 11:00,47,24,23
1/31/2017 12:00,47,29,18
1/31/2017 13:00,51,24,27
1/31/2017 14:00,44,18,26
1/31/2017 15:00,110,52,58
1/31/2017 16:00,208,73,135
1/31/2017 17:00,434,93,341
1/31/2017 18:00,283,89,194
1/31/2017 19:00,116,27,89
1/31/2017 20:00,64,25,39
1/31/2017 21:00,32,19,13
1/31/2017 22:00,19,4,15
1/31/2017 23:00,15,6,9
2/1/2017 0:00,7,3,4
2/1/2017 1:00,0,0,0
2/1/2017 2:00,1,0,1
2/1/2017 3:00,1,0,1
2/1/2017 4:00,4,3,1
2/1/2017 5:00,28,18,10
2/1/2017 6:00,87,54,33
2/1/2017 7:00,244,154,90
2/1/2017 8:00,355,216,139
2/1/2017 9:00,201,106,95
2/1/2017 10:00,71,39,32
2/1/2017 11:00,48,24,24
2/1/2017 12:00,48,27,21
2/1/2017 13:00,56,29,27
2/1/2017 14:00,56,25,31
2/1/2017 15:00,120,58,62
2/1/2017 16:00,182,70,112
2/1/2017 17:00,365,85,280
2/1/2017 18:00,276,85,191
2/1/2017 19:00,113,32,81
2/1/2017 20:00,70,23,47
2/1/2017 21:00,41,15,26
2/1/2017 22:00,18,3,15
2/1/2017 23:00,14,8,6
2/2/2017 0:00,5,2,3
2/2/2017 1:00,2,2,0
2/2/2017 2:00,0,0,0
2/2/2017 3:00,1,1,0
2/2/2017 4:00,5,3,2
2/2/2017 5:00,34,21,13
2/2/2017 6:00,88,51,37
2/2/2017 7:00,216,136,80
2/2/2017 8:00,367,228,139
2/2/2017 9:00,194,106,88
2/2/2017 10:00,68,31,37
2/2/2017 11:00,54,27,27
2/2/2017 12:00,42,25,17
2/2/2017 13:00,51,32,19
2/2/2017 14:00,63,25,38
2/2/2017 15:00,91,40,51
2/2/2017 16:00,198,76,122
2/2/2017 17:00,365,91,274
2/2/2017 18:00,258,86,172
2/2/2017 19:00,114,28,86
2/2/2017 20:00,67,19,48
2/2/2017 21:00,43,16,27
2/2/2017 22:00,20,5,15
2/2/2017 23:00,8,5,3
2/3/2017 0:00,2,0,2
2/3/2017 1:00,3,1,2
2/3/2017 2:00,1,0,1
2/3/2017 3:00,0,0,0
2/3/2017 4:00,4,2,2
2/3/2017 5:00,21,12,9
2/3/2017 6:00,35,24,11
2/3/2017 7:00,93,61,32
2/3/2017 8:00,165,83,82
2/3/2017 9:00,113,63,50
2/3/2017 10:00,49,25,24
2/3/2017 11:00,33,15,18
2/3/2017 12:00,23,13,10
2/3/2017 13:00,16,7,9
2/3/2017 14:00,32,13,19
2/3/2017 15:00,36,18,18
2/3/2017 16:00,82,25,57
2/3/2017 17:00,176,39,137
2/3/2017 18:00,129,34,95
2/3/2017 19:00,46,16,30
2/3/2017 20:00,21,5,16
2/3/2017 21:00,16,2,14
2/3/2017 22:00,11,1,10
2/3/2017 23:00,14,6,8
2/4/2017 0:00,7,4,3
2/4/2017 1:00,0,0,0
2/4/2017 2:00,4,0,4
2/4/2017 3:00,1,0,1
2/4/2017 4:00,2,0,2
2/4/2017 5:00,4,3,1
2/4/2017 6:00,8,4,4
2/4/2017 7:00,7,3,4
2/4/2017 8:00,33,19,14
2/4/2017 9:00,26,15,11
2/4/2017 10:00,25,20,5
2/4/2017 11:00,33,23,10
2/4/2017 12:00,31,16,15
2/4/2017 13:00,20,12,8
2/4/2017 14:00,18,9,9
2/4/2017 15:00,24,13,11
2/4/2017 16:00,18,11,7
2/4/2017 17:00,28,15,13
2/4/2017 18:00,18,7,11
2/4/2017 19:00,20,12,8
2/4/2017 20:00,7,4,3
2/4/2017 21:00,10,3,7
2/4/2017 22:00,4,2,2
2/4/2017 23:00,5,3,2
2/5/2017 0:00,7,2,5
2/5/2017 1:00,1,0,1
2/5/2017 2:00,0,0,0
2/5/2017 3:00,0,0,0
2/5/2017 4:00,1,1,0
2/5/2017 5:00,2,1,1
2/5/2017 6:00,8,3,5
2/5/2017 7:00,13,10,3
2/5/2017 8:00,22,12,10
2/5/2017 9:00,28,18,10
2/5/2017 10:00,29,14,15
2/5/2017 11:00,24,16,8
2/5/2017 12:00,28,14,14
2/5/2017 13:00,21,11,10
2/5/2017 14:00,26,16,10
2/5/2017 15:00,16,8,8
2/5/2017 16:00,13,7,6
2/5/2017 17:00,14,7,7
2/5/2017 18:00,10,5,5
2/5/2017 19:00,11,4,7
2/5/2017 20:00,13,7,6
2/5/2017 21:00,2,1,1
2/5/2017 22:00,1,1,0
2/5/2017 23:00,2,1,1
2/6/2017 0:00,4,1,3
2/6/2017 1:00,1,1,0
2/6/2017 2:00,0,0,0
2/6/2017 3:00,0,0,0
2/6/2017 4:00,2,2,0
2/6/2017 5:00,4,2,2
2/6/2017 6:00,9,5,4
2/6/2017 7:00,22,9,13
2/6/2017 8:00,43,26,17
2/6/2017 9:00,29,12,17
2/6/2017 10:00,25,11,14
2/6/2017 11:00,11,3,8
2/6/2017 12:00,9,1,8
2/6/2017 13:00,14,6,8
2/6/2017 14:00,14,6,8
2/6/2017 15:00,20,10,10
2/6/2017 16:00,29,9,20
2/6/2017 17:00,61,17,44
2/6/2017 18:00,26,6,20
2/6/2017 19:00,17,3,14
2/6/2017 20:00,14,6,8
2/6/2017 21:00,8,5,3
2/6/2017 22:00,4,0,4
2/6/2017 23:00,2,2,0
2/7/2017 0:00,1,1,0
2/7/2017 1:00,1,0,1
2/7/2017 2:00,0,0,0
2/7/2017 3:00,0,0,0
2/7/2017 4:00,3,1,2
2/7/2017 5:00,18,9,9
2/7/2017 6:00,43,25,18
2/7/2017 7:00,119,71,48
2/7/2017 8:00,219,130,89
2/7/2017 9:00,113,62,51
2/7/2017 10:00,46,27,19
2/7/2017 11:00,28,16,12
2/7/2017 12:00,25,14,11
2/7/2017 13:00,36,14,22
2/7/2017 14:00,21,9,12
2/7/2017 15:00,56,17,39
2/7/2017 16:00,96,30,66
2/7/2017 17:00,249,61,188
2/7/2017 18:00,179,58,121
2/7/2017 19:00,66,20,46
2/7/2017 20:00,42,19,23
2/7/2017 21:00,26,9,17
2/7/2017 22:00,9,3,6
2/7/2017 23:00,7,1,6
2/8/2017 0:00,4,3,1
2/8/2017 1:00,1,0,1
2/8/2017 2:00,4,1,3
2/8/2017 3:00,1,0,1
2/8/2017 4:00,7,5,2
2/8/2017 5:00,23,17,6
2/8/2017 6:00,70,49,21
2/8/2017 7:00,152,101,51
2/8/2017 8:00,264,138,126
2/8/2017 9:00,117,59,58
2/8/2017 10:00,42,25,17
2/8/2017 11:00,24,10,14
2/8/2017 12:00,15,6,9
2/8/2017 13:00,24,14,10
2/8/2017 14:00,20,7,13
2/8/2017 15:00,45,16,29
2/8/2017 16:00,96,20,76
2/8/2017 17:00,238,57,181
2/8/2017 18:00,166,58,108
2/8/2017 19:00,70,18,52
2/8/2017 20:00,25,6,19
2/8/2017 21:00,12,4,8
2/8/2017 22:00,13,0,13
2/8/2017 23:00,3,2,1
2/9/2017 0:00,1,0,1
2/9/2017 1:00,1,1,0
2/9/2017 2:00,1,1,0
2/9/2017 3:00,1,1,0
2/9/2017 4:00,5,2,3
2/9/2017 5:00,17,9,8
2/9/2017 6:00,60,40,20
2/9/2017 7:00,136,92,44
2/9/2017 8:00,166,87,79
2/9/2017 9:00,97,46,51
2/9/2017 10:00,38,15,23
2/9/2017 11:00,29,11,18
2/9/2017 12:00,24,9,15
2/9/2017 13:00,14,10,4
2/9/2017 14:00,30,17,13
2/9/2017 15:00,43,18,25
2/9/2017 16:00,101,42,59
2/9/2017 17:00,207,57,150
2/9/2017 18:00,151,54,97
2/9/2017 19:00,58,15,43
2/9/2017 20:00,29,11,18
2/9/2017 21:00,22,10,12
2/9/2017 22:00,9,1,8
2/9/2017 23:00,6,1,5
2/10/2017 0:00,4,2,2
2/10/2017 1:00,1,0,1
2/10/2017 2:00,3,2,1
2/10/2017 3:00,1,1,0
2/10/2017 4:00,7,5,2
2/10/2017 5:00,23,11,12
2/10/2017 6:00,62,43,19
2/10/2017 7:00,183,123,60
2/10/2017 8:00,258,153,105
2/10/2017 9:00,146,71,75
2/10/2017 10:00,52,22,30
2/10/2017 11:00,38,18,20
2/10/2017 12:00,31,14,17
2/10/2017 13:00,34,21,13
2/10/2017 14:00,26,13,13
2/10/2017 15:00,66,25,41
2/10/2017 16:00,139,50,89
2/10/2017 17:00,296,75,221
2/10/2017 18:00,173,40,133
2/10/2017 19:00,76,20,56
2/10/2017 20:00,41,8,33
2/10/2017 21:00,16,7,9
2/10/2017 22:00,15,4,11
2/10/2017 23:00,16,8,8
2/11/2017 0:00,6,4,2
2/11/2017 1:00,3,3,0
2/11/2017 2:00,3,2,1
2/11/2017 3:00,1,0,1
2/11/2017 4:00,2,1,1
2/11/2017 5:00,3,3,0
2/11/2017 6:00,10,2,8
2/11/2017 7:00,17,8,9
2/11/2017 8:00,42,25,17
2/11/2017 9:00,53,27,26
2/11/2017 10:00,64,36,28
2/11/2017 11:00,86,52,34
2/11/2017 12:00,88,51,37
2/11/2017 13:00,99,55,44
2/11/2017 14:00,125,56,69
2/11/2017 15:00,109,46,63
2/11/2017 16:00,82,41,41
2/11/2017 17:00,72,37,35
2/11/2017 18:00,33,10,23
2/11/2017 19:00,31,11,20
2/11/2017 20:00,20,10,10
2/11/2017 21:00,37,6,31
2/11/2017 22:00,24,11,13
2/11/2017 23:00,13,5,8
2/12/2017 0:00,6,1,5
2/12/2017 1:00,7,3,4
2/12/2017 2:00,4,2,2
2/12/2017 3:00,2,2,0
2/12/2017 4:00,3,3,0
2/12/2017 5:00,0,0,0
2/12/2017 6:00,5,1,4
2/12/2017 7:00,16,11,5
2/12/2017 8:00,36,19,17
2/12/2017 9:00,43,23,20
2/12/2017 10:00,74,44,30
2/12/2017 11:00,84,46,38
2/12/2017 12:00,118,67,51
2/12/2017 13:00,127,68,59
2/12/2017 14:00,191,102,89
2/12/2017 15:00,162,75,87
2/12/2017 16:00,155,76,79
2/12/2017 17:00,67,36,31
2/12/2017 18:00,41,14,27
2/12/2017 19:00,38,14,24
2/12/2017 20:00,23,5,18
2/12/2017 21:00,13,7,6
2/12/2017 22:00,11,7,4
2/12/2017 23:00,5,2,3
2/13/2017 0:00,2,0,2
2/13/2017 1:00,3,0,3
2/13/2017 2:00,0,0,0
2/13/2017 3:00,0,0,0
2/13/2017 4:00,4,3,1
2/13/2017 5:00,29,20,9
2/13/2017 6:00,112,67,45
2/13/2017 7:00,290,186,104
2/13/2017 8:00,436,250,186
2/13/2017 9:00,233,131,102
2/13/2017 10:00,112,57,55
2/13/2017 11:00,57,28,29
2/13/2017 12:00,67,24,43
2/13/2017 13:00,81,42,39
2/13/2017 14:00,95,44,51
2/13/2017 15:00,137,57,80
2/13/2017 16:00,242,85,157
2/13/2017 17:00,535,118,417
2/13/2017 18:00,331,116,215
2/13/2017 19:00,134,45,89
2/13/2017 20:00,64,23,41
2/13/2017 21:00,34,10,24
2/13/2017 22:00,21,11,10
2/13/2017 23:00,8,3,5
2/14/2017 0:00,5,2,3
2/14/2017 1:00,5,2,3
2/14/2017 2:00,5,3,2
2/14/2017 3:00,2,1,1
2/14/2017 4:00,4,3,1
2/14/2017 5:00,32,18,14
2/14/2017 6:00,124,80,44
2/14/2017 7:00,346,218,128
2/14/2017 8:00,449,274,175
2/14/2017 9:00,202,108,94
2/14/2017 10:00,86,35,51
2/14/2017 11:00,56,32,24
2/14/2017 12:00,64,35,29
2/14/2017 13:00,64,33,31
2/14/2017 14:00,74,29,45
2/14/2017 15:00,120,43,77
2/14/2017 16:00,261,75,186
2/14/2017 17:00,525,120,405
2/14/2017 18:00,266,71,195
2/14/2017 19:00,122,39,83
2/14/2017 20:00,47,21,26
2/14/2017 21:00,32,18,14
2/14/2017 22:00,12,3,9
2/14/2017 23:00,1,0,1
2/15/2017 0:00,4,3,1
2/15/2017 1:00,3,1,2
2/15/2017 2:00,0,0,0
2/15/2017 3:00,2,0,2
2/15/2017 4:00,2,1,1
2/15/2017 5:00,18,8,10
2/15/2017 6:00,60,45,15
2/15/2017 7:00,188,117,71
2/15/2017 8:00,262,152,110
2/15/2017 9:00,147,68,79
2/15/2017 10:00,49,25,24
2/15/2017 11:00,23,13,10
2/15/2017 12:00,12,7,5
2/15/2017 13:00,22,9,13
2/15/2017 14:00,17,2,15
2/15/2017 15:00,47,22,25
2/15/2017 16:00,99,29,70
2/15/2017 17:00,272,54,218
2/15/2017 18:00,181,48,133
2/15/2017 19:00,76,16,60
2/15/2017 20:00,43,14,29
2/15/2017 21:00,15,5,10
2/15/2017 22:00,16,6,10
2/15/2017 23:00,3,1,2
2/16/2017 0:00,1,0,1
2/16/2017 1:00,1,0,1
2/16/2017 2:00,3,2,1
2/16/2017 3:00,2,1,1
2/16/2017 4:00,5,4,1
2/16/2017 5:00,18,11,7
2/16/2017 6:00,96,56,40
2/16/2017 7:00,241,150,91
2/16/2017 8:00,326,201,125
2/16/2017 9:00,180,102,78
2/16/2017 10:00,72,39,33
2/16/2017 11:00,58,31,27
2/16/2017 12:00,56,29,27
2/16/2017 13:00,55,27,28
2/16/2017 14:00,58,26,32
2/16/2017 15:00,86,37,49
2/16/2017 16:00,176,56,120
2/16/2017 17:00,391,94,297
2/16/2017 18:00,252,75,177
2/16/2017 19:00,99,35,64
2/16/2017 20:00,65,15,50
2/16/2017 21:00,37,12,25
2/16/2017 22:00,15,5,10
2/16/2017 23:00,15,5,10
2/17/2017 0:00,11,6,5
2/17/2017 1:00,2,2,0
2/17/2017 2:00,2,0,2
2/17/2017 3:00,3,2,1
2/17/2017 4:00,8,5,3
2/17/2017 5:00,17,8,9
2/17/2017 6:00,92,53,39
2/17/2017 7:00,260,168,92
2/17/2017 8:00,347,203,144
2/17/2017 9:00,205,115,90
2/17/2017 10:00,71,31,40
2/17/2017 11:00,68,39,29
2/17/2017 12:00,92,49,43
2/17/2017 13:00,71,28,43
2/17/2017 14:00,86,42,44
2/17/2017 15:00,175,77,98
2/17/2017 16:00,263,94,169
2/17/2017 17:00,411,122,289
2/17/2017 18:00,232,64,168
2/17/2017 19:00,80,28,52
2/17/2017 20:00,46,11,35
2/17/2017 21:00,31,13,18
2/17/2017 22:00,24,7,17
2/17/2017 23:00,22,10,12
2/18/2017 0:00,10,3,7
2/18/2017 1:00,5,2,3
2/18/2017 2:00,0,0,0
2/18/2017 3:00,0,0,0
2/18/2017 4:00,6,5,1
2/18/2017 5:00,3,2,1
2/18/2017 6:00,7,3,4
2/18/2017 7:00,15,9,6
2/18/2017 8:00,42,26,16
2/18/2017 9:00,47,20,27
2/18/2017 10:00,56,31,25
2/18/2017 11:00,35,16,19
2/18/2017 12:00,48,17,31
2/18/2017 13:00,34,13,21
2/18/2017 14:00,44,24,20
2/18/2017 15:00,38,23,15
2/18/2017 16:00,37,20,17
2/18/2017 17:00,33,14,19
2/18/2017 18:00,38,19,19
2/18/2017 19:00,17,3,14
2/18/2017 20:00,10,6,4
2/18/2017 21:00,15,7,8
2/18/2017 22:00,13,4,9
2/18/2017 23:00,6,1,5
2/19/2017 0:00,10,5,5
2/19/2017 1:00,3,1,2
2/19/2017 2:00,3,0,3
2/19/2017 3:00,2,1,1
2/19/2017 4:00,3,1,2
2/19/2017 5:00,1,0,1
2/19/2017 6:00,5,2,3
2/19/2017 7:00,3,2,1
2/19/2017 8:00,20,11,9
2/19/2017 9:00,27,11,16
2/19/2017 10:00,56,28,28
2/19/2017 11:00,71,39,32
2/19/2017 12:00,91,40,51
2/19/2017 13:00,61,31,30
2/19/2017 14:00,44,22,22
2/19/2017 15:00,40,13,27
2/19/2017 16:00,33,16,17
2/19/2017 17:00,27,15,12
2/19/2017 18:00,17,11,6
2/19/2017 19:00,21,6,15
2/19/2017 20:00,6,2,4
2/19/2017 21:00,7,4,3
2/19/2017 22:00,7,3,4
2/19/2017 23:00,6,5,1
2/20/2017 0:00,2,2,0
2/20/2017 1:00,4,0,4
2/20/2017 2:00,4,1,3
2/20/2017 3:00,1,1,0
2/20/2017 4:00,3,2,1
2/20/2017 5:00,20,15,5
2/20/2017 6:00,30,22,8
2/20/2017 7:00,91,53,38
2/20/2017 8:00,145,83,62
2/20/2017 9:00,81,39,42
2/20/2017 10:00,37,25,12
2/20/2017 11:00,28,12,16
2/20/2017 12:00,28,13,15
2/20/2017 13:00,25,10,15
2/20/2017 14:00,21,8,13
2/20/2017 15:00,25,11,14
2/20/2017 16:00,59,22,37
2/20/2017 17:00,146,26,120
2/20/2017 18:00,110,18,92
2/20/2017 19:00,54,19,35
2/20/2017 20:00,23,8,15
2/20/2017 21:00,14,6,8
2/20/2017 22:00,10,3,7
2/20/2017 23:00,8,2,6
2/21/2017 0:00,6,5,1
2/21/2017 1:00,2,0,2
2/21/2017 2:00,4,4,0
2/21/2017 3:00,3,2,1
2/21/2017 4:00,3,1,2
2/21/2017 5:00,27,17,10
2/21/2017 6:00,92,60,32
2/21/2017 7:00,208,116,92
2/21/2017 8:00,282,171,111
2/21/2017 9:00,147,71,76
2/21/2017 10:00,61,28,33
2/21/2017 11:00,38,25,13
2/21/2017 12:00,38,10,28
2/21/2017 13:00,43,21,22
2/21/2017 14:00,40,24,16
2/21/2017 15:00,64,22,42
2/21/2017 16:00,157,58,99
2/21/2017 17:00,335,73,262
2/21/2017 18:00,224,54,170
2/21/2017 19:00,87,30,57
2/21/2017 20:00,38,12,26
2/21/2017 21:00,22,9,13
2/21/2017 22:00,10,2,8
2/21/2017 23:00,6,2,4
2/22/2017 0:00,2,2,0
2/22/2017 1:00,1,1,0
2/22/2017 2:00,0,0,0
2/22/2017 3:00,3,2,1
2/22/2017 4:00,6,4,2
2/22/2017 5:00,28,19,9
2/22/2017 6:00,84,52,32
2/22/2017 7:00,213,134,79
2/22/2017 8:00,322,182,140
2/22/2017 9:00,142,75,67
2/22/2017 10:00,63,26,37
2/22/2017 11:00,32,12,20
2/22/2017 12:00,39,21,18
2/22/2017 13:00,49,22,27
2/22/2017 14:00,66,38,28
2/22/2017 15:00,102,43,59
2/22/2017 16:00,192,69,123
2/22/2017 17:00,374,97,277
2/22/2017 18:00,208,57,151
2/22/2017 19:00,125,36,89
2/22/2017 20:00,50,18,32
2/22/2017 21:00,38,13,25
2/22/2017 22:00,24,12,12
2/22/2017 23:00,13,7,6
2/23/2017 0:00,7,1,6
2/23/2017 1:00,2,1,1
2/23/2017 2:00,1,0,1
2/23/2017 3:00,3,1,2
2/23/2017 4:00,7,4,3
2/23/2017 5:00,31,17,14
2/23/2017 6:00,97,62,35
2/23/2017 7:00,216,131,85
2/23/2017 8:00,306,177,129
2/23/2017 9:00,159,70,89
2/23/2017 10:00,70,25,45
2/23/2017 11:00,53,34,19
2/23/2017 12:00,49,21,28
2/23/2017 13:00,55,25,30
2/23/2017 14:00,47,22,25
2/23/2017 15:00,74,26,48
2/23/2017 16:00,152,36,116
2/23/2017 17:00,346,77,269
2/23/2017 18:00,218,62,156
2/23/2017 19:00,95,39,56
2/23/2017 20:00,65,22,43
2/23/2017 21:00,35,7,28
2/23/2017 22:00,20,7,13
2/23/2017 23:00,9,4,5
2/24/2017 0:00,4,2,2
2/24/2017 1:00,3,1,2
2/24/2017 2:00,3,2,1
2/24/2017 3:00,2,1,1
2/24/2017 4:00,6,4,2
2/24/2017 5:00,19,11,8
2/24/2017 6:00,62,35,27
2/24/2017 7:00,168,102,66
2/24/2017 8:00,252,141,111
2/24/2017 9:00,133,67,66
2/24/2017 10:00,65,35,30
2/24/2017 11:00,43,19,24
2/24/2017 12:00,38,20,18
2/24/2017 13:00,50,24,26
2/24/2017 14:00,52,29,23
2/24/2017 15:00,116,55,61
2/24/2017 16:00,196,72,124
2/24/2017 17:00,282,86,196
2/24/2017 18:00,185,63,122
2/24/2017 19:00,74,22,52
2/24/2017 20:00,45,13,32
2/24/2017 21:00,35,15,20
2/24/2017 22:00,17,9,8
2/24/2017 23:00,10,4,6
2/25/2017 0:00,8,2,6
2/25/2017 1:00,6,3,3
2/25/2017 2:00,1,1,0
2/25/2017 3:00,1,0,1
2/25/2017 4:00,1,0,1
2/25/2017 5:00,11,7,4
2/25/2017 6:00,6,4,2
2/25/2017 7:00,22,12,10
2/25/2017 8:00,47,26,21
2/25/2017 9:00,80,49,31
2/25/2017 10:00,75,36,39
2/25/2017 11:00,85,43,42
2/25/2017 12:00,99,52,47
2/25/2017 13:00,95,42,53
2/25/2017 14:00,111,55,56
2/25/2017 15:00,100,42,58
2/25/2017 16:00,70,40,30
2/25/2017 17:00,56,18,38
2/25/2017 18:00,30,14,16
2/25/2017 19:00,25,11,14
2/25/2017 20:00,22,8,14
2/25/2017 21:00,13,5,8
2/25/2017 22:00,10,4,6
2/25/2017 23:00,7,3,4
2/26/2017 0:00,8,4,4
2/26/2017 1:00,6,2,4
2/26/2017 2:00,2,1,1
2/26/2017 3:00,0,0,0
2/26/2017 4:00,2,1,1
2/26/2017 5:00,3,2,1
2/26/2017 6:00,12,9,3
2/26/2017 7:00,35,24,11
2/26/2017 8:00,38,29,9
2/26/2017 9:00,24,13,11
2/26/2017 10:00,27,16,11
2/26/2017 11:00,21,12,9
2/26/2017 12:00,34,13,21
2/26/2017 13:00,34,18,16
2/26/2017 14:00,38,15,23
2/26/2017 15:00,34,15,19
2/26/2017 16:00,47,23,24
2/26/2017 17:00,31,18,13
2/26/2017 18:00,30,15,15
2/26/2017 19:00,16,5,11
2/26/2017 20:00,14,4,10
2/26/2017 21:00,9,2,7
2/26/2017 22:00,6,2,4
2/26/2017 23:00,3,1,2
2/27/2017 0:00,5,4,1
2/27/2017 1:00,1,0,1
2/27/2017 2:00,0,0,0
2/27/2017 3:00,1,1,0
2/27/2017 4:00,4,4,0
2/27/2017 5:00,21,12,9
2/27/2017 6:00,51,29,22
2/27/2017 7:00,85,50,35
2/27/2017 8:00,161,80,81
2/27/2017 9:00,84,45,39
2/27/2017 10:00,31,12,19
2/27/2017 11:00,25,13,12
2/27/2017 12:00,23,9,14
2/27/2017 13:00,27,15,12
2/27/2017 14:00,27,12,15
2/27/2017 15:00,43,23,20
2/27/2017 16:00,82,28,54
2/27/2017 17:00,177,38,139
2/27/2017 18:00,104,35,69
2/27/2017 19:00,42,18,24
2/27/2017 20:00,22,6,16
2/27/2017 21:00,14,3,11
2/27/2017 22:00,14,7,7
2/27/2017 23:00,3,1,2
2/28/2017 0:00,2,2,0
2/28/2017 1:00,1,0,1
2/28/2017 2:00,0,0,0
2/28/2017 3:00,1,1,0
2/28/2017 4:00,3,2,1
2/28/2017 5:00,23,12,11
2/28/2017 6:00,76,56,20
2/28/2017 7:00,175,98,77
2/28/2017 8:00,272,161,111
2/28/2017 9:00,165,81,84
2/28/2017 10:00,63,30,33
2/28/2017 11:00,36,23,13
2/28/2017 12:00,44,16,28
2/28/2017 13:00,58,30,28
2/28/2017 14:00,44,15,29
2/28/2017 15:00,89,47,42
2/28/2017 16:00,163,52,111
2/28/2017 17:00,331,85,246
2/28/2017 18:00,208,68,140
2/28/2017 19:00,95,23,72
2/28/2017 20:00,60,21,39
2/28/2017 21:00,30,9,21
2/28/2017 22:00,12,7,5
2/28/2017 23:00,7,6,1
3/1/2017 0:00,3,1,2
3/1/2017 1:00,4,2,2
3/1/2017 2:00,2,1,1
3/1/2017 3:00,1,1,0
3/1/2017 4:00,6,3,3
3/1/2017 5:00,24,13,11
3/1/2017 6:00,96,63,33
3/1/2017 7:00,247,153,94
3/1/2017 8:00,339,194,145
3/1/2017 9:00,181,87,94
3/1/2017 10:00,70,36,34
3/1/2017 11:00,37,19,18
3/1/2017 12:00,44,29,15
3/1/2017 13:00,53,29,24
3/1/2017 14:00,59,19,40
3/1/2017 15:00,78,41,37
3/1/2017 16:00,160,45,115
3/1/2017 17:00,406,102,304
3/1/2017 18:00,265,97,168
3/1/2017 19:00,117,36,81
3/1/2017 20:00,75,27,48
3/1/2017 21:00,45,11,34
3/1/2017 22:00,28,11,17
3/1/2017 23:00,20,9,11
3/2/2017 0:00,2,1,1
3/2/2017 1:00,2,2,0
3/2/2017 2:00,2,1,1
3/2/2017 3:00,1,0,1
3/2/2017 4:00,9,6,3
3/2/2017 5:00,27,18,9
3/2/2017 6:00,83,50,33
3/2/2017 7:00,255,146,109
3/2/2017 8:00,351,194,157
3/2/2017 9:00,177,98,79
3/2/2017 10:00,74,40,34
3/2/2017 11:00,43,17,26
3/2/2017 12:00,40,23,17
3/2/2017 13:00,35,17,18
3/2/2017 14:00,45,19,26
3/2/2017 15:00,69,33,36
3/2/2017 16:00,186,49,137
3/2/2017 17:00,334,81,253
3/2/2017 18:00,241,76,165
3/2/2017 19:00,85,23,62
3/2/2017 20:00,68,12,56
3/2/2017 21:00,38,12,26
3/2/2017 22:00,21,6,15
3/2/2017 23:00,10,4,6
3/3/2017 0:00,9,3,6
3/3/2017 1:00,4,2,2
3/3/2017 2:00,0,0,0
3/3/2017 3:00,0,0,0
3/3/2017 4:00,3,2,1
3/3/2017 5:00,20,11,9
3/3/2017 6:00,63,38,25
3/3/2017 7:00,158,93,65
3/3/2017 8:00,269,154,115
3/3/2017 9:00,114,58,56
3/3/2017 10:00,51,22,29
3/3/2017 11:00,30,14,16
3/3/2017 12:00,29,13,16
3/3/2017 13:00,41,15,26
3/3/2017 14:00,43,17,26
3/3/2017 15:00,57,22,35
3/3/2017 16:00,113,32,81
3/3/2017 17:00,248,54,194
3/3/2017 18:00,159,55,104
3/3/2017 19:00,77,22,55
3/3/2017 20:00,26,7,19
3/3/2017 21:00,19,8,11
3/3/2017 22:00,18,5,13
3/3/2017 23:00,12,5,7
3/4/2017 0:00,7,2,5
3/4/2017 1:00,4,3,1
3/4/2017 2:00,0,0,0
3/4/2017 3:00,0,0,0
3/4/2017 4:00,4,1,3
3/4/2017 5:00,8,3,5
3/4/2017 6:00,9,3,6
3/4/2017 7:00,24,8,16
3/4/2017 8:00,49,26,23
3/4/2017 9:00,75,46,29
3/4/2017 10:00,91,32,59
3/4/2017 11:00,101,54,47
3/4/2017 12:00,124,68,56
3/4/2017 13:00,95,52,43
3/4/2017 14:00,122,53,69
3/4/2017 15:00,106,54,52
3/4/2017 16:00,82,46,36
3/4/2017 17:00,66,32,34
3/4/2017 18:00,52,27,25
3/4/2017 19:00,35,8,27
3/4/2017 20:00,22,10,12
3/4/2017 21:00,20,14,6
3/4/2017 22:00,17,10,7
3/4/2017 23:00,12,4,8
3/5/2017 0:00,7,5,2
3/5/2017 1:00,6,4,2
3/5/2017 2:00,2,0,2
3/5/2017 3:00,1,0,1
3/5/2017 4:00,0,0,0
3/5/2017 5:00,6,5,1
3/5/2017 6:00,8,2,6
3/5/2017 7:00,24,10,14
3/5/2017 8:00,36,21,15
3/5/2017 9:00,58,34,24
3/5/2017 10:00,74,34,40
3/5/2017 11:00,72,35,37
3/5/2017 12:00,60,30,30
3/5/2017 13:00,38,23,15
3/5/2017 14:00,50,20,30
3/5/2017 15:00,54,20,34
3/5/2017 16:00,38,23,15
3/5/2017 17:00,44,17,27
3/5/2017 18:00,21,11,10
3/5/2017 19:00,22,9,13
3/5/2017 20:00,28,8,20
3/5/2017 21:00,11,3,8
3/5/2017 22:00,5,3,2
3/5/2017 23:00,10,2,8
3/6/2017 0:00,4,4,0
3/6/2017 1:00,3,1,2
3/6/2017 2:00,1,1,0
3/6/2017 3:00,3,0,3
3/6/2017 4:00,6,5,1
3/6/2017 5:00,26,15,11
3/6/2017 6:00,105,58,47
3/6/2017 7:00,240,155,85
3/6/2017 8:00,370,206,164
3/6/2017 9:00,177,102,75
3/6/2017 10:00,61,25,36
3/6/2017 11:00,40,18,22
3/6/2017 12:00,37,15,22
3/6/2017 13:00,46,25,21
3/6/2017 14:00,51,20,31
3/6/2017 15:00,77,31,46
3/6/2017 16:00,173,56,117
3/6/2017 17:00,422,96,326
3/6/2017 18:00,296,95,201
3/6/2017 19:00,105,34,71
3/6/2017 20:00,49,18,31
3/6/2017 21:00,32,10,22
3/6/2017 22:00,15,6,9
3/6/2017 23:00,6,4,2
3/7/2017 0:00,6,4,2
3/7/2017 1:00,3,2,1
3/7/2017 2:00,1,0,1
3/7/2017 3:00,5,2,3
3/7/2017 4:00,8,5,3
3/7/2017 5:00,29,15,14
3/7/2017 6:00,86,51,35
3/7/2017 7:00,218,135,83
3/7/2017 8:00,252,147,105
3/7/2017 9:00,134,75,59
3/7/2017 10:00,30,11,19
3/7/2017 11:00,29,13,16
3/7/2017 12:00,30,14,16
3/7/2017 13:00,19,7,12
3/7/2017 14:00,29,13,16
3/7/2017 15:00,49,20,29
3/7/2017 16:00,125,33,92
3/7/2017 17:00,294,62,232
3/7/2017 18:00,206,59,147
3/7/2017 19:00,92,27,65
3/7/2017 20:00,40,15,25
3/7/2017 21:00,19,7,12
3/7/2017 22:00,16,3,13
3/7/2017 23:00,7,3,4
3/8/2017 0:00,1,0,1
3/8/2017 1:00,3,3,0
3/8/2017 2:00,1,0,1
3/8/2017 3:00,1,0,1
3/8/2017 4:00,7,6,1
3/8/2017 5:00,21,11,10
3/8/2017 6:00,106,64,42
3/8/2017 7:00,249,153,96
3/8/2017 8:00,325,192,133
3/8/2017 9:00,171,88,83
3/8/2017 10:00,86,50,36
3/8/2017 11:00,46,23,23
3/8/2017 12:00,45,25,20
3/8/2017 13:00,51,25,26
3/8/2017 14:00,44,29,15
3/8/2017 15:00,85,42,43
3/8/2017 16:00,167,44,123
3/8/2017 17:00,362,85,277
3/8/2017 18:00,229,64,165
3/8/2017 19:00,87,19,68
3/8/2017 20:00,48,14,34
3/8/2017 21:00,25,8,17
3/8/2017 22:00,20,8,12
3/8/2017 23:00,8,2,6
3/9/2017 0:00,12,6,6
3/9/2017 1:00,2,1,1
3/9/2017 2:00,0,0,0
3/9/2017 3:00,2,1,1
3/9/2017 4:00,5,3,2
3/9/2017 5:00,25,14,11
3/9/2017 6:00,76,48,28
3/9/2017 7:00,202,131,71
3/9/2017 8:00,282,153,129
3/9/2017 9:00,146,75,71
3/9/2017 10:00,61,32,29
3/9/2017 11:00,30,11,19
3/9/2017 12:00,23,14,9
3/9/2017 13:00,32,18,14
3/9/2017 14:00,21,11,10
3/9/2017 15:00,37,11,26
3/9/2017 16:00,123,28,95
3/9/2017 17:00,295,60,235
3/9/2017 18:00,188,43,145
3/9/2017 19:00,85,21,64
3/9/2017 20:00,51,9,42
3/9/2017 21:00,21,7,14
3/9/2017 22:00,20,4,16
3/9/2017 23:00,9,5,4
3/10/2017 0:00,7,2,5
3/10/2017 1:00,2,1,1
3/10/2017 2:00,2,1,1
3/10/2017 3:00,2,0,2
3/10/2017 4:00,8,5,3
3/10/2017 5:00,21,12,9
3/10/2017 6:00,51,29,22
3/10/2017 7:00,158,91,67
3/10/2017 8:00,257,141,116
3/10/2017 9:00,156,76,80
3/10/2017 10:00,60,35,25
3/10/2017 11:00,44,23,21
3/10/2017 12:00,46,19,27
3/10/2017 13:00,55,25,30
3/10/2017 14:00,48,26,22
3/10/2017 15:00,121,54,67
3/10/2017 16:00,188,74,114
3/10/2017 17:00,336,98,238
3/10/2017 18:00,227,74,153
3/10/2017 19:00,79,28,51
3/10/2017 20:00,33,11,22
3/10/2017 21:00,31,9,22
3/10/2017 22:00,25,8,17
3/10/2017 23:00,14,10,4
3/11/2017 0:00,12,2,10
3/11/2017 1:00,15,7,8
3/11/2017 2:00,1,1,0
3/11/2017 3:00,4,1,3
3/11/2017 4:00,2,1,1
3/11/2017 5:00,4,2,2
3/11/2017 6:00,15,9,6
3/11/2017 7:00,26,12,14
3/11/2017 8:00,53,28,25
3/11/2017 9:00,42,23,19
3/11/2017 10:00,21,17,4
3/11/2017 11:00,23,15,8
3/11/2017 12:00,16,6,10
3/11/2017 13:00,21,12,9
3/11/2017 14:00,26,15,11
3/11/2017 15:00,42,27,15
3/11/2017 16:00,33,15,18
3/11/2017 17:00,29,12,17
3/11/2017 18:00,30,14,16
3/11/2017 19:00,15,6,9
3/11/2017 20:00,13,4,9
3/11/2017 21:00,9,1,8
3/11/2017 22:00,10,5,5
3/11/2017 23:00,12,3,9
3/12/2017 0:00,5,2,3
3/12/2017 1:00,2,2,0
3/12/2017 2:00,,,
3/12/2017 3:00,2,1,1
3/12/2017 4:00,1,0,1
3/12/2017 5:00,2,2,0
3/12/2017 6:00,5,3,2
3/12/2017 7:00,6,3,3
3/12/2017 8:00,28,11,17
3/12/2017 9:00,37,20,17
3/12/2017 10:00,46,23,23
3/12/2017 11:00,66,41,25
3/12/2017 12:00,76,44,32
3/12/2017 13:00,65,33,32
3/12/2017 14:00,60,30,30
3/12/2017 15:00,61,34,27
3/12/2017 16:00,67,39,28
3/12/2017 17:00,57,33,24
3/12/2017 18:00,55,32,23
3/12/2017 19:00,24,12,12
3/12/2017 20:00,33,22,11
3/12/2017 21:00,14,10,4
3/12/2017 22:00,12,9,3
3/12/2017 23:00,12,4,8
3/13/2017 0:00,4,0,4
3/13/2017 1:00,4,0,4
3/13/2017 2:00,4,3,1
3/13/2017 3:00,3,1,2
3/13/2017 4:00,6,2,4
3/13/2017 5:00,24,13,11
3/13/2017 6:00,84,52,32
3/13/2017 7:00,182,117,65
3/13/2017 8:00,296,171,125
3/13/2017 9:00,167,89,78
3/13/2017 10:00,70,33,37
3/13/2017 11:00,26,9,17
3/13/2017 12:00,21,15,6
3/13/2017 13:00,22,10,12
3/13/2017 14:00,19,8,11
3/13/2017 15:00,45,19,26
3/13/2017 16:00,114,31,83
3/13/2017 17:00,320,66,254
3/13/2017 18:00,249,55,194
3/13/2017 19:00,93,24,69
3/13/2017 20:00,51,11,40
3/13/2017 21:00,25,10,15
3/13/2017 22:00,18,8,10
3/13/2017 23:00,7,4,3
3/14/2017 0:00,3,2,1
3/14/2017 1:00,3,1,2
3/14/2017 2:00,1,0,1
3/14/2017 3:00,2,1,1
3/14/2017 4:00,3,2,1
3/14/2017 5:00,28,18,10
3/14/2017 6:00,77,51,26
3/14/2017 7:00,191,130,61
3/14/2017 8:00,307,175,132
3/14/2017 9:00,191,95,96
3/14/2017 10:00,55,24,31
3/14/2017 11:00,36,13,23
3/14/2017 12:00,23,10,13
3/14/2017 13:00,27,12,15
3/14/2017 14:00,25,10,15
3/14/2017 15:00,58,22,36
3/14/2017 16:00,146,36,110
3/14/2017 17:00,321,68,253
3/14/2017 18:00,243,59,184
3/14/2017 19:00,122,37,85
3/14/2017 20:00,47,17,30
3/14/2017 21:00,19,11,8
3/14/2017 22:00,18,6,12
3/14/2017 23:00,9,4,5
3/15/2017 0:00,2,0,2
3/15/2017 1:00,1,1,0
3/15/2017 2:00,3,3,0
3/15/2017 3:00,2,2,0
3/15/2017 4:00,8,6,2
3/15/2017 5:00,24,12,12
3/15/2017 6:00,83,54,29
3/15/2017 7:00,186,109,77
3/15/2017 8:00,270,161,109
3/15/2017 9:00,141,70,71
3/15/2017 10:00,45,25,20
3/15/2017 11:00,28,12,16
3/15/2017 12:00,19,11,8
3/15/2017 13:00,24,14,10
3/15/2017 14:00,34,9,25
3/15/2017 15:00,67,32,35
3/15/2017 16:00,145,54,91
3/15/2017 17:00,320,88,232
3/15/2017 18:00,213,54,159
3/15/2017 19:00,94,35,59
3/15/2017 20:00,48,12,36
3/15/2017 21:00,35,14,21
3/15/2017 22:00,16,4,12
3/15/2017 23:00,13,4,9
3/16/2017 0:00,4,1,3
3/16/2017 1:00,3,1,2
3/16/2017 2:00,0,0,0
3/16/2017 3:00,1,0,1
3/16/2017 4:00,5,4,1
3/16/2017 5:00,29,19,10
3/16/2017 6:00,99,56,43
3/16/2017 7:00,281,184,97
3/16/2017 8:00,383,234,149
3/16/2017 9:00,249,135,114
3/16/2017 10:00,91,46,45
3/16/2017 11:00,63,25,38
3/16/2017 12:00,70,37,33
3/16/2017 13:00,82,43,39
3/16/2017 14:00,65,28,37
3/16/2017 15:00,89,42,47
3/16/2017 16:00,230,75,155
3/16/2017 17:00,454,110,344
3/16/2017 18:00,325,87,238
3/16/2017 19:00,151,43,108
3/16/2017 20:00,59,28,31
3/16/2017 21:00,51,19,32
3/16/2017 22:00,26,15,11
3/16/2017 23:00,18,11,7
3/17/2017 0:00,8,2,6
3/17/2017 1:00,9,4,5
3/17/2017 2:00,1,1,0
3/17/2017 3:00,1,0,1
3/17/2017 4:00,5,4,1
3/17/2017 5:00,26,14,12
3/17/2017 6:00,77,48,29
3/17/2017 7:00,200,135,65
3/17/2017 8:00,301,170,131
3/17/2017 9:00,176,88,88
3/17/2017 10:00,64,32,32
3/17/2017 11:00,53,32,21
3/17/2017 12:00,57,30,27
3/17/2017 13:00,29,9,20
3/17/2017 14:00,28,10,18
3/17/2017 15:00,57,28,29
3/17/2017 16:00,128,31,97
3/17/2017 17:00,281,54,227
3/17/2017 18:00,160,43,117
3/17/2017 19:00,70,21,49
3/17/2017 20:00,29,11,18
3/17/2017 21:00,20,8,12
3/17/2017 22:00,12,6,6
3/17/2017 23:00,8,3,5
3/18/2017 0:00,4,1,3
3/18/2017 1:00,2,0,2
3/18/2017 2:00,2,1,1
3/18/2017 3:00,1,1,0
3/18/2017 4:00,2,1,1
3/18/2017 5:00,8,2,6
3/18/2017 6:00,5,2,3
3/18/2017 7:00,12,8,4
3/18/2017 8:00,24,15,9
3/18/2017 9:00,22,14,8
3/18/2017 10:00,26,16,10
3/18/2017 11:00,27,17,10
3/18/2017 12:00,16,8,8
3/18/2017 13:00,31,17,14
3/18/2017 14:00,38,17,21
3/18/2017 15:00,61,29,32
3/18/2017 16:00,83,42,41
3/18/2017 17:00,70,27,43
3/18/2017 18:00,58,23,35
3/18/2017 19:00,31,16,15
3/18/2017 20:00,19,5,14
3/18/2017 21:00,14,2,12
3/18/2017 22:00,24,12,12
3/18/2017 23:00,17,9,8
3/19/2017 0:00,9,6,3
3/19/2017 1:00,9,4,5
3/19/2017 2:00,4,2,2
3/19/2017 3:00,4,1,3
3/19/2017 4:00,1,0,1
3/19/2017 5:00,4,2,2
3/19/2017 6:00,3,2,1
3/19/2017 7:00,32,21,11
3/19/2017 8:00,35,20,15
3/19/2017 9:00,70,39,31
3/19/2017 10:00,98,39,59
3/19/2017 11:00,178,97,81
3/19/2017 12:00,194,119,75
3/19/2017 13:00,243,124,119
3/19/2017 14:00,240,135,105
3/19/2017 15:00,227,117,110
3/19/2017 16:00,175,104,71
3/19/2017 17:00,121,60,61
3/19/2017 18:00,89,43,46
3/19/2017 19:00,63,29,34
3/19/2017 20:00,43,20,23
3/19/2017 21:00,23,8,15
3/19/2017 22:00,17,9,8
3/19/2017 23:00,5,2,3
3/20/2017 0:00,6,2,4
3/20/2017 1:00,1,0,1
3/20/2017 2:00,1,0,1
3/20/2017 3:00,1,1,0
3/20/2017 4:00,7,2,5
3/20/2017 5:00,40,23,17
3/20/2017 6:00,121,71,50
3/20/2017 7:00,260,161,99
3/20/2017 8:00,431,251,180
3/20/2017 9:00,191,102,89
3/20/2017 10:00,83,32,51
3/20/2017 11:00,39,21,18
3/20/2017 12:00,47,26,21
3/20/2017 13:00,72,37,35
3/20/2017 14:00,75,37,38
3/20/2017 15:00,102,46,56
3/20/2017 16:00,203,53,150
3/20/2017 17:00,480,96,384
3/20/2017 18:00,297,92,205
3/20/2017 19:00,137,42,95
3/20/2017 20:00,52,12,40
3/20/2017 21:00,36,12,24
3/20/2017 22:00,27,16,11
3/20/2017 23:00,9,3,6
3/21/2017 0:00,6,3,3
3/21/2017 1:00,0,0,0
3/21/2017 2:00,1,0,1
3/21/2017 3:00,1,1,0
3/21/2017 4:00,4,3,1
3/21/2017 5:00,28,17,11
3/21/2017 6:00,83,52,31
3/21/2017 7:00,199,121,78
3/21/2017 8:00,328,195,133
3/21/2017 9:00,173,87,86
3/21/2017 10:00,62,23,39
3/21/2017 11:00,37,24,13
3/21/2017 12:00,39,15,24
3/21/2017 13:00,34,19,15
3/21/2017 14:00,41,17,24
3/21/2017 15:00,76,26,50
3/21/2017 16:00,147,40,107
3/21/2017 17:00,391,83,308
3/21/2017 18:00,269,100,169
3/21/2017 19:00,125,43,82
3/21/2017 20:00,52,15,37
3/21/2017 21:00,38,15,23
3/21/2017 22:00,14,5,9
3/21/2017 23:00,15,5,10
3/22/2017 0:00,7,5,2
3/22/2017 1:00,2,1,1
3/22/2017 2:00,1,0,1
3/22/2017 3:00,0,0,0
3/22/2017 4:00,7,4,3
3/22/2017 5:00,30,19,11
3/22/2017 6:00,105,68,37
3/22/2017 7:00,263,152,111
3/22/2017 8:00,366,227,139
3/22/2017 9:00,199,102,97
3/22/2017 10:00,89,34,55
3/22/2017 11:00,49,31,18
3/22/2017 12:00,57,33,24
3/22/2017 13:00,53,37,16
3/22/2017 14:00,61,25,36
3/22/2017 15:00,102,49,53
3/22/2017 16:00,216,49,167
3/22/2017 17:00,440,113,327
3/22/2017 18:00,296,99,197
3/22/2017 19:00,140,49,91
3/22/2017 20:00,73,20,53
3/22/2017 21:00,49,16,33
3/22/2017 22:00,28,15,13
3/22/2017 23:00,14,5,9
3/23/2017 0:00,6,1,5
3/23/2017 1:00,4,2,2
3/23/2017 2:00,0,0,0
3/23/2017 3:00,2,0,2
3/23/2017 4:00,6,3,3
3/23/2017 5:00,35,17,18
3/23/2017 6:00,111,68,43
3/23/2017 7:00,286,172,114
3/23/2017 8:00,420,241,179
3/23/2017 9:00,222,124,98
3/23/2017 10:00,94,44,50
3/23/2017 11:00,58,28,30
3/23/2017 12:00,57,26,31
3/23/2017 13:00,75,31,44
3/23/2017 14:00,63,22,41
3/23/2017 15:00,110,45,65
3/23/2017 16:00,224,64,160
3/23/2017 17:00,479,135,344
3/23/2017 18:00,334,108,226
3/23/2017 19:00,124,32,92
3/23/2017 20:00,61,16,45
3/23/2017 21:00,35,12,23
3/23/2017 22:00,28,11,17
3/23/2017 23:00,19,6,13
3/24/2017 0:00,10,2,8
3/24/2017 1:00,3,2,1
3/24/2017 2:00,4,2,2
3/24/2017 3:00,1,1,0
3/24/2017 4:00,3,2,1
3/24/2017 5:00,24,13,11
3/24/2017 6:00,61,33,28
3/24/2017 7:00,165,98,67
3/24/2017 8:00,229,130,99
3/24/2017 9:00,104,62,42
3/24/2017 10:00,55,26,29
3/24/2017 11:00,35,18,17
3/24/2017 12:00,41,20,21
3/24/2017 13:00,46,22,24
3/24/2017 14:00,27,13,14
3/24/2017 15:00,72,17,55
3/24/2017 16:00,153,45,108
3/24/2017 17:00,249,68,181
3/24/2017 18:00,167,46,121
3/24/2017 19:00,60,21,39
3/24/2017 20:00,22,7,15
3/24/2017 21:00,22,6,16
3/24/2017 22:00,24,13,11
3/24/2017 23:00,8,3,5
3/25/2017 0:00,13,5,8
3/25/2017 1:00,5,2,3
3/25/2017 2:00,3,2,1
3/25/2017 3:00,2,0,2
3/25/2017 4:00,2,1,1
3/25/2017 5:00,4,0,4
3/25/2017 6:00,9,4,5
3/25/2017 7:00,39,18,21
3/25/2017 8:00,67,38,29
3/25/2017 9:00,101,61,40
3/25/2017 10:00,85,38,47
3/25/2017 11:00,135,75,60
3/25/2017 12:00,171,73,98
3/25/2017 13:00,138,59,79
3/25/2017 14:00,164,70,94
3/25/2017 15:00,165,81,84
3/25/2017 16:00,147,68,79
3/25/2017 17:00,131,68,63
3/25/2017 18:00,79,42,37
3/25/2017 19:00,42,22,20
3/25/2017 20:00,27,12,15
3/25/2017 21:00,27,12,15
3/25/2017 22:00,18,4,14
3/25/2017 23:00,19,9,10
3/26/2017 0:00,11,10,1
3/26/2017 1:00,6,1,5
3/26/2017 2:00,3,1,2
3/26/2017 3:00,0,0,0
3/26/2017 4:00,1,0,1
3/26/2017 5:00,3,2,1
3/26/2017 6:00,10,3,7
3/26/2017 7:00,16,7,9
3/26/2017 8:00,29,15,14
3/26/2017 9:00,25,15,10
3/26/2017 10:00,37,15,22
3/26/2017 11:00,16,7,9
3/26/2017 12:00,48,26,22
3/26/2017 13:00,38,17,21
3/26/2017 14:00,36,21,15
3/26/2017 15:00,27,11,16
3/26/2017 16:00,41,25,16
3/26/2017 17:00,31,20,11
3/26/2017 18:00,30,19,11
3/26/2017 19:00,25,15,10
3/26/2017 20:00,9,6,3
3/26/2017 21:00,8,6,2
3/26/2017 22:00,6,3,3
3/26/2017 23:00,10,6,4
3/27/2017 0:00,2,1,1
3/27/2017 1:00,3,1,2
3/27/2017 2:00,0,0,0
3/27/2017 3:00,2,1,1
3/27/2017 4:00,4,3,1
3/27/2017 5:00,30,20,10
3/27/2017 6:00,104,60,44
3/27/2017 7:00,245,158,87
3/27/2017 8:00,396,231,165
3/27/2017 9:00,207,105,102
3/27/2017 10:00,75,37,38
3/27/2017 11:00,52,30,22
3/27/2017 12:00,55,25,30
3/27/2017 13:00,55,31,24
3/27/2017 14:00,57,29,28
3/27/2017 15:00,84,32,52
3/27/2017 16:00,188,57,131
3/27/2017 17:00,485,119,366
3/27/2017 18:00,294,85,209
3/27/2017 19:00,135,53,82
3/27/2017 20:00,60,26,34
3/27/2017 21:00,33,9,24
3/27/2017 22:00,22,7,15
3/27/2017 23:00,9,2,7
3/28/2017 0:00,6,2,4
3/28/2017 1:00,2,1,1
3/28/2017 2:00,0,0,0
3/28/2017 3:00,2,0,2
3/28/2017 4:00,5,3,2
3/28/2017 5:00,33,20,13
3/28/2017 6:00,107,59,48
3/28/2017 7:00,234,135,99
3/28/2017 8:00,361,210,151
3/28/2017 9:00,199,109,90
3/28/2017 10:00,64,33,31
3/28/2017 11:00,37,14,23
3/28/2017 12:00,53,24,29
3/28/2017 13:00,47,18,29
3/28/2017 14:00,42,18,24
3/28/2017 15:00,68,26,42
3/28/2017 16:00,157,40,117
3/28/2017 17:00,408,105,303
3/28/2017 18:00,272,76,196
3/28/2017 19:00,125,39,86
3/28/2017 20:00,56,18,38
3/28/2017 21:00,29,13,16
3/28/2017 22:00,16,11,5
3/28/2017 23:00,6,1,5
3/29/2017 0:00,6,3,3
3/29/2017 1:00,4,4,0
3/29/2017 2:00,1,0,1
3/29/2017 3:00,1,0,1
3/29/2017 4:00,4,3,1
3/29/2017 5:00,19,12,7
3/29/2017 6:00,69,40,29
3/29/2017 7:00,195,123,72
3/29/2017 8:00,280,160,120
3/29/2017 9:00,150,81,69
3/29/2017 10:00,48,23,25
3/29/2017 11:00,40,18,22
3/29/2017 12:00,42,19,23
3/29/2017 13:00,36,16,20
3/29/2017 14:00,39,19,20
3/29/2017 15:00,75,35,40
3/29/2017 16:00,170,61,109
3/29/2017 17:00,375,91,284
3/29/2017 18:00,273,101,172
3/29/2017 19:00,153,48,105
3/29/2017 20:00,56,29,27
3/29/2017 21:00,35,13,22
3/29/2017 22:00,23,11,12
3/29/2017 23:00,14,6,8
3/30/2017 0:00,6,1,5
3/30/2017 1:00,0,0,0
3/30/2017 2:00,3,3,0
3/30/2017 3:00,1,0,1
3/30/2017 4:00,9,6,3
3/30/2017 5:00,34,19,15
3/30/2017 6:00,94,60,34
3/30/2017 7:00,274,169,105
3/30/2017 8:00,429,259,170
3/30/2017 9:00,226,114,112
3/30/2017 10:00,86,40,46
3/30/2017 11:00,63,26,37
3/30/2017 12:00,62,33,29
3/30/2017 13:00,76,31,45
3/30/2017 14:00,61,31,30
3/30/2017 15:00,84,46,38
3/30/2017 16:00,247,74,173
3/30/2017 17:00,437,101,336
3/30/2017 18:00,317,104,213
3/30/2017 19:00,175,50,125
3/30/2017 20:00,83,25,58
3/30/2017 21:00,36,15,21
3/30/2017 22:00,30,10,20
3/30/2017 23:00,16,11,5
3/31/2017 0:00,6,2,4
3/31/2017 1:00,2,2,0
3/31/2017 2:00,1,1,0
3/31/2017 3:00,1,1,0
3/31/2017 4:00,6,3,3
3/31/2017 5:00,37,23,14
3/31/2017 6:00,106,57,49
3/31/2017 7:00,262,163,99
3/31/2017 8:00,412,250,162
3/31/2017 9:00,160,90,70
3/31/2017 10:00,90,52,38
3/31/2017 11:00,70,39,31
3/31/2017 12:00,74,37,37
3/31/2017 13:00,86,52,34
3/31/2017 14:00,100,45,55
3/31/2017 15:00,161,74,87
3/31/2017 16:00,306,83,223
3/31/2017 17:00,478,145,333
3/31/2017 18:00,323,117,206
3/31/2017 19:00,134,50,84
3/31/2017 20:00,62,26,36
3/31/2017 21:00,56,16,40
3/31/2017 22:00,34,12,22
3/31/2017 23:00,20,5,15
4/1/2017 0:00,21,8,13
4/1/2017 1:00,10,5,5
4/1/2017 2:00,4,4,0
4/1/2017 3:00,5,0,5
4/1/2017 4:00,1,0,1
4/1/2017 5:00,4,2,2
4/1/2017 6:00,14,8,6
4/1/2017 7:00,24,13,11
4/1/2017 8:00,58,31,27
4/1/2017 9:00,60,29,31
4/1/2017 10:00,91,52,39
4/1/2017 11:00,87,36,51
4/1/2017 12:00,93,49,44
4/1/2017 13:00,92,49,43
4/1/2017 14:00,120,70,50
4/1/2017 15:00,116,66,50
4/1/2017 16:00,136,70,66
4/1/2017 17:00,94,36,58
4/1/2017 18:00,80,33,47
4/1/2017 19:00,37,26,11
4/1/2017 20:00,29,8,21
4/1/2017 21:00,27,9,18
4/1/2017 22:00,22,9,13
4/1/2017 23:00,12,2,10
4/2/2017 0:00,8,5,3
4/2/2017 1:00,2,0,2
4/2/2017 2:00,0,0,0
4/2/2017 3:00,1,1,0
4/2/2017 4:00,0,0,0
4/2/2017 5:00,3,2,1
4/2/2017 6:00,18,9,9
4/2/2017 7:00,31,16,15
4/2/2017 8:00,55,20,35
4/2/2017 9:00,86,37,49
4/2/2017 10:00,101,44,57
4/2/2017 11:00,154,84,70
4/2/2017 12:00,160,80,80
4/2/2017 13:00,168,90,78
4/2/2017 14:00,153,76,77
4/2/2017 15:00,155,82,73
4/2/2017 16:00,104,53,51
4/2/2017 17:00,112,51,61
4/2/2017 18:00,64,39,25
4/2/2017 19:00,38,18,20
4/2/2017 20:00,22,9,13
4/2/2017 21:00,22,11,11
4/2/2017 22:00,9,2,7
4/2/2017 23:00,5,1,4
4/3/2017 0:00,4,2,2
4/3/2017 1:00,2,0,2
4/3/2017 2:00,0,0,0
4/3/2017 3:00,3,1,2
4/3/2017 4:00,4,2,2
4/3/2017 5:00,38,28,10
4/3/2017 6:00,127,74,53
4/3/2017 7:00,365,228,137
4/3/2017 8:00,520,285,235
4/3/2017 9:00,243,127,116
4/3/2017 10:00,94,44,50
4/3/2017 11:00,55,23,32
4/3/2017 12:00,72,39,33
4/3/2017 13:00,78,36,42
4/3/2017 14:00,98,45,53
4/3/2017 15:00,141,50,91
4/3/2017 16:00,294,92,202
4/3/2017 17:00,619,174,445
4/3/2017 18:00,401,116,285
4/3/2017 19:00,161,60,101
4/3/2017 20:00,87,32,55
4/3/2017 21:00,54,27,27
4/3/2017 22:00,43,16,27
4/3/2017 23:00,10,4,6
4/4/2017 0:00,7,4,3
4/4/2017 1:00,2,1,1
4/4/2017 2:00,5,2,3
4/4/2017 3:00,1,0,1
4/4/2017 4:00,5,3,2
4/4/2017 5:00,30,22,8
4/4/2017 6:00,140,86,54
4/4/2017 7:00,349,206,143
4/4/2017 8:00,496,293,203
4/4/2017 9:00,241,121,120
4/4/2017 10:00,81,36,45
4/4/2017 11:00,45,23,22
4/4/2017 12:00,75,37,38
4/4/2017 13:00,76,40,36
4/4/2017 14:00,65,29,36
4/4/2017 15:00,120,54,66
4/4/2017 16:00,283,82,201
4/4/2017 17:00,532,135,397
4/4/2017 18:00,369,99,270
4/4/2017 19:00,158,50,108
4/4/2017 20:00,70,25,45
4/4/2017 21:00,31,15,16
4/4/2017 22:00,32,16,16
4/4/2017 23:00,14,6,8
4/5/2017 0:00,6,3,3
4/5/2017 1:00,3,1,2
4/5/2017 2:00,2,0,2
4/5/2017 3:00,3,2,1
4/5/2017 4:00,4,2,2
4/5/2017 5:00,24,19,5
4/5/2017 6:00,78,47,31
4/5/2017 7:00,203,130,73
4/5/2017 8:00,302,156,146
4/5/2017 9:00,151,78,73
4/5/2017 10:00,55,23,32
4/5/2017 11:00,18,8,10
4/5/2017 12:00,41,15,26
4/5/2017 13:00,26,12,14
4/5/2017 14:00,27,8,19
4/5/2017 15:00,71,23,48
4/5/2017 16:00,138,44,94
4/5/2017 17:00,316,73,243
4/5/2017 18:00,239,75,164
4/5/2017 19:00,92,28,64
4/5/2017 20:00,43,15,28
4/5/2017 21:00,24,7,17
4/5/2017 22:00,27,13,14
4/5/2017 23:00,11,3,8
4/6/2017 0:00,6,4,2
4/6/2017 1:00,1,0,1
4/6/2017 2:00,4,3,1
4/6/2017 3:00,2,0,2
4/6/2017 4:00,4,4,0
4/6/2017 5:00,23,13,10
4/6/2017 6:00,78,48,30
4/6/2017 7:00,207,127,80
4/6/2017 8:00,292,171,121
4/6/2017 9:00,157,88,69
4/6/2017 10:00,63,31,32
4/6/2017 11:00,27,8,19
4/6/2017 12:00,43,26,17
4/6/2017 13:00,43,21,22
4/6/2017 14:00,59,26,33
4/6/2017 15:00,105,55,50
4/6/2017 16:00,219,79,140
4/6/2017 17:00,379,101,278
4/6/2017 18:00,325,109,216
4/6/2017 19:00,148,64,84
4/6/2017 20:00,90,42,48
4/6/2017 21:00,46,19,27
4/6/2017 22:00,32,17,15
4/6/2017 23:00,11,3,8
4/7/2017 0:00,9,5,4
4/7/2017 1:00,4,3,1
4/7/2017 2:00,3,3,0
4/7/2017 3:00,2,0,2
4/7/2017 4:00,3,2,1
4/7/2017 5:00,20,14,6
4/7/2017 6:00,76,49,27
4/7/2017 7:00,218,133,85
4/7/2017 8:00,276,153,123
4/7/2017 9:00,132,72,60
4/7/2017 10:00,55,32,23
4/7/2017 11:00,31,12,19
4/7/2017 12:00,31,10,21
4/7/2017 13:00,49,16,33
4/7/2017 14:00,42,14,28
4/7/2017 15:00,72,23,49
4/7/2017 16:00,153,42,111
4/7/2017 17:00,270,71,199
4/7/2017 18:00,158,35,123
4/7/2017 19:00,54,24,30
4/7/2017 20:00,25,7,18
4/7/2017 21:00,14,5,9
4/7/2017 22:00,14,7,7
4/7/2017 23:00,11,3,8
4/8/2017 0:00,6,0,6
4/8/2017 1:00,1,1,0
4/8/2017 2:00,1,1,0
4/8/2017 3:00,1,1,0
4/8/2017 4:00,3,0,3
4/8/2017 5:00,4,4,0
4/8/2017 6:00,8,3,5
4/8/2017 7:00,17,9,8
4/8/2017 8:00,63,23,40
4/8/2017 9:00,72,39,33
4/8/2017 10:00,92,49,43
4/8/2017 11:00,74,39,35
4/8/2017 12:00,84,34,50
4/8/2017 13:00,81,43,38
4/8/2017 14:00,71,35,36
4/8/2017 15:00,60,30,30
4/8/2017 16:00,79,46,33
4/8/2017 17:00,58,33,25
4/8/2017 18:00,65,36,29
4/8/2017 19:00,51,23,28
4/8/2017 20:00,29,13,16
4/8/2017 21:00,17,5,12
4/8/2017 22:00,17,6,11
4/8/2017 23:00,21,7,14
4/9/2017 0:00,7,2,5
4/9/2017 1:00,1,0,1
4/9/2017 2:00,4,2,2
4/9/2017 3:00,0,0,0
4/9/2017 4:00,2,1,1
4/9/2017 5:00,5,4,1
4/9/2017 6:00,16,10,6
4/9/2017 7:00,24,17,7
4/9/2017 8:00,45,22,23
4/9/2017 9:00,91,53,38
4/9/2017 10:00,100,46,54
4/9/2017 11:00,173,97,76
4/9/2017 12:00,186,92,94
4/9/2017 13:00,185,96,89
4/9/2017 14:00,181,103,78
4/9/2017 15:00,159,93,66
4/9/2017 16:00,159,93,66
4/9/2017 17:00,106,53,53
4/9/2017 18:00,86,41,45
4/9/2017 19:00,59,23,36
4/9/2017 20:00,24,14,10
4/9/2017 21:00,22,9,13
4/9/2017 22:00,11,5,6
4/9/2017 23:00,9,3,6
4/10/2017 0:00,1,0,1
4/10/2017 1:00,2,1,1
4/10/2017 2:00,1,0,1
4/10/2017 3:00,0,0,0
4/10/2017 4:00,4,2,2
4/10/2017 5:00,28,20,8
4/10/2017 6:00,78,50,28
4/10/2017 7:00,267,159,108
4/10/2017 8:00,382,228,154
4/10/2017 9:00,223,108,115
4/10/2017 10:00,77,31,46
4/10/2017 11:00,49,17,32
4/10/2017 12:00,43,23,20
4/10/2017 13:00,36,18,18
4/10/2017 14:00,36,13,23
4/10/2017 15:00,68,27,41
4/10/2017 16:00,154,36,118
4/10/2017 17:00,367,75,292
4/10/2017 18:00,279,82,197
4/10/2017 19:00,119,35,84
4/10/2017 20:00,58,22,36
4/10/2017 21:00,37,15,22
4/10/2017 22:00,20,9,11
4/10/2017 23:00,11,5,6
4/11/2017 0:00,3,1,2
4/11/2017 1:00,2,0,2
4/11/2017 2:00,2,1,1
4/11/2017 3:00,1,0,1
4/11/2017 4:00,5,4,1
4/11/2017 5:00,30,20,10
4/11/2017 6:00,122,78,44
4/11/2017 7:00,330,191,139
4/11/2017 8:00,472,283,189
4/11/2017 9:00,221,117,104
4/11/2017 10:00,120,54,66
4/11/2017 11:00,85,47,38
4/11/2017 12:00,94,48,46
4/11/2017 13:00,96,47,49
4/11/2017 14:00,85,33,52
4/11/2017 15:00,115,49,66
4/11/2017 16:00,266,69,197
4/11/2017 17:00,566,149,417
4/11/2017 18:00,371,109,262
4/11/2017 19:00,172,50,122
4/11/2017 20:00,76,26,50
4/11/2017 21:00,50,26,24
4/11/2017 22:00,36,12,24
4/11/2017 23:00,17,4,13
4/12/2017 0:00,9,3,6
4/12/2017 1:00,3,2,1
4/12/2017 2:00,0,0,0
4/12/2017 3:00,2,2,0
4/12/2017 4:00,2,0,2
4/12/2017 5:00,14,8,6
4/12/2017 6:00,66,46,20
4/12/2017 7:00,155,91,64
4/12/2017 8:00,272,164,108
4/12/2017 9:00,149,71,78
4/12/2017 10:00,43,23,20
4/12/2017 11:00,27,12,15
4/12/2017 12:00,36,20,16
4/12/2017 13:00,34,16,18
4/12/2017 14:00,49,20,29
4/12/2017 15:00,59,34,25
4/12/2017 16:00,154,43,111
4/12/2017 17:00,309,77,232
4/12/2017 18:00,206,69,137
4/12/2017 19:00,111,45,66
4/12/2017 20:00,47,19,28
4/12/2017 21:00,33,13,20
4/12/2017 22:00,23,8,15
4/12/2017 23:00,16,6,10
4/13/2017 0:00,6,2,4
4/13/2017 1:00,2,0,2
4/13/2017 2:00,6,4,2
4/13/2017 3:00,3,1,2
4/13/2017 4:00,9,5,4
4/13/2017 5:00,20,13,7
4/13/2017 6:00,99,64,35
4/13/2017 7:00,253,153,100
4/13/2017 8:00,374,202,172
4/13/2017 9:00,183,92,91
4/13/2017 10:00,71,23,48
4/13/2017 11:00,56,22,34
4/13/2017 12:00,46,27,19
4/13/2017 13:00,50,18,32
4/13/2017 14:00,45,19,26
4/13/2017 15:00,86,28,58
4/13/2017 16:00,202,54,148
4/13/2017 17:00,396,108,288
4/13/2017 18:00,258,86,172
4/13/2017 19:00,136,38,98
4/13/2017 20:00,105,59,46
4/13/2017 21:00,41,15,26
4/13/2017 22:00,30,12,18
4/13/2017 23:00,10,4,6
4/14/2017 0:00,13,4,9
4/14/2017 1:00,0,0,0
4/14/2017 2:00,2,1,1
4/14/2017 3:00,1,0,1
4/14/2017 4:00,7,3,4
4/14/2017 5:00,25,16,9
4/14/2017 6:00,76,41,35
4/14/2017 7:00,220,130,90
4/14/2017 8:00,317,182,135
4/14/2017 9:00,169,80,89
4/14/2017 10:00,83,46,37
4/14/2017 11:00,70,30,40
4/14/2017 12:00,49,21,28
4/14/2017 13:00,63,33,30
4/14/2017 14:00,68,34,34
4/14/2017 15:00,113,41,72
4/14/2017 16:00,228,61,167
4/14/2017 17:00,326,83,243
4/14/2017 18:00,225,64,161
4/14/2017 19:00,101,37,64
4/14/2017 20:00,56,28,28
4/14/2017 21:00,41,13,28
4/14/2017 22:00,26,8,18
4/14/2017 23:00,18,4,14
4/15/2017 0:00,7,2,5
4/15/2017 1:00,11,7,4
4/15/2017 2:00,2,2,0
4/15/2017 3:00,3,2,1
4/15/2017 4:00,2,0,2
4/15/2017 5:00,8,4,4
4/15/2017 6:00,16,10,6
4/15/2017 7:00,37,18,19
4/15/2017 8:00,56,27,29
4/15/2017 9:00,112,57,55
4/15/2017 10:00,121,64,57
4/15/2017 11:00,129,70,59
4/15/2017 12:00,141,86,55
4/15/2017 13:00,164,82,82
4/15/2017 14:00,137,89,48
4/15/2017 15:00,219,96,123
4/15/2017 16:00,167,91,76
4/15/2017 17:00,167,78,89
4/15/2017 18:00,124,58,66
4/15/2017 19:00,69,38,31
4/15/2017 20:00,47,25,22
4/15/2017 21:00,30,9,21
4/15/2017 22:00,17,5,12
4/15/2017 23:00,20,3,17
4/16/2017 0:00,17,4,13
4/16/2017 1:00,12,7,5
4/16/2017 2:00,4,2,2
4/16/2017 3:00,4,2,2
4/16/2017 4:00,4,1,3
4/16/2017 5:00,4,1,3
4/16/2017 6:00,10,2,8
4/16/2017 7:00,31,15,16
4/16/2017 8:00,47,17,30
4/16/2017 9:00,80,38,42
4/16/2017 10:00,98,37,61
4/16/2017 11:00,115,56,59
4/16/2017 12:00,162,81,81
4/16/2017 13:00,190,99,91
4/16/2017 14:00,136,70,66
4/16/2017 15:00,168,81,87
4/16/2017 16:00,156,92,64
4/16/2017 17:00,104,48,56
4/16/2017 18:00,81,43,38
4/16/2017 19:00,66,35,31
4/16/2017 20:00,36,16,20
4/16/2017 21:00,19,11,8
4/16/2017 22:00,8,6,2
4/16/2017 23:00,10,4,6
4/17/2017 0:00,9,4,5
4/17/2017 1:00,2,0,2
4/17/2017 2:00,4,4,0
4/17/2017 3:00,1,0,1
4/17/2017 4:00,7,3,4
4/17/2017 5:00,29,18,11
4/17/2017 6:00,104,64,40
4/17/2017 7:00,278,178,100
4/17/2017 8:00,427,238,189
4/17/2017 9:00,236,110,126
4/17/2017 10:00,100,52,48
4/17/2017 11:00,65,30,35
4/17/2017 12:00,49,21,28
4/17/2017 13:00,63,31,32
4/17/2017 14:00,53,22,31
4/17/2017 15:00,89,43,46
4/17/2017 16:00,195,59,136
4/17/2017 17:00,402,84,318
4/17/2017 18:00,307,80,227
4/17/2017 19:00,127,39,88
4/17/2017 20:00,44,13,31
4/17/2017 21:00,32,14,18
4/17/2017 22:00,21,8,13
4/17/2017 23:00,9,5,4
4/18/2017 0:00,7,3,4
4/18/2017 1:00,3,1,2
4/18/2017 2:00,2,2,0
4/18/2017 3:00,3,2,1
4/18/2017 4:00,6,4,2
4/18/2017 5:00,30,21,9
4/18/2017 6:00,104,65,39
4/18/2017 7:00,282,180,102
4/18/2017 8:00,421,238,183
4/18/2017 9:00,215,112,103
4/18/2017 10:00,61,34,27
4/18/2017 11:00,57,21,36
4/18/2017 12:00,72,38,34
4/18/2017 13:00,47,26,21
4/18/2017 14:00,70,36,34
4/18/2017 15:00,89,31,58
4/18/2017 16:00,234,68,166
4/18/2017 17:00,462,135,327
4/18/2017 18:00,347,82,265
4/18/2017 19:00,121,41,80
4/18/2017 20:00,58,19,39
4/18/2017 21:00,53,22,31
4/18/2017 22:00,23,13,10
4/18/2017 23:00,15,9,6
4/19/2017 0:00,8,6,2
4/19/2017 1:00,0,0,0
4/19/2017 2:00,1,1,0
4/19/2017 3:00,0,0,0
4/19/2017 4:00,7,4,3
4/19/2017 5:00,34,22,12
4/19/2017 6:00,112,68,44
4/19/2017 7:00,300,183,117
4/19/2017 8:00,392,215,177
4/19/2017 9:00,188,93,95
4/19/2017 10:00,70,28,42
4/19/2017 11:00,39,18,21
4/19/2017 12:00,37,13,24
4/19/2017 13:00,30,12,18
4/19/2017 14:00,40,19,21
4/19/2017 15:00,83,34,49
4/19/2017 16:00,189,55,134
4/19/2017 17:00,421,112,309
4/19/2017 18:00,328,103,225
4/19/2017 19:00,158,36,122
4/19/2017 20:00,78,28,50
4/19/2017 21:00,36,17,19
4/19/2017 22:00,16,8,8
4/19/2017 23:00,8,4,4
4/20/2017 0:00,5,3,2
4/20/2017 1:00,3,0,3
4/20/2017 2:00,2,2,0
4/20/2017 3:00,1,0,1
4/20/2017 4:00,6,4,2
4/20/2017 5:00,40,28,12
4/20/2017 6:00,120,66,54
4/20/2017 7:00,272,164,108
4/20/2017 8:00,445,252,193
4/20/2017 9:00,231,113,118
4/20/2017 10:00,70,31,39
4/20/2017 11:00,57,28,29
4/20/2017 12:00,58,36,22
4/20/2017 13:00,68,29,39
4/20/2017 14:00,87,36,51
4/20/2017 15:00,127,53,74
4/20/2017 16:00,239,73,166
4/20/2017 17:00,502,149,353
4/20/2017 18:00,357,113,244
4/20/2017 19:00,172,54,118
4/20/2017 20:00,111,36,75
4/20/2017 21:00,57,20,37
4/20/2017 22:00,42,16,26
4/20/2017 23:00,13,4,9
4/21/2017 0:00,24,10,14
4/21/2017 1:00,5,2,3
4/21/2017 2:00,5,3,2
4/21/2017 3:00,1,0,1
4/21/2017 4:00,5,2,3
4/21/2017 5:00,33,24,9
4/21/2017 6:00,142,80,62
4/21/2017 7:00,341,227,114
4/21/2017 8:00,506,293,213
4/21/2017 9:00,276,151,125
4/21/2017 10:00,132,66,66
4/21/2017 11:00,112,55,57
4/21/2017 12:00,129,56,73
4/21/2017 13:00,150,83,67
4/21/2017 14:00,155,67,88
4/21/2017 15:00,267,99,168
4/21/2017 16:00,424,154,270
4/21/2017 17:00,630,197,433
4/21/2017 18:00,374,128,246
4/21/2017 19:00,176,69,107
4/21/2017 20:00,107,46,61
4/21/2017 21:00,48,25,23
4/21/2017 22:00,45,21,24
4/21/2017 23:00,22,9,13
4/22/2017 0:00,14,5,9
4/22/2017 1:00,9,3,6
4/22/2017 2:00,3,2,1
4/22/2017 3:00,2,0,2
4/22/2017 4:00,4,1,3
4/22/2017 5:00,4,2,2
4/22/2017 6:00,20,14,6
4/22/2017 7:00,48,24,24
4/22/2017 8:00,83,46,37
4/22/2017 9:00,101,63,38
4/22/2017 10:00,85,31,54
4/22/2017 11:00,90,52,38
4/22/2017 12:00,46,25,21
4/22/2017 13:00,94,33,61
4/22/2017 14:00,41,21,20
4/22/2017 15:00,57,19,38
4/22/2017 16:00,66,32,34
4/22/2017 17:00,56,24,32
4/22/2017 18:00,62,35,27
4/22/2017 19:00,59,33,26
4/22/2017 20:00,30,12,18
4/22/2017 21:00,22,15,7
4/22/2017 22:00,16,5,11
4/22/2017 23:00,13,4,9
4/23/2017 0:00,10,3,7
4/23/2017 1:00,5,2,3
4/23/2017 2:00,5,1,4
4/23/2017 3:00,3,1,2
4/23/2017 4:00,2,0,2
4/23/2017 5:00,1,1,0
4/23/2017 6:00,12,7,5
4/23/2017 7:00,24,12,12
4/23/2017 8:00,64,26,38
4/23/2017 9:00,78,50,28
4/23/2017 10:00,88,45,43
4/23/2017 11:00,74,35,39
4/23/2017 12:00,38,21,17
4/23/2017 13:00,54,25,29
4/23/2017 14:00,39,20,19
4/23/2017 15:00,34,17,17
4/23/2017 16:00,23,10,13
4/23/2017 17:00,23,8,15
4/23/2017 18:00,25,14,11
4/23/2017 19:00,22,9,13
4/23/2017 20:00,11,2,9
4/23/2017 21:00,8,5,3
4/23/2017 22:00,10,5,5
4/23/2017 23:00,6,1,5
4/24/2017 0:00,6,4,2
4/24/2017 1:00,2,1,1
4/24/2017 2:00,2,0,2
4/24/2017 3:00,1,0,1
4/24/2017 4:00,5,3,2
4/24/2017 5:00,28,18,10
4/24/2017 6:00,110,63,47
4/24/2017 7:00,329,203,126
4/24/2017 8:00,455,270,185
4/24/2017 9:00,220,107,113
4/24/2017 10:00,66,34,32
4/24/2017 11:00,49,23,26
4/24/2017 12:00,51,21,30
4/24/2017 13:00,64,31,33
4/24/2017 14:00,67,33,34
4/24/2017 15:00,106,47,59
4/24/2017 16:00,232,76,156
4/24/2017 17:00,529,131,398
4/24/2017 18:00,346,119,227
4/24/2017 19:00,206,61,145
4/24/2017 20:00,98,36,62
4/24/2017 21:00,44,22,22
4/24/2017 22:00,31,15,16
4/24/2017 23:00,18,4,14
4/25/2017 0:00,11,5,6
4/25/2017 1:00,10,3,7
4/25/2017 2:00,3,1,2
4/25/2017 3:00,0,0,0
4/25/2017 4:00,8,5,3
4/25/2017 5:00,40,25,15
4/25/2017 6:00,219,137,82
4/25/2017 7:00,360,226,134
4/25/2017 8:00,493,286,207
4/25/2017 9:00,264,138,126
4/25/2017 10:00,111,45,66
4/25/2017 11:00,52,29,23
4/25/2017 12:00,64,23,41
4/25/2017 13:00,82,34,48
4/25/2017 14:00,72,32,40
4/25/2017 15:00,124,51,73
4/25/2017 16:00,290,85,205
4/25/2017 17:00,532,142,390
4/25/2017 18:00,335,87,248
4/25/2017 19:00,136,36,100
4/25/2017 20:00,80,27,53
4/25/2017 21:00,27,10,17
4/25/2017 22:00,22,9,13
4/25/2017 23:00,21,5,16
4/26/2017 0:00,6,3,3
4/26/2017 1:00,3,3,0
4/26/2017 2:00,0,0,0
4/26/2017 3:00,2,1,1
4/26/2017 4:00,6,3,3
4/26/2017 5:00,30,18,12
4/26/2017 6:00,121,72,49
4/26/2017 7:00,302,170,132
4/26/2017 8:00,407,243,164
4/26/2017 9:00,168,88,80
4/26/2017 10:00,81,36,45
4/26/2017 11:00,55,25,30
4/26/2017 12:00,51,26,25
4/26/2017 13:00,42,20,22
4/26/2017 14:00,51,24,27
4/26/2017 15:00,80,28,52
4/26/2017 16:00,176,50,126
4/26/2017 17:00,425,96,329
4/26/2017 18:00,278,81,197
4/26/2017 19:00,123,31,92
4/26/2017 20:00,61,20,41
4/26/2017 21:00,41,10,31
4/26/2017 22:00,19,10,9
4/26/2017 23:00,11,5,6
4/27/2017 0:00,5,2,3
4/27/2017 1:00,1,0,1
4/27/2017 2:00,1,1,0
4/27/2017 3:00,0,0,0
4/27/2017 4:00,7,3,4
4/27/2017 5:00,38,30,8
4/27/2017 6:00,120,72,48
4/27/2017 7:00,293,186,107
4/27/2017 8:00,414,231,183
4/27/2017 9:00,201,106,95
4/27/2017 10:00,91,41,50
4/27/2017 11:00,64,30,34
4/27/2017 12:00,71,32,39
4/27/2017 13:00,63,23,40
4/27/2017 14:00,91,40,51
4/27/2017 15:00,121,54,67
4/27/2017 16:00,244,83,161
4/27/2017 17:00,483,117,366
4/27/2017 18:00,302,88,214
4/27/2017 19:00,161,41,120
4/27/2017 20:00,89,39,50
4/27/2017 21:00,48,17,31
4/27/2017 22:00,35,15,20
4/27/2017 23:00,18,8,10
4/28/2017 0:00,7,2,5
4/28/2017 1:00,3,1,2
4/28/2017 2:00,4,1,3
4/28/2017 3:00,4,1,3
4/28/2017 4:00,1,0,1
4/28/2017 5:00,30,21,9
4/28/2017 6:00,115,67,48
4/28/2017 7:00,306,199,107
4/28/2017 8:00,433,234,199
4/28/2017 9:00,222,118,104
4/28/2017 10:00,98,50,48
4/28/2017 11:00,68,24,44
4/28/2017 12:00,76,47,29
4/28/2017 13:00,85,44,41
4/28/2017 14:00,118,52,66
4/28/2017 15:00,157,59,98
4/28/2017 16:00,345,106,239
4/28/2017 17:00,507,143,364
4/28/2017 18:00,357,115,242
4/28/2017 19:00,170,78,92
4/28/2017 20:00,96,47,49
4/28/2017 21:00,42,16,26
4/28/2017 22:00,39,20,19
4/28/2017 23:00,32,9,23
4/29/2017 0:00,14,8,6
4/29/2017 1:00,7,3,4
4/29/2017 2:00,5,2,3
4/29/2017 3:00,4,3,1
4/29/2017 4:00,2,2,0
4/29/2017 5:00,6,1,5
4/29/2017 6:00,13,9,4
4/29/2017 7:00,39,21,18
4/29/2017 8:00,85,48,37
4/29/2017 9:00,126,70,56
4/29/2017 10:00,103,66,37
4/29/2017 11:00,137,84,53
4/29/2017 12:00,121,60,61
4/29/2017 13:00,120,68,52
4/29/2017 14:00,138,64,74
4/29/2017 15:00,105,57,48
4/29/2017 16:00,80,41,39
4/29/2017 17:00,86,39,47
4/29/2017 18:00,52,21,31
4/29/2017 19:00,36,22,14
4/29/2017 20:00,25,14,11
4/29/2017 21:00,27,5,22
4/29/2017 22:00,18,7,11
4/29/2017 23:00,9,2,7
4/30/2017 0:00,12,3,9
4/30/2017 1:00,5,3,2
4/30/2017 2:00,4,0,4
4/30/2017 3:00,2,1,1
4/30/2017 4:00,2,1,1
4/30/2017 5:00,2,1,1
4/30/2017 6:00,13,9,4
4/30/2017 7:00,15,8,7
4/30/2017 8:00,47,23,24
4/30/2017 9:00,43,19,24
4/30/2017 10:00,72,36,36
4/30/2017 11:00,75,34,41
4/30/2017 12:00,122,70,52
4/30/2017 13:00,171,87,84
4/30/2017 14:00,123,66,57
4/30/2017 15:00,128,63,65
4/30/2017 16:00,125,65,60
4/30/2017 17:00,73,27,46
4/30/2017 18:00,82,48,34
4/30/2017 19:00,35,24,11
4/30/2017 20:00,28,18,10
4/30/2017 21:00,14,3,11
4/30/2017 22:00,11,5,6
4/30/2017 23:00,11,4,7
5/1/2017 0:00,6,5,1
5/1/2017 1:00,4,3,1
5/1/2017 2:00,1,1,0
5/1/2017 3:00,2,1,1
5/1/2017 4:00,10,4,6
5/1/2017 5:00,42,26,16
5/1/2017 6:00,182,117,65
5/1/2017 7:00,393,246,147
5/1/2017 8:00,525,301,224
5/1/2017 9:00,228,119,109
5/1/2017 10:00,54,22,32
5/1/2017 11:00,44,15,29
5/1/2017 12:00,47,26,21
5/1/2017 13:00,38,21,17
5/1/2017 14:00,78,31,47
5/1/2017 15:00,123,48,75
5/1/2017 16:00,326,75,251
5/1/2017 17:00,593,134,459
5/1/2017 18:00,352,102,250
5/1/2017 19:00,151,70,81
5/1/2017 20:00,78,29,49
5/1/2017 21:00,49,19,30
5/1/2017 22:00,27,7,20
5/1/2017 23:00,10,4,6
5/2/2017 0:00,5,1,4
5/2/2017 1:00,7,0,7
5/2/2017 2:00,5,2,3
5/2/2017 3:00,2,1,1
5/2/2017 4:00,10,4,6
5/2/2017 5:00,46,32,14
5/2/2017 6:00,201,126,75
5/2/2017 7:00,435,274,161
5/2/2017 8:00,527,324,203
5/2/2017 9:00,261,139,122
5/2/2017 10:00,88,48,40
5/2/2017 11:00,83,47,36
5/2/2017 12:00,77,42,35
5/2/2017 13:00,73,42,31
5/2/2017 14:00,98,44,54
5/2/2017 15:00,130,58,72
5/2/2017 16:00,305,81,224
5/2/2017 17:00,628,149,479
5/2/2017 18:00,372,100,272
5/2/2017 19:00,164,55,109
5/2/2017 20:00,82,25,57
5/2/2017 21:00,48,13,35
5/2/2017 22:00,32,12,20
5/2/2017 23:00,17,5,12
5/3/2017 0:00,6,3,3
5/3/2017 1:00,4,1,3
5/3/2017 2:00,4,2,2
5/3/2017 3:00,2,1,1
5/3/2017 4:00,4,2,2
5/3/2017 5:00,35,23,12
5/3/2017 6:00,184,117,67
5/3/2017 7:00,444,286,158
5/3/2017 8:00,579,341,238
5/3/2017 9:00,291,142,149
5/3/2017 10:00,86,37,49
5/3/2017 11:00,67,35,32
5/3/2017 12:00,74,42,32
5/3/2017 13:00,84,44,40
5/3/2017 14:00,95,39,56
5/3/2017 15:00,171,68,103
5/3/2017 16:00,403,135,268
5/3/2017 17:00,829,211,618
5/3/2017 18:00,565,218,347
5/3/2017 19:00,274,111,163
5/3/2017 20:00,186,82,104
5/3/2017 21:00,85,38,47
5/3/2017 22:00,48,23,25
5/3/2017 23:00,23,8,15
5/4/2017 0:00,12,4,8
5/4/2017 1:00,7,4,3
5/4/2017 2:00,10,7,3
5/4/2017 3:00,2,1,1
5/4/2017 4:00,10,7,3
5/4/2017 5:00,46,26,20
5/4/2017 6:00,167,112,55
5/4/2017 7:00,405,235,170
5/4/2017 8:00,525,300,225
5/4/2017 9:00,257,131,126
5/4/2017 10:00,118,57,61
5/4/2017 11:00,92,51,41
5/4/2017 12:00,98,48,50
5/4/2017 13:00,116,57,59
5/4/2017 14:00,128,61,67
5/4/2017 15:00,185,82,103
5/4/2017 16:00,343,94,249
5/4/2017 17:00,436,99,337
5/4/2017 18:00,241,74,167
5/4/2017 19:00,136,41,95
5/4/2017 20:00,73,28,45
5/4/2017 21:00,29,15,14
5/4/2017 22:00,26,6,20
5/4/2017 23:00,14,7,7
5/5/2017 0:00,3,2,1
5/5/2017 1:00,5,3,2
5/5/2017 2:00,4,2,2
5/5/2017 3:00,2,2,0
5/5/2017 4:00,3,0,3
5/5/2017 5:00,36,22,14
5/5/2017 6:00,110,62,48
5/5/2017 7:00,292,192,100
5/5/2017 8:00,400,219,181
5/5/2017 9:00,189,90,99
5/5/2017 10:00,67,30,37
5/5/2017 11:00,48,23,25
5/5/2017 12:00,50,27,23
5/5/2017 13:00,64,28,36
5/5/2017 14:00,61,27,34
5/5/2017 15:00,97,43,54
5/5/2017 16:00,299,68,231
5/5/2017 17:00,483,128,355
5/5/2017 18:00,245,69,176
5/5/2017 19:00,132,43,89
5/5/2017 20:00,58,20,38
5/5/2017 21:00,28,12,16
5/5/2017 22:00,28,10,18
5/5/2017 23:00,29,5,24
5/6/2017 0:00,12,2,10
5/6/2017 1:00,5,3,2
5/6/2017 2:00,4,1,3
5/6/2017 3:00,6,2,4
5/6/2017 4:00,2,2,0
5/6/2017 5:00,3,2,1
5/6/2017 6:00,17,11,6
5/6/2017 7:00,50,19,31
5/6/2017 8:00,89,47,42
5/6/2017 9:00,163,99,64
5/6/2017 10:00,123,53,70
5/6/2017 11:00,169,84,85
5/6/2017 12:00,184,119,65
5/6/2017 13:00,184,101,83
5/6/2017 14:00,190,104,86
5/6/2017 15:00,167,89,78
5/6/2017 16:00,193,98,95
5/6/2017 17:00,142,76,66
5/6/2017 18:00,123,49,74
5/6/2017 19:00,87,47,40
5/6/2017 20:00,47,23,24
5/6/2017 21:00,32,11,21
5/6/2017 22:00,27,11,16
5/6/2017 23:00,19,10,9
5/7/2017 0:00,14,8,6
5/7/2017 1:00,7,1,6
5/7/2017 2:00,4,1,3
5/7/2017 3:00,1,0,1
5/7/2017 4:00,2,0,2
5/7/2017 5:00,1,1,0
5/7/2017 6:00,13,10,3
5/7/2017 7:00,38,21,17
5/7/2017 8:00,74,44,30
5/7/2017 9:00,76,46,30
5/7/2017 10:00,129,74,55
5/7/2017 11:00,168,80,88
5/7/2017 12:00,198,106,92
5/7/2017 13:00,218,130,88
5/7/2017 14:00,193,89,104
5/7/2017 15:00,209,118,91
5/7/2017 16:00,228,115,113
5/7/2017 17:00,215,120,95
5/7/2017 18:00,149,96,53
5/7/2017 19:00,75,44,31
5/7/2017 20:00,34,16,18
5/7/2017 21:00,28,13,15
5/7/2017 22:00,11,4,7
5/7/2017 23:00,13,5,8
5/8/2017 0:00,3,0,3
5/8/2017 1:00,5,0,5
5/8/2017 2:00,1,0,1
5/8/2017 3:00,1,1,0
5/8/2017 4:00,6,3,3
5/8/2017 5:00,51,31,20
5/8/2017 6:00,168,98,70
5/8/2017 7:00,477,303,174
5/8/2017 8:00,661,387,274
5/8/2017 9:00,276,145,131
5/8/2017 10:00,114,58,56
5/8/2017 11:00,60,22,38
5/8/2017 12:00,51,22,29
5/8/2017 13:00,63,35,28
5/8/2017 14:00,104,40,64
5/8/2017 15:00,160,61,99
5/8/2017 16:00,387,129,258
5/8/2017 17:00,788,180,608
5/8/2017 18:00,545,157,388
5/8/2017 19:00,215,86,129
5/8/2017 20:00,135,68,67
5/8/2017 21:00,66,25,41
5/8/2017 22:00,29,7,22
5/8/2017 23:00,21,7,14
5/9/2017 0:00,5,2,3
5/9/2017 1:00,4,2,2
5/9/2017 2:00,0,0,0
5/9/2017 3:00,1,1,0
5/9/2017 4:00,8,2,6
5/9/2017 5:00,48,35,13
5/9/2017 6:00,213,133,80
5/9/2017 7:00,570,363,207
5/9/2017 8:00,696,421,275
5/9/2017 9:00,323,152,171
5/9/2017 10:00,126,70,56
5/9/2017 11:00,90,42,48
5/9/2017 12:00,107,53,54
5/9/2017 13:00,113,65,48
5/9/2017 14:00,143,63,80
5/9/2017 15:00,183,80,103
5/9/2017 16:00,433,140,293
5/9/2017 17:00,827,204,623
5/9/2017 18:00,571,188,383
5/9/2017 19:00,284,106,178
5/9/2017 20:00,153,65,88
5/9/2017 21:00,86,33,53
5/9/2017 22:00,59,23,36
5/9/2017 23:00,28,10,18
5/10/2017 0:00,12,8,4
5/10/2017 1:00,4,2,2
5/10/2017 2:00,1,1,0
5/10/2017 3:00,2,0,2
5/10/2017 4:00,7,3,4
5/10/2017 5:00,52,33,19
5/10/2017 6:00,234,143,91
5/10/2017 7:00,519,318,201
5/10/2017 8:00,645,380,265
5/10/2017 9:00,289,131,158
5/10/2017 10:00,134,63,71
5/10/2017 11:00,101,51,50
5/10/2017 12:00,90,33,57
5/10/2017 13:00,136,73,63
5/10/2017 14:00,134,58,76
5/10/2017 15:00,197,75,122
5/10/2017 16:00,456,148,308
5/10/2017 17:00,812,189,623
5/10/2017 18:00,598,212,386
5/10/2017 19:00,249,100,149
5/10/2017 20:00,160,56,104
5/10/2017 21:00,85,30,55
5/10/2017 22:00,55,28,27
5/10/2017 23:00,27,8,19
5/11/2017 0:00,12,9,3
5/11/2017 1:00,5,3,2
5/11/2017 2:00,2,1,1
5/11/2017 3:00,3,2,1
5/11/2017 4:00,7,4,3
5/11/2017 5:00,33,19,14
5/11/2017 6:00,117,71,46
5/11/2017 7:00,345,194,151
5/11/2017 8:00,454,259,195
5/11/2017 9:00,232,132,100
5/11/2017 10:00,102,43,59
5/11/2017 11:00,35,19,16
5/11/2017 12:00,41,20,21
5/11/2017 13:00,35,16,19
5/11/2017 14:00,44,18,26
5/11/2017 15:00,94,45,49
5/11/2017 16:00,196,59,137
5/11/2017 17:00,524,110,414
5/11/2017 18:00,275,75,200
5/11/2017 19:00,147,44,103
5/11/2017 20:00,143,32,111
5/11/2017 21:00,39,15,24
5/11/2017 22:00,15,5,10
5/11/2017 23:00,18,1,17
5/12/2017 0:00,11,3,8
5/12/2017 1:00,3,2,1
5/12/2017 2:00,5,5,0
5/12/2017 3:00,2,0,2
5/12/2017 4:00,5,3,2
5/12/2017 5:00,38,28,10
5/12/2017 6:00,127,71,56
5/12/2017 7:00,386,216,170
5/12/2017 8:00,475,265,210
5/12/2017 9:00,223,109,114
5/12/2017 10:00,100,47,53
5/12/2017 11:00,75,28,47
5/12/2017 12:00,60,23,37
5/12/2017 13:00,51,22,29
5/12/2017 14:00,88,37,51
5/12/2017 15:00,125,51,74
5/12/2017 16:00,256,60,196
5/12/2017 17:00,485,122,363
5/12/2017 18:00,277,59,218
5/12/2017 19:00,132,50,82
5/12/2017 20:00,50,22,28
5/12/2017 21:00,38,12,26
5/12/2017 22:00,20,9,11
5/12/2017 23:00,18,6,12
5/13/2017 0:00,11,6,5
5/13/2017 1:00,2,1,1
5/13/2017 2:00,8,5,3
5/13/2017 3:00,5,0,5
5/13/2017 4:00,2,2,0
5/13/2017 5:00,6,2,4
5/13/2017 6:00,18,7,11
5/13/2017 7:00,31,15,16
5/13/2017 8:00,59,30,29
5/13/2017 9:00,84,46,38
5/13/2017 10:00,95,59,36
5/13/2017 11:00,121,56,65
5/13/2017 12:00,112,61,51
5/13/2017 13:00,94,43,51
5/13/2017 14:00,99,50,49
5/13/2017 15:00,160,85,75
5/13/2017 16:00,116,60,56
5/13/2017 17:00,113,58,55
5/13/2017 18:00,78,30,48
5/13/2017 19:00,42,15,27
5/13/2017 20:00,22,12,10
5/13/2017 21:00,21,12,9
5/13/2017 22:00,10,6,4
5/13/2017 23:00,24,8,16
5/14/2017 0:00,16,6,10
5/14/2017 1:00,6,3,3
5/14/2017 2:00,1,1,0
5/14/2017 3:00,3,1,2
5/14/2017 4:00,1,0,1
5/14/2017 5:00,4,2,2
5/14/2017 6:00,10,5,5
5/14/2017 7:00,20,12,8
5/14/2017 8:00,37,23,14
5/14/2017 9:00,52,37,15
5/14/2017 10:00,46,21,25
5/14/2017 11:00,69,37,32
5/14/2017 12:00,104,55,49
5/14/2017 13:00,89,50,39
5/14/2017 14:00,97,56,41
5/14/2017 15:00,105,56,49
5/14/2017 16:00,81,42,39
5/14/2017 17:00,77,36,41
5/14/2017 18:00,65,35,30
5/14/2017 19:00,40,18,22
5/14/2017 20:00,40,12,28
5/14/2017 21:00,22,11,11
5/14/2017 22:00,19,14,5
5/14/2017 23:00,12,5,7
5/15/2017 0:00,6,1,5
5/15/2017 1:00,6,2,4
5/15/2017 2:00,0,0,0
5/15/2017 3:00,1,1,0
5/15/2017 4:00,9,4,5
5/15/2017 5:00,42,30,12
5/15/2017 6:00,151,94,57
5/15/2017 7:00,373,232,141
5/15/2017 8:00,511,305,206
5/15/2017 9:00,201,107,94
5/15/2017 10:00,90,44,46
5/15/2017 11:00,52,24,28
5/15/2017 12:00,48,21,27
5/15/2017 13:00,49,27,22
5/15/2017 14:00,56,18,38
5/15/2017 15:00,89,31,58
5/15/2017 16:00,197,44,153
5/15/2017 17:00,493,103,390
5/15/2017 18:00,311,68,243
5/15/2017 19:00,120,39,81
5/15/2017 20:00,54,28,26
5/15/2017 21:00,32,8,24
5/15/2017 22:00,23,11,12
5/15/2017 23:00,4,0,4
5/16/2017 0:00,3,3,0
5/16/2017 1:00,3,1,2
5/16/2017 2:00,1,0,1
5/16/2017 3:00,1,0,1
5/16/2017 4:00,7,3,4
5/16/2017 5:00,26,19,7
5/16/2017 6:00,87,49,38
5/16/2017 7:00,228,142,86
5/16/2017 8:00,335,180,155
5/16/2017 9:00,156,75,81
5/16/2017 10:00,42,22,20
5/16/2017 11:00,36,12,24
5/16/2017 12:00,30,15,15
5/16/2017 13:00,53,23,30
5/16/2017 14:00,62,30,32
5/16/2017 15:00,104,48,56
5/16/2017 16:00,207,52,155
5/16/2017 17:00,405,93,312
5/16/2017 18:00,296,114,182
5/16/2017 19:00,133,46,87
5/16/2017 20:00,66,23,43
5/16/2017 21:00,35,10,25
5/16/2017 22:00,35,15,20
5/16/2017 23:00,21,6,15
5/17/2017 0:00,2,0,2
5/17/2017 1:00,2,1,1
5/17/2017 2:00,5,3,2
5/17/2017 3:00,2,1,1
5/17/2017 4:00,7,5,2
5/17/2017 5:00,45,25,20
5/17/2017 6:00,179,111,68
5/17/2017 7:00,475,278,197
5/17/2017 8:00,548,327,221
5/17/2017 9:00,285,162,123
5/17/2017 10:00,105,39,66
5/17/2017 11:00,67,30,37
5/17/2017 12:00,95,47,48
5/17/2017 13:00,76,46,30
5/17/2017 14:00,100,47,53
5/17/2017 15:00,152,53,99
5/17/2017 16:00,332,94,238
5/17/2017 17:00,732,169,563
5/17/2017 18:00,438,132,306
5/17/2017 19:00,209,69,140
5/17/2017 20:00,130,53,77
5/17/2017 21:00,64,26,38
5/17/2017 22:00,50,17,33
5/17/2017 23:00,25,12,13
5/18/2017 0:00,8,3,5
5/18/2017 1:00,3,1,2
5/18/2017 2:00,0,0,0
5/18/2017 3:00,4,2,2
5/18/2017 4:00,4,3,1
5/18/2017 5:00,47,31,16
5/18/2017 6:00,201,137,64
5/18/2017 7:00,434,265,169
5/18/2017 8:00,628,359,269
5/18/2017 9:00,289,150,139
5/18/2017 10:00,132,50,82
5/18/2017 11:00,81,40,41
5/18/2017 12:00,77,40,37
5/18/2017 13:00,93,35,58
5/18/2017 14:00,123,52,71
5/18/2017 15:00,170,55,115
5/18/2017 16:00,407,118,289
5/18/2017 17:00,671,186,485
5/18/2017 18:00,450,130,320
5/18/2017 19:00,245,97,148
5/18/2017 20:00,156,59,97
5/18/2017 21:00,82,38,44
5/18/2017 22:00,72,31,41
5/18/2017 23:00,20,2,18
5/19/2017 0:00,15,6,9
5/19/2017 1:00,6,3,3
5/19/2017 2:00,3,3,0
5/19/2017 3:00,6,3,3
5/19/2017 4:00,9,3,6
5/19/2017 5:00,70,48,22
5/19/2017 6:00,279,216,63
5/19/2017 7:00,719,517,202
5/19/2017 8:00,789,513,276
5/19/2017 9:00,354,178,176
5/19/2017 10:00,144,69,75
5/19/2017 11:00,114,54,60
5/19/2017 12:00,119,43,76
5/19/2017 13:00,132,59,73
5/19/2017 14:00,200,88,112
5/19/2017 15:00,306,111,195
5/19/2017 16:00,514,114,400
5/19/2017 17:00,743,190,553
5/19/2017 18:00,434,123,311
5/19/2017 19:00,189,70,119
5/19/2017 20:00,95,40,55
5/19/2017 21:00,72,23,49
5/19/2017 22:00,42,14,28
5/19/2017 23:00,38,10,28
5/20/2017 0:00,26,10,16
5/20/2017 1:00,14,7,7
5/20/2017 2:00,5,2,3
5/20/2017 3:00,7,3,4
5/20/2017 4:00,2,2,0
5/20/2017 5:00,10,7,3
5/20/2017 6:00,26,15,11
5/20/2017 7:00,57,24,33
5/20/2017 8:00,116,56,60
5/20/2017 9:00,133,65,68
5/20/2017 10:00,169,87,82
5/20/2017 11:00,193,100,93
5/20/2017 12:00,216,93,123
5/20/2017 13:00,231,114,117
5/20/2017 14:00,217,106,111
5/20/2017 15:00,249,121,128
5/20/2017 16:00,198,98,100
5/20/2017 17:00,189,77,112
5/20/2017 18:00,176,86,90
5/20/2017 19:00,100,62,38
5/20/2017 20:00,83,38,45
5/20/2017 21:00,48,26,22
5/20/2017 22:00,57,28,29
5/20/2017 23:00,28,15,13
5/21/2017 0:00,12,4,8
5/21/2017 1:00,4,2,2
5/21/2017 2:00,3,2,1
5/21/2017 3:00,1,0,1
5/21/2017 4:00,4,2,2
5/21/2017 5:00,4,4,0
5/21/2017 6:00,24,10,14
5/21/2017 7:00,45,17,28
5/21/2017 8:00,80,41,39
5/21/2017 9:00,111,52,59
5/21/2017 10:00,182,92,90
5/21/2017 11:00,208,95,113
5/21/2017 12:00,226,129,97
5/21/2017 13:00,208,111,97
5/21/2017 14:00,234,118,116
5/21/2017 15:00,251,143,108
5/21/2017 16:00,220,129,91
5/21/2017 17:00,226,140,86
5/21/2017 18:00,150,80,70
5/21/2017 19:00,116,66,50
5/21/2017 20:00,44,24,20
5/21/2017 21:00,41,16,25
5/21/2017 22:00,23,12,11
5/21/2017 23:00,14,4,10
5/22/2017 0:00,5,3,2
5/22/2017 1:00,4,2,2
5/22/2017 2:00,2,1,1
5/22/2017 3:00,2,0,2
5/22/2017 4:00,9,6,3
5/22/2017 5:00,58,41,17
5/22/2017 6:00,232,137,95
5/22/2017 7:00,545,351,194
5/22/2017 8:00,711,399,312
5/22/2017 9:00,379,181,198
5/22/2017 10:00,136,56,80
5/22/2017 11:00,94,52,42
5/22/2017 12:00,104,49,55
5/22/2017 13:00,89,45,44
5/22/2017 14:00,123,65,58
5/22/2017 15:00,206,77,129
5/22/2017 16:00,442,116,326
5/22/2017 17:00,913,217,696
5/22/2017 18:00,563,194,369
5/22/2017 19:00,290,114,176
5/22/2017 20:00,169,73,96
5/22/2017 21:00,97,53,44
5/22/2017 22:00,37,18,19
5/22/2017 23:00,19,11,8
5/23/2017 0:00,11,3,8
5/23/2017 1:00,6,5,1
5/23/2017 2:00,4,1,3
5/23/2017 3:00,2,2,0
5/23/2017 4:00,14,7,7
5/23/2017 5:00,62,37,25
5/23/2017 6:00,241,154,87
5/23/2017 7:00,666,400,266
5/23/2017 8:00,763,431,332
5/23/2017 9:00,350,177,173
5/23/2017 10:00,150,64,86
5/23/2017 11:00,108,47,61
5/23/2017 12:00,130,67,63
5/23/2017 13:00,118,53,65
5/23/2017 14:00,138,61,77
5/23/2017 15:00,208,66,142
5/23/2017 16:00,457,122,335
5/23/2017 17:00,874,210,664
5/23/2017 18:00,574,177,397
5/23/2017 19:00,282,88,194
5/23/2017 20:00,158,79,79
5/23/2017 21:00,94,40,54
5/23/2017 22:00,48,26,22
5/23/2017 23:00,20,12,8
5/24/2017 0:00,4,2,2
5/24/2017 1:00,8,4,4
5/24/2017 2:00,1,0,1
5/24/2017 3:00,2,2,0
5/24/2017 4:00,8,4,4
5/24/2017 5:00,44,30,14
5/24/2017 6:00,194,121,73
5/24/2017 7:00,503,311,192
5/24/2017 8:00,636,369,267
5/24/2017 9:00,352,162,190
5/24/2017 10:00,129,64,65
5/24/2017 11:00,81,40,41
5/24/2017 12:00,82,41,41
5/24/2017 13:00,90,33,57
5/24/2017 14:00,90,35,55
5/24/2017 15:00,152,67,85
5/24/2017 16:00,381,109,272
5/24/2017 17:00,713,173,540
5/24/2017 18:00,527,161,366
5/24/2017 19:00,221,88,133
5/24/2017 20:00,154,61,93
5/24/2017 21:00,94,39,55
5/24/2017 22:00,45,24,21
5/24/2017 23:00,24,9,15
5/25/2017 0:00,15,9,6
5/25/2017 1:00,1,1,0
5/25/2017 2:00,5,1,4
5/25/2017 3:00,4,3,1
5/25/2017 4:00,9,6,3
5/25/2017 5:00,61,45,16
5/25/2017 6:00,205,126,79
5/25/2017 7:00,489,301,188
5/25/2017 8:00,668,382,286
5/25/2017 9:00,353,172,181
5/25/2017 10:00,143,71,72
5/25/2017 11:00,108,56,52
5/25/2017 12:00,109,61,48
5/25/2017 13:00,104,53,51
5/25/2017 14:00,141,56,85
5/25/2017 15:00,168,63,105
5/25/2017 16:00,390,109,281
5/25/2017 17:00,792,185,607
5/25/2017 18:00,550,163,387
5/25/2017 19:00,271,103,168
5/25/2017 20:00,164,73,91
5/25/2017 21:00,97,52,45
5/25/2017 22:00,74,33,41
5/25/2017 23:00,21,12,9
5/26/2017 0:00,36,27,9
5/26/2017 1:00,11,2,9
5/26/2017 2:00,1,1,0
5/26/2017 3:00,4,3,1
5/26/2017 4:00,11,3,8
5/26/2017 5:00,58,36,22
5/26/2017 6:00,159,90,69
5/26/2017 7:00,414,264,150
5/26/2017 8:00,587,317,270
5/26/2017 9:00,281,146,135
5/26/2017 10:00,180,86,94
5/26/2017 11:00,127,67,60
5/26/2017 12:00,160,77,83
5/26/2017 13:00,162,65,97
5/26/2017 14:00,219,83,136
5/26/2017 15:00,318,123,195
5/26/2017 16:00,484,123,361
5/26/2017 17:00,508,144,364
5/26/2017 18:00,378,123,255
5/26/2017 19:00,165,57,108
5/26/2017 20:00,115,54,61
5/26/2017 21:00,92,40,52
5/26/2017 22:00,36,16,20
5/26/2017 23:00,37,16,21
5/27/2017 0:00,25,16,9
5/27/2017 1:00,11,2,9
5/27/2017 2:00,8,2,6
5/27/2017 3:00,4,2,2
5/27/2017 4:00,6,2,4
5/27/2017 5:00,11,7,4
5/27/2017 6:00,37,20,17
5/27/2017 7:00,65,33,32
5/27/2017 8:00,110,51,59
5/27/2017 9:00,155,78,77
5/27/2017 10:00,153,91,62
5/27/2017 11:00,204,109,95
5/27/2017 12:00,172,97,75
5/27/2017 13:00,192,94,98
5/27/2017 14:00,204,103,101
5/27/2017 15:00,181,84,97
5/27/2017 16:00,208,106,102
5/27/2017 17:00,162,72,90
5/27/2017 18:00,153,70,83
5/27/2017 19:00,113,40,73
5/27/2017 20:00,74,27,47
5/27/2017 21:00,60,21,39
5/27/2017 22:00,47,18,29
5/27/2017 23:00,50,18,32
5/28/2017 0:00,28,9,19
5/28/2017 1:00,8,2,6
5/28/2017 2:00,8,3,5
5/28/2017 3:00,2,0,2
5/28/2017 4:00,10,7,3
5/28/2017 5:00,99,68,31
5/28/2017 6:00,171,103,68
5/28/2017 7:00,53,29,24
5/28/2017 8:00,91,30,61
5/28/2017 9:00,157,64,93
5/28/2017 10:00,221,89,132
5/28/2017 11:00,203,86,117
5/28/2017 12:00,273,127,146
5/28/2017 13:00,226,96,130
5/28/2017 14:00,198,81,117
5/28/2017 15:00,184,89,95
5/28/2017 16:00,179,97,82
5/28/2017 17:00,134,61,73
5/28/2017 18:00,134,54,80
5/28/2017 19:00,104,45,59
5/28/2017 20:00,90,32,58
5/28/2017 21:00,45,18,27
5/28/2017 22:00,37,12,25
5/28/2017 23:00,16,6,10
5/29/2017 0:00,12,2,10
5/29/2017 1:00,3,0,3
5/29/2017 2:00,1,1,0
5/29/2017 3:00,1,1,0
5/29/2017 4:00,3,1,2
5/29/2017 5:00,15,12,3
5/29/2017 6:00,29,15,14
5/29/2017 7:00,40,24,16
5/29/2017 8:00,83,41,42
5/29/2017 9:00,120,63,57
5/29/2017 10:00,147,65,82
5/29/2017 11:00,147,76,71
5/29/2017 12:00,188,85,103
5/29/2017 13:00,255,113,142
5/29/2017 14:00,217,112,105
5/29/2017 15:00,236,120,116
5/29/2017 16:00,209,91,118
5/29/2017 17:00,237,100,137
5/29/2017 18:00,148,80,68
5/29/2017 19:00,126,56,70
5/29/2017 20:00,90,40,50
5/29/2017 21:00,48,18,30
5/29/2017 22:00,26,12,14
5/29/2017 23:00,15,8,7
5/30/2017 0:00,10,3,7
5/30/2017 1:00,0,0,0
5/30/2017 2:00,2,0,2
5/30/2017 3:00,2,1,1
5/30/2017 4:00,7,3,4
5/30/2017 5:00,39,28,11
5/30/2017 6:00,158,94,64
5/30/2017 7:00,387,223,164
5/30/2017 8:00,553,316,237
5/30/2017 9:00,262,138,124
5/30/2017 10:00,85,46,39
5/30/2017 11:00,62,30,32
5/30/2017 12:00,64,37,27
5/30/2017 13:00,63,28,35
5/30/2017 14:00,61,18,43
5/30/2017 15:00,123,51,72
5/30/2017 16:00,269,65,204
5/30/2017 17:00,621,128,493
5/30/2017 18:00,394,128,266
5/30/2017 19:00,160,52,108
5/30/2017 20:00,96,36,60
5/30/2017 21:00,42,15,27
5/30/2017 22:00,26,11,15
5/30/2017 23:00,5,2,3
5/31/2017 0:00,6,3,3
5/31/2017 1:00,2,1,1
5/31/2017 2:00,1,0,1
5/31/2017 3:00,1,0,1
5/31/2017 4:00,8,5,3
5/31/2017 5:00,45,30,15
5/31/2017 6:00,201,122,79
5/31/2017 7:00,488,293,195
5/31/2017 8:00,592,325,267
5/31/2017 9:00,296,154,142
5/31/2017 10:00,111,58,53
5/31/2017 11:00,102,51,51
5/31/2017 12:00,88,48,40
5/31/2017 13:00,127,61,66
5/31/2017 14:00,119,45,74
5/31/2017 15:00,199,69,130
5/31/2017 16:00,369,106,263
5/31/2017 17:00,721,178,543
5/31/2017 18:00,501,156,345
5/31/2017 19:00,212,83,129
5/31/2017 20:00,140,57,83
5/31/2017 21:00,67,27,40
5/31/2017 22:00,49,26,23
5/31/2017 23:00,48,32,16
6/1/2017 0:00,17,10,7
6/1/2017 1:00,5,2,3
6/1/2017 2:00,3,2,1
6/1/2017 3:00,2,1,1
6/1/2017 4:00,9,6,3
6/1/2017 5:00,51,34,17
6/1/2017 6:00,162,96,66
6/1/2017 7:00,375,222,153
6/1/2017 8:00,467,257,210
6/1/2017 9:00,257,131,126
6/1/2017 10:00,103,55,48
6/1/2017 11:00,77,37,40
6/1/2017 12:00,59,25,34
6/1/2017 13:00,102,46,56
6/1/2017 14:00,110,51,59
6/1/2017 15:00,148,65,83
6/1/2017 16:00,351,94,257
6/1/2017 17:00,630,164,466
6/1/2017 18:00,416,128,288
6/1/2017 19:00,204,75,129
6/1/2017 20:00,142,60,82
6/1/2017 21:00,91,42,49
6/1/2017 22:00,49,28,21
6/1/2017 23:00,16,10,6
6/2/2017 0:00,13,5,8
6/2/2017 1:00,4,3,1
6/2/2017 2:00,6,2,4
6/2/2017 3:00,7,4,3
6/2/2017 4:00,4,0,4
6/2/2017 5:00,50,40,10
6/2/2017 6:00,161,98,63
6/2/2017 7:00,352,217,135
6/2/2017 8:00,522,296,226
6/2/2017 9:00,275,141,134
6/2/2017 10:00,120,63,57
6/2/2017 11:00,96,48,48
6/2/2017 12:00,101,45,56
6/2/2017 13:00,117,47,70
6/2/2017 14:00,143,67,76
6/2/2017 15:00,205,71,134
6/2/2017 16:00,402,113,289
6/2/2017 17:00,610,151,459
6/2/2017 18:00,375,124,251
6/2/2017 19:00,197,84,113
6/2/2017 20:00,123,57,66
6/2/2017 21:00,84,29,55
6/2/2017 22:00,45,22,23
6/2/2017 23:00,28,11,17
6/3/2017 0:00,22,5,17
6/3/2017 1:00,7,1,6
6/3/2017 2:00,7,5,2
6/3/2017 3:00,0,0,0
6/3/2017 4:00,6,3,3
6/3/2017 5:00,12,8,4
6/3/2017 6:00,27,11,16
6/3/2017 7:00,49,23,26
6/3/2017 8:00,113,64,49
6/3/2017 9:00,94,59,35
6/3/2017 10:00,120,64,56
6/3/2017 11:00,154,78,76
6/3/2017 12:00,150,79,71
6/3/2017 13:00,141,71,70
6/3/2017 14:00,141,72,69
6/3/2017 15:00,163,85,78
6/3/2017 16:00,144,76,68
6/3/2017 17:00,157,78,79
6/3/2017 18:00,92,42,50
6/3/2017 19:00,85,45,40
6/3/2017 20:00,95,42,53
6/3/2017 21:00,43,19,24
6/3/2017 22:00,48,27,21
6/3/2017 23:00,21,11,10
6/4/2017 0:00,15,9,6
6/4/2017 1:00,4,2,2
6/4/2017 2:00,4,1,3
6/4/2017 3:00,8,6,2
6/4/2017 4:00,8,4,4
6/4/2017 5:00,7,4,3
6/4/2017 6:00,13,5,8
6/4/2017 7:00,51,29,22
6/4/2017 8:00,105,60,45
6/4/2017 9:00,134,70,64
6/4/2017 10:00,117,62,55
6/4/2017 11:00,148,74,74
6/4/2017 12:00,180,93,87
6/4/2017 13:00,210,104,106
6/4/2017 14:00,188,88,100
6/4/2017 15:00,176,73,103
6/4/2017 16:00,220,126,94
6/4/2017 17:00,146,61,85
6/4/2017 18:00,133,65,68
6/4/2017 19:00,71,37,34
6/4/2017 20:00,48,31,17
6/4/2017 21:00,28,10,18
6/4/2017 22:00,27,7,20
6/4/2017 23:00,9,3,6
6/5/2017 0:00,5,3,2
6/5/2017 1:00,4,3,1
6/5/2017 2:00,1,0,1
6/5/2017 3:00,2,1,1
6/5/2017 4:00,10,7,3
6/5/2017 5:00,55,39,16
6/5/2017 6:00,198,114,84
6/5/2017 7:00,460,282,178
6/5/2017 8:00,646,361,285
6/5/2017 9:00,313,165,148
6/5/2017 10:00,117,64,53
6/5/2017 11:00,96,56,40
6/5/2017 12:00,87,47,40
6/5/2017 13:00,97,50,47
6/5/2017 14:00,109,56,53
6/5/2017 15:00,177,76,101
6/5/2017 16:00,400,116,284
6/5/2017 17:00,819,176,643
6/5/2017 18:00,497,136,361
6/5/2017 19:00,276,92,184
6/5/2017 20:00,137,56,81
6/5/2017 21:00,88,31,57
6/5/2017 22:00,32,15,17
6/5/2017 23:00,31,16,15
6/6/2017 0:00,11,3,8
6/6/2017 1:00,2,0,2
6/6/2017 2:00,2,0,2
6/6/2017 3:00,2,1,1
6/6/2017 4:00,14,10,4
6/6/2017 5:00,58,36,22
6/6/2017 6:00,218,133,85
6/6/2017 7:00,529,299,230
6/6/2017 8:00,747,418,329
6/6/2017 9:00,327,160,167
6/6/2017 10:00,136,68,68
6/6/2017 11:00,121,58,63
6/6/2017 12:00,110,53,57
6/6/2017 13:00,128,73,55
6/6/2017 14:00,125,56,69
6/6/2017 15:00,198,87,111
6/6/2017 16:00,407,117,290
6/6/2017 17:00,854,209,645
6/6/2017 18:00,506,151,355
6/6/2017 19:00,328,102,226
6/6/2017 20:00,160,67,93
6/6/2017 21:00,84,46,38
6/6/2017 22:00,52,18,34
6/6/2017 23:00,21,9,12
6/7/2017 0:00,10,5,5
6/7/2017 1:00,10,4,6
6/7/2017 2:00,5,3,2
6/7/2017 3:00,3,3,0
6/7/2017 4:00,9,5,4
6/7/2017 5:00,57,39,18
6/7/2017 6:00,199,116,83
6/7/2017 7:00,540,328,212
6/7/2017 8:00,704,411,293
6/7/2017 9:00,350,190,160
6/7/2017 10:00,159,73,86
6/7/2017 11:00,106,51,55
6/7/2017 12:00,97,49,48
6/7/2017 13:00,108,51,57
6/7/2017 14:00,124,55,69
6/7/2017 15:00,194,92,102
6/7/2017 16:00,385,98,287
6/7/2017 17:00,822,181,641
6/7/2017 18:00,510,177,333
6/7/2017 19:00,315,113,202
6/7/2017 20:00,172,85,87
6/7/2017 21:00,99,49,50
6/7/2017 22:00,70,37,33
6/7/2017 23:00,24,12,12
6/8/2017 0:00,12,6,6
6/8/2017 1:00,5,3,2
6/8/2017 2:00,0,0,0
6/8/2017 3:00,1,0,1
6/8/2017 4:00,6,3,3
6/8/2017 5:00,32,22,10
6/8/2017 6:00,93,53,40
6/8/2017 7:00,243,157,86
6/8/2017 8:00,300,173,127
6/8/2017 9:00,173,85,88
6/8/2017 10:00,65,35,30
6/8/2017 11:00,43,23,20
6/8/2017 12:00,37,21,16
6/8/2017 13:00,32,17,15
6/8/2017 14:00,50,18,32
6/8/2017 15:00,84,41,43
6/8/2017 16:00,203,61,142
6/8/2017 17:00,467,123,344
6/8/2017 18:00,279,74,205
6/8/2017 19:00,137,42,95
6/8/2017 20:00,103,45,58
6/8/2017 21:00,51,26,25
6/8/2017 22:00,44,19,25
6/8/2017 23:00,20,4,16
6/9/2017 0:00,11,4,7
6/9/2017 1:00,6,2,4
6/9/2017 2:00,0,0,0
6/9/2017 3:00,4,0,4
6/9/2017 4:00,5,3,2
6/9/2017 5:00,39,28,11
6/9/2017 6:00,117,61,56
6/9/2017 7:00,327,192,135
6/9/2017 8:00,493,279,214
6/9/2017 9:00,282,152,130
6/9/2017 10:00,115,61,54
6/9/2017 11:00,78,37,41
6/9/2017 12:00,75,36,39
6/9/2017 13:00,98,56,42
6/9/2017 14:00,79,30,49
6/9/2017 15:00,125,41,84
6/9/2017 16:00,349,83,266
6/9/2017 17:00,537,136,401
6/9/2017 18:00,293,76,217
6/9/2017 19:00,149,56,93
6/9/2017 20:00,69,22,47
6/9/2017 21:00,45,24,21
6/9/2017 22:00,33,9,24
6/9/2017 23:00,38,14,24
6/10/2017 0:00,18,9,9
6/10/2017 1:00,6,4,2
6/10/2017 2:00,10,4,6
6/10/2017 3:00,5,0,5
6/10/2017 4:00,6,2,4
6/10/2017 5:00,14,5,9
6/10/2017 6:00,26,13,13
6/10/2017 7:00,69,38,31
6/10/2017 8:00,99,51,48
6/10/2017 9:00,134,83,51
6/10/2017 10:00,143,78,65
6/10/2017 11:00,160,75,85
6/10/2017 12:00,185,84,101
6/10/2017 13:00,195,100,95
6/10/2017 14:00,237,126,111
6/10/2017 15:00,243,142,101
6/10/2017 16:00,230,148,82
6/10/2017 17:00,278,134,144
6/10/2017 18:00,214,108,106
6/10/2017 19:00,108,59,49
6/10/2017 20:00,102,50,52
6/10/2017 21:00,57,35,22
6/10/2017 22:00,48,23,25
6/10/2017 23:00,20,8,12
6/11/2017 0:00,31,7,24
6/11/2017 1:00,6,3,3
6/11/2017 2:00,2,2,0
6/11/2017 3:00,3,1,2
6/11/2017 4:00,2,2,0
6/11/2017 5:00,5,2,3
6/11/2017 6:00,22,12,10
6/11/2017 7:00,43,20,23
6/11/2017 8:00,66,44,22
6/11/2017 9:00,103,53,50
6/11/2017 10:00,124,60,64
6/11/2017 11:00,168,82,86
6/11/2017 12:00,165,84,81
6/11/2017 13:00,237,136,101
6/11/2017 14:00,208,101,107
6/11/2017 15:00,187,83,104
6/11/2017 16:00,181,87,94
6/11/2017 17:00,173,67,106
6/11/2017 18:00,122,65,57
6/11/2017 19:00,106,57,49
6/11/2017 20:00,74,34,40
6/11/2017 21:00,44,25,19
6/11/2017 22:00,29,10,19
6/11/2017 23:00,16,9,7
6/12/2017 0:00,2,1,1
6/12/2017 1:00,3,1,2
6/12/2017 2:00,3,2,1
6/12/2017 3:00,2,0,2
6/12/2017 4:00,10,7,3
6/12/2017 5:00,54,32,22
6/12/2017 6:00,175,108,67
6/12/2017 7:00,436,273,163
6/12/2017 8:00,594,330,264
6/12/2017 9:00,272,141,131
6/12/2017 10:00,139,79,60
6/12/2017 11:00,84,43,41
6/12/2017 12:00,74,37,37
6/12/2017 13:00,62,31,31
6/12/2017 14:00,88,34,54
6/12/2017 15:00,129,47,82
6/12/2017 16:00,320,81,239
6/12/2017 17:00,667,137,530
6/12/2017 18:00,462,122,340
6/12/2017 19:00,205,78,127
6/12/2017 20:00,109,51,58
6/12/2017 21:00,54,12,42
6/12/2017 22:00,42,25,17
6/12/2017 23:00,20,11,9
6/13/2017 0:00,6,1,5
6/13/2017 1:00,3,2,1
6/13/2017 2:00,2,0,2
6/13/2017 3:00,3,1,2
6/13/2017 4:00,9,5,4
6/13/2017 5:00,43,29,14
6/13/2017 6:00,149,85,64
6/13/2017 7:00,333,186,147
6/13/2017 8:00,501,279,222
6/13/2017 9:00,229,122,107
6/13/2017 10:00,103,50,53
6/13/2017 11:00,53,23,30
6/13/2017 12:00,67,32,35
6/13/2017 13:00,67,32,35
6/13/2017 14:00,90,35,55
6/13/2017 15:00,123,46,77
6/13/2017 16:00,278,95,183
6/13/2017 17:00,568,124,444
6/13/2017 18:00,382,106,276
6/13/2017 19:00,208,71,137
6/13/2017 20:00,98,33,65
6/13/2017 21:00,57,25,32
6/13/2017 22:00,37,11,26
6/13/2017 23:00,18,5,13
6/14/2017 0:00,8,3,5
6/14/2017 1:00,2,1,1
6/14/2017 2:00,3,2,1
6/14/2017 3:00,2,2,0
6/14/2017 4:00,10,6,4
6/14/2017 5:00,55,36,19
6/14/2017 6:00,186,111,75
6/14/2017 7:00,487,286,201
6/14/2017 8:00,545,318,227
6/14/2017 9:00,293,131,162
6/14/2017 10:00,137,57,80
6/14/2017 11:00,87,39,48
6/14/2017 12:00,92,47,45
6/14/2017 13:00,98,48,50
6/14/2017 14:00,124,48,76
6/14/2017 15:00,168,65,103
6/14/2017 16:00,318,88,230
6/14/2017 17:00,754,184,570
6/14/2017 18:00,463,143,320
6/14/2017 19:00,256,88,168
6/14/2017 20:00,161,74,87
6/14/2017 21:00,80,32,48
6/14/2017 22:00,41,15,26
6/14/2017 23:00,29,18,11
6/15/2017 0:00,6,1,5
6/15/2017 1:00,5,1,4
6/15/2017 2:00,0,0,0
6/15/2017 3:00,4,3,1
6/15/2017 4:00,5,3,2
6/15/2017 5:00,39,26,13
6/15/2017 6:00,97,55,42
6/15/2017 7:00,241,128,113
6/15/2017 8:00,410,237,173
6/15/2017 9:00,180,100,80
6/15/2017 10:00,53,28,25
6/15/2017 11:00,37,16,21
6/15/2017 12:00,23,11,12
6/15/2017 13:00,24,8,16
6/15/2017 14:00,29,12,17
6/15/2017 15:00,65,19,46
6/15/2017 16:00,169,49,120
6/15/2017 17:00,358,78,280
6/15/2017 18:00,254,78,176
6/15/2017 19:00,93,25,68
6/15/2017 20:00,45,12,33
6/15/2017 21:00,24,7,17
6/15/2017 22:00,20,7,13
6/15/2017 23:00,5,1,4
6/16/2017 0:00,4,3,1
6/16/2017 1:00,1,0,1
6/16/2017 2:00,2,0,2
6/16/2017 3:00,2,0,2
6/16/2017 4:00,3,2,1
6/16/2017 5:00,39,26,13
6/16/2017 6:00,120,73,47
6/16/2017 7:00,338,201,137
6/16/2017 8:00,446,256,190
6/16/2017 9:00,243,126,117
6/16/2017 10:00,110,63,47
6/16/2017 11:00,97,41,56
6/16/2017 12:00,93,51,42
6/16/2017 13:00,123,62,61
6/16/2017 14:00,139,49,90
6/16/2017 15:00,181,70,111
6/16/2017 16:00,374,108,266
6/16/2017 17:00,526,135,391
6/16/2017 18:00,384,113,271
6/16/2017 19:00,172,71,101
6/16/2017 20:00,116,46,70
6/16/2017 21:00,70,30,40
6/16/2017 22:00,42,16,26
6/16/2017 23:00,40,25,15
6/17/2017 0:00,25,7,18
6/17/2017 1:00,9,6,3
6/17/2017 2:00,10,7,3
6/17/2017 3:00,2,1,1
6/17/2017 4:00,1,0,1
6/17/2017 5:00,14,9,5
6/17/2017 6:00,32,15,17
6/17/2017 7:00,60,26,34
6/17/2017 8:00,101,52,49
6/17/2017 9:00,159,77,82
6/17/2017 10:00,182,74,108
6/17/2017 11:00,213,91,122
6/17/2017 12:00,48,22,26
6/17/2017 13:00,30,16,14
6/17/2017 14:00,91,52,39
6/17/2017 15:00,108,53,55
6/17/2017 16:00,160,63,97
6/17/2017 17:00,147,89,58
6/17/2017 18:00,85,33,52
6/17/2017 19:00,87,43,44
6/17/2017 20:00,48,19,29
6/17/2017 21:00,51,21,30
6/17/2017 22:00,30,16,14
6/17/2017 23:00,16,7,9
6/18/2017 0:00,22,11,11
6/18/2017 1:00,7,2,5
6/18/2017 2:00,6,3,3
6/18/2017 3:00,3,1,2
6/18/2017 4:00,5,5,0
6/18/2017 5:00,11,5,6
6/18/2017 6:00,25,15,10
6/18/2017 7:00,34,23,11
6/18/2017 8:00,72,35,37
6/18/2017 9:00,109,48,61
6/18/2017 10:00,103,48,55
6/18/2017 11:00,136,75,61
6/18/2017 12:00,130,55,75
6/18/2017 13:00,142,69,73
6/18/2017 14:00,164,81,83
6/18/2017 15:00,136,70,66
6/18/2017 16:00,110,58,52
6/18/2017 17:00,142,75,67
6/18/2017 18:00,93,51,42
6/18/2017 19:00,85,52,33
6/18/2017 20:00,51,22,29
6/18/2017 21:00,40,14,26
6/18/2017 22:00,26,12,14
6/18/2017 23:00,21,5,16
6/19/2017 0:00,3,2,1
6/19/2017 1:00,0,0,0
6/19/2017 2:00,1,0,1
6/19/2017 3:00,3,1,2
6/19/2017 4:00,7,3,4
6/19/2017 5:00,40,30,10
6/19/2017 6:00,159,101,58
6/19/2017 7:00,441,268,173
6/19/2017 8:00,608,327,281
6/19/2017 9:00,284,130,154
6/19/2017 10:00,111,49,62
6/19/2017 11:00,75,39,36
6/19/2017 12:00,92,47,45
6/19/2017 13:00,90,43,47
6/19/2017 14:00,98,46,52
6/19/2017 15:00,130,63,67
6/19/2017 16:00,349,87,262
6/19/2017 17:00,714,158,556
6/19/2017 18:00,488,139,349
6/19/2017 19:00,208,69,139
6/19/2017 20:00,161,63,98
6/19/2017 21:00,86,48,38
6/19/2017 22:00,49,13,36
6/19/2017 23:00,24,7,17
6/20/2017 0:00,12,7,5
6/20/2017 1:00,0,0,0
6/20/2017 2:00,3,1,2
6/20/2017 3:00,3,2,1
6/20/2017 4:00,12,8,4
6/20/2017 5:00,44,30,14
6/20/2017 6:00,161,101,60
6/20/2017 7:00,403,238,165
6/20/2017 8:00,501,282,219
6/20/2017 9:00,282,148,134
6/20/2017 10:00,100,47,53
6/20/2017 11:00,79,31,48
6/20/2017 12:00,74,33,41
6/20/2017 13:00,71,39,32
6/20/2017 14:00,76,22,54
6/20/2017 15:00,278,202,76
6/20/2017 16:00,315,87,228
6/20/2017 17:00,621,141,480
6/20/2017 18:00,433,114,319
6/20/2017 19:00,240,80,160
6/20/2017 20:00,117,54,63
6/20/2017 21:00,51,23,28
6/20/2017 22:00,36,20,16
6/20/2017 23:00,23,6,17
6/21/2017 0:00,5,2,3
6/21/2017 1:00,5,2,3
6/21/2017 2:00,3,2,1
6/21/2017 3:00,2,2,0
6/21/2017 4:00,4,2,2
6/21/2017 5:00,50,33,17
6/21/2017 6:00,188,101,87
6/21/2017 7:00,467,291,176
6/21/2017 8:00,609,337,272
6/21/2017 9:00,340,177,163
6/21/2017 10:00,118,60,58
6/21/2017 11:00,76,30,46
6/21/2017 12:00,101,48,53
6/21/2017 13:00,78,35,43
6/21/2017 14:00,122,54,68
6/21/2017 15:00,182,68,114
6/21/2017 16:00,393,103,290
6/21/2017 17:00,766,206,560
6/21/2017 18:00,483,134,349
6/21/2017 19:00,263,88,175
6/21/2017 20:00,179,69,110
6/21/2017 21:00,103,50,53
6/21/2017 22:00,81,31,50
6/21/2017 23:00,32,17,15
6/22/2017 0:00,10,4,6
6/22/2017 1:00,9,6,3
6/22/2017 2:00,3,0,3
6/22/2017 3:00,3,1,2
6/22/2017 4:00,11,6,5
6/22/2017 5:00,51,38,13
6/22/2017 6:00,230,139,91
6/22/2017 7:00,483,266,217
6/22/2017 8:00,628,344,284
6/22/2017 9:00,336,177,159
6/22/2017 10:00,149,71,78
6/22/2017 11:00,122,68,54
6/22/2017 12:00,113,53,60
6/22/2017 13:00,99,54,45
6/22/2017 14:00,130,47,83
6/22/2017 15:00,200,81,119
6/22/2017 16:00,398,118,280
6/22/2017 17:00,743,178,565
6/22/2017 18:00,569,185,384
6/22/2017 19:00,304,100,204
6/22/2017 20:00,198,82,116
6/22/2017 21:00,102,43,59
6/22/2017 22:00,88,46,42
6/22/2017 23:00,32,14,18
6/23/2017 0:00,15,10,5
6/23/2017 1:00,6,0,6
6/23/2017 2:00,5,2,3
6/23/2017 3:00,3,2,1
6/23/2017 4:00,10,5,5
6/23/2017 5:00,40,28,12
6/23/2017 6:00,153,90,63
6/23/2017 7:00,394,215,179
6/23/2017 8:00,594,332,262
6/23/2017 9:00,297,161,136
6/23/2017 10:00,140,81,59
6/23/2017 11:00,120,56,64
6/23/2017 12:00,128,70,58
6/23/2017 13:00,131,57,74
6/23/2017 14:00,148,56,92
6/23/2017 15:00,253,103,150
6/23/2017 16:00,460,127,333
6/23/2017 17:00,621,170,451
6/23/2017 18:00,333,116,217
6/23/2017 19:00,182,57,125
6/23/2017 20:00,114,55,59
6/23/2017 21:00,74,29,45
6/23/2017 22:00,46,18,28
6/23/2017 23:00,36,15,21
6/24/2017 0:00,21,7,14
6/24/2017 1:00,10,2,8
6/24/2017 2:00,14,9,5
6/24/2017 3:00,4,3,1
6/24/2017 4:00,5,2,3
6/24/2017 5:00,17,11,6
6/24/2017 6:00,31,13,18
6/24/2017 7:00,88,41,47
6/24/2017 8:00,151,93,58
6/24/2017 9:00,177,101,76
6/24/2017 10:00,182,101,81
6/24/2017 11:00,207,113,94
6/24/2017 12:00,200,95,105
6/24/2017 13:00,173,88,85
6/24/2017 14:00,189,87,102
6/24/2017 15:00,202,80,122
6/24/2017 16:00,144,60,84
6/24/2017 17:00,142,67,75
6/24/2017 18:00,138,69,69
6/24/2017 19:00,101,41,60
6/24/2017 20:00,110,43,67
6/24/2017 21:00,69,27,42
6/24/2017 22:00,39,19,20
6/24/2017 23:00,32,11,21
6/25/2017 0:00,19,4,15
6/25/2017 1:00,10,3,7
6/25/2017 2:00,8,4,4
6/25/2017 3:00,3,1,2
6/25/2017 4:00,3,3,0
6/25/2017 5:00,12,9,3
6/25/2017 6:00,12,5,7
6/25/2017 7:00,73,39,34
6/25/2017 8:00,106,67,39
6/25/2017 9:00,146,74,72
6/25/2017 10:00,184,99,85
6/25/2017 11:00,212,114,98
6/25/2017 12:00,209,105,104
6/25/2017 13:00,166,71,95
6/25/2017 14:00,141,72,69
6/25/2017 15:00,145,83,62
6/25/2017 16:00,210,82,128
6/25/2017 17:00,122,70,52
6/25/2017 18:00,95,50,45
6/25/2017 19:00,113,43,70
6/25/2017 20:00,69,22,47
6/25/2017 21:00,59,32,27
6/25/2017 22:00,27,9,18
6/25/2017 23:00,20,9,11
6/26/2017 0:00,10,3,7
6/26/2017 1:00,4,2,2
6/26/2017 2:00,2,1,1
6/26/2017 3:00,2,0,2
6/26/2017 4:00,2,1,1
6/26/2017 5:00,48,33,15
6/26/2017 6:00,160,94,66
6/26/2017 7:00,492,299,193
6/26/2017 8:00,597,334,263
6/26/2017 9:00,317,153,164
6/26/2017 10:00,110,55,55
6/26/2017 11:00,81,40,41
6/26/2017 12:00,80,35,45
6/26/2017 13:00,81,46,35
6/26/2017 14:00,101,48,53
6/26/2017 15:00,162,61,101
6/26/2017 16:00,328,86,242
6/26/2017 17:00,729,170,559
6/26/2017 18:00,471,151,320
6/26/2017 19:00,292,105,187
6/26/2017 20:00,137,51,86
6/26/2017 21:00,97,43,54
6/26/2017 22:00,47,26,21
6/26/2017 23:00,20,10,10
6/27/2017 0:00,13,4,9
6/27/2017 1:00,7,6,1
6/27/2017 2:00,6,2,4
6/27/2017 3:00,3,1,2
6/27/2017 4:00,5,2,3
6/27/2017 5:00,52,35,17
6/27/2017 6:00,175,106,69
6/27/2017 7:00,515,292,223
6/27/2017 8:00,606,327,279
6/27/2017 9:00,338,171,167
6/27/2017 10:00,139,74,65
6/27/2017 11:00,88,43,45
6/27/2017 12:00,82,37,45
6/27/2017 13:00,94,49,45
6/27/2017 14:00,110,48,62
6/27/2017 15:00,157,69,88
6/27/2017 16:00,433,134,299
6/27/2017 17:00,771,199,572
6/27/2017 18:00,502,142,360
6/27/2017 19:00,267,95,172
6/27/2017 20:00,160,60,100
6/27/2017 21:00,98,48,50
6/27/2017 22:00,55,27,28
6/27/2017 23:00,26,10,16
6/28/2017 0:00,12,4,8
6/28/2017 1:00,5,2,3
6/28/2017 2:00,2,0,2
6/28/2017 3:00,3,1,2
6/28/2017 4:00,9,4,5
6/28/2017 5:00,57,41,16
6/28/2017 6:00,190,116,74
6/28/2017 7:00,473,275,198
6/28/2017 8:00,599,343,256
6/28/2017 9:00,304,144,160
6/28/2017 10:00,141,66,75
6/28/2017 11:00,92,35,57
6/28/2017 12:00,94,49,45
6/28/2017 13:00,85,41,44
6/28/2017 14:00,91,44,47
6/28/2017 15:00,151,64,87
6/28/2017 16:00,353,112,241
6/28/2017 17:00,707,163,544
6/28/2017 18:00,527,173,354
6/28/2017 19:00,290,100,190
6/28/2017 20:00,190,72,118
6/28/2017 21:00,114,53,61
6/28/2017 22:00,52,23,29
6/28/2017 23:00,18,7,11
6/29/2017 0:00,7,2,5
6/29/2017 1:00,1,1,0
6/29/2017 2:00,1,0,1
6/29/2017 3:00,2,1,1
6/29/2017 4:00,4,2,2
6/29/2017 5:00,53,36,17
6/29/2017 6:00,172,102,70
6/29/2017 7:00,430,250,180
6/29/2017 8:00,583,328,255
6/29/2017 9:00,358,185,173
6/29/2017 10:00,143,58,85
6/29/2017 11:00,104,43,61
6/29/2017 12:00,110,50,60
6/29/2017 13:00,140,63,77
6/29/2017 14:00,122,59,63
6/29/2017 15:00,221,94,127
6/29/2017 16:00,373,117,256
6/29/2017 17:00,749,173,576
6/29/2017 18:00,498,143,355
6/29/2017 19:00,285,96,189
6/29/2017 20:00,162,64,98
6/29/2017 21:00,136,72,64
6/29/2017 22:00,63,35,28
6/29/2017 23:00,26,14,12
6/30/2017 0:00,16,4,12
6/30/2017 1:00,14,7,7
6/30/2017 2:00,4,2,2
6/30/2017 3:00,2,0,2
6/30/2017 4:00,6,3,3
6/30/2017 5:00,47,31,16
6/30/2017 6:00,162,105,57
6/30/2017 7:00,378,218,160
6/30/2017 8:00,540,302,238
6/30/2017 9:00,295,135,160
6/30/2017 10:00,157,76,81
6/30/2017 11:00,135,74,61
6/30/2017 12:00,155,81,74
6/30/2017 13:00,124,46,78
6/30/2017 14:00,183,75,108
6/30/2017 15:00,253,79,174
6/30/2017 16:00,417,115,302
6/30/2017 17:00,591,151,440
6/30/2017 18:00,361,112,249
6/30/2017 19:00,225,82,143
6/30/2017 20:00,119,43,76
6/30/2017 21:00,87,38,49
6/30/2017 22:00,58,22,36
6/30/2017 23:00,36,13,23
7/1/2017 0:00,19,7,12
7/1/2017 1:00,8,3,5
7/1/2017 2:00,10,4,6
7/1/2017 3:00,5,3,2
7/1/2017 4:00,2,2,0
7/1/2017 5:00,15,11,4
7/1/2017 6:00,30,14,16
7/1/2017 7:00,64,30,34
7/1/2017 8:00,109,60,49
7/1/2017 9:00,115,68,47
7/1/2017 10:00,118,47,71
7/1/2017 11:00,159,87,72
7/1/2017 12:00,141,70,71
7/1/2017 13:00,168,82,86
7/1/2017 14:00,173,87,86
7/1/2017 15:00,189,85,104
7/1/2017 16:00,199,86,113
7/1/2017 17:00,191,85,106
7/1/2017 18:00,123,70,53
7/1/2017 19:00,97,44,53
7/1/2017 20:00,69,36,33
7/1/2017 21:00,71,30,41
7/1/2017 22:00,42,16,26
7/1/2017 23:00,41,14,27
7/2/2017 0:00,33,21,12
7/2/2017 1:00,5,0,5
7/2/2017 2:00,8,5,3
7/2/2017 3:00,2,1,1
7/2/2017 4:00,5,4,1
7/2/2017 5:00,8,3,5
7/2/2017 6:00,31,13,18
7/2/2017 7:00,29,13,16
7/2/2017 8:00,100,65,35
7/2/2017 9:00,119,53,66
7/2/2017 10:00,144,71,73
7/2/2017 11:00,138,73,65
7/2/2017 12:00,183,107,76
7/2/2017 13:00,229,110,119
7/2/2017 14:00,166,94,72
7/2/2017 15:00,244,132,112
7/2/2017 16:00,191,91,100
7/2/2017 17:00,181,76,105
7/2/2017 18:00,135,71,64
7/2/2017 19:00,130,59,71
7/2/2017 20:00,75,39,36
7/2/2017 21:00,43,25,18
7/2/2017 22:00,34,13,21
7/2/2017 23:00,22,8,14
7/3/2017 0:00,8,4,4
7/3/2017 1:00,6,2,4
7/3/2017 2:00,1,0,1
7/3/2017 3:00,4,2,2
7/3/2017 4:00,12,5,7
7/3/2017 5:00,38,29,9
7/3/2017 6:00,103,55,48
7/3/2017 7:00,214,128,86
7/3/2017 8:00,285,150,135
7/3/2017 9:00,199,96,103
7/3/2017 10:00,125,57,68
7/3/2017 11:00,106,35,71
7/3/2017 12:00,122,59,63
7/3/2017 13:00,115,53,62
7/3/2017 14:00,175,62,113
7/3/2017 15:00,245,76,169
7/3/2017 16:00,294,105,189
7/3/2017 17:00,374,123,251
7/3/2017 18:00,243,92,151
7/3/2017 19:00,174,69,105
7/3/2017 20:00,120,53,67
7/3/2017 21:00,65,30,35
7/3/2017 22:00,38,24,14
7/3/2017 23:00,34,19,15
7/4/2017 0:00,10,5,5
7/4/2017 1:00,11,9,2
7/4/2017 2:00,1,1,0
7/4/2017 3:00,3,1,2
7/4/2017 4:00,8,2,6
7/4/2017 5:00,12,11,1
7/4/2017 6:00,31,16,15
7/4/2017 7:00,64,33,31
7/4/2017 8:00,99,52,47
7/4/2017 9:00,198,116,82
7/4/2017 10:00,176,94,82
7/4/2017 11:00,207,120,87
7/4/2017 12:00,204,105,99
7/4/2017 13:00,224,103,121
7/4/2017 14:00,243,110,133
7/4/2017 15:00,221,95,126
7/4/2017 16:00,240,118,122
7/4/2017 17:00,213,89,124
7/4/2017 18:00,207,86,121
7/4/2017 19:00,173,90,83
7/4/2017 20:00,149,63,86
7/4/2017 21:00,146,86,60
7/4/2017 22:00,104,58,46
7/4/2017 23:00,155,45,110
7/5/2017 0:00,42,23,19
7/5/2017 1:00,22,10,12
7/5/2017 2:00,6,1,5
7/5/2017 3:00,3,3,0
7/5/2017 4:00,5,2,3
7/5/2017 5:00,43,27,16
7/5/2017 6:00,170,104,66
7/5/2017 7:00,391,231,160
7/5/2017 8:00,578,322,256
7/5/2017 9:00,321,155,166
7/5/2017 10:00,132,69,63
7/5/2017 11:00,99,42,57
7/5/2017 12:00,94,54,40
7/5/2017 13:00,120,57,63
7/5/2017 14:00,126,44,82
7/5/2017 15:00,147,54,93
7/5/2017 16:00,369,116,253
7/5/2017 17:00,709,161,548
7/5/2017 18:00,514,178,336
7/5/2017 19:00,282,89,193
7/5/2017 20:00,170,66,104
7/5/2017 21:00,94,39,55
7/5/2017 22:00,60,33,27
7/5/2017 23:00,28,8,20
7/6/2017 0:00,11,5,6
7/6/2017 1:00,7,1,6
7/6/2017 2:00,2,1,1
7/6/2017 3:00,3,1,2
7/6/2017 4:00,11,6,5
7/6/2017 5:00,49,31,18
7/6/2017 6:00,196,111,85
7/6/2017 7:00,486,288,198
7/6/2017 8:00,656,356,300
7/6/2017 9:00,346,177,169
7/6/2017 10:00,142,58,84
7/6/2017 11:00,121,60,61
7/6/2017 12:00,107,56,51
7/6/2017 13:00,130,51,79
7/6/2017 14:00,117,48,69
7/6/2017 15:00,186,72,114
7/6/2017 16:00,374,111,263
7/6/2017 17:00,764,176,588
7/6/2017 18:00,569,179,390
7/6/2017 19:00,317,109,208
7/6/2017 20:00,160,57,103
7/6/2017 21:00,125,59,66
7/6/2017 22:00,68,36,32
7/6/2017 23:00,33,14,19
7/7/2017 0:00,23,11,12
7/7/2017 1:00,8,3,5
7/7/2017 2:00,7,2,5
7/7/2017 3:00,4,2,2
7/7/2017 4:00,5,2,3
7/7/2017 5:00,43,28,15
7/7/2017 6:00,164,93,71
7/7/2017 7:00,397,219,178
7/7/2017 8:00,542,284,258
7/7/2017 9:00,315,160,155
7/7/2017 10:00,111,50,61
7/7/2017 11:00,109,52,57
7/7/2017 12:00,135,59,76
7/7/2017 13:00,105,67,38
7/7/2017 14:00,128,53,75
7/7/2017 15:00,229,69,160
7/7/2017 16:00,393,106,287
7/7/2017 17:00,634,155,479
7/7/2017 18:00,413,150,263
7/7/2017 19:00,216,83,133
7/7/2017 20:00,155,74,81
7/7/2017 21:00,99,38,61
7/7/2017 22:00,277,64,213
7/7/2017 23:00,288,37,251
7/8/2017 0:00,43,17,26
7/8/2017 1:00,20,17,3
7/8/2017 2:00,6,4,2
7/8/2017 3:00,5,5,0
7/8/2017 4:00,4,1,3
7/8/2017 5:00,11,6,5
7/8/2017 6:00,39,23,16
7/8/2017 7:00,57,25,32
7/8/2017 8:00,135,65,70
7/8/2017 9:00,156,84,72
7/8/2017 10:00,156,71,85
7/8/2017 11:00,217,108,109
7/8/2017 12:00,174,87,87
7/8/2017 13:00,195,109,86
7/8/2017 14:00,229,111,118
7/8/2017 15:00,236,122,114
7/8/2017 16:00,201,100,101
7/8/2017 17:00,191,93,98
7/8/2017 18:00,147,77,70
7/8/2017 19:00,130,71,59
7/8/2017 20:00,103,47,56
7/8/2017 21:00,90,41,49
7/8/2017 22:00,43,18,25
7/8/2017 23:00,34,6,28
7/9/2017 0:00,19,8,11
7/9/2017 1:00,13,7,6
7/9/2017 2:00,9,3,6
7/9/2017 3:00,5,1,4
7/9/2017 4:00,3,2,1
7/9/2017 5:00,6,6,0
7/9/2017 6:00,22,16,6
7/9/2017 7:00,43,21,22
7/9/2017 8:00,87,49,38
7/9/2017 9:00,112,55,57
7/9/2017 10:00,140,80,60
7/9/2017 11:00,189,101,88
7/9/2017 12:00,242,117,125
7/9/2017 13:00,195,101,94
7/9/2017 14:00,228,104,124
7/9/2017 15:00,161,74,87
7/9/2017 16:00,167,68,99
7/9/2017 17:00,171,82,89
7/9/2017 18:00,152,74,78
7/9/2017 19:00,107,54,53
7/9/2017 20:00,85,41,44
7/9/2017 21:00,65,27,38
7/9/2017 22:00,28,6,22
7/9/2017 23:00,25,12,13
7/10/2017 0:00,8,4,4
7/10/2017 1:00,8,6,2
7/10/2017 2:00,0,0,0
7/10/2017 3:00,1,1,0
7/10/2017 4:00,8,3,5
7/10/2017 5:00,54,30,24
7/10/2017 6:00,210,126,84
7/10/2017 7:00,478,288,190
7/10/2017 8:00,665,347,318
7/10/2017 9:00,342,180,162
7/10/2017 10:00,142,59,83
7/10/2017 11:00,85,43,42
7/10/2017 12:00,98,50,48
7/10/2017 13:00,99,57,42
7/10/2017 14:00,112,45,67
7/10/2017 15:00,170,61,109
7/10/2017 16:00,390,126,264
7/10/2017 17:00,792,183,609
7/10/2017 18:00,580,178,402
7/10/2017 19:00,259,84,175
7/10/2017 20:00,165,63,102
7/10/2017 21:00,79,45,34
7/10/2017 22:00,44,21,23
7/10/2017 23:00,17,4,13
7/11/2017 0:00,6,4,2
7/11/2017 1:00,4,2,2
7/11/2017 2:00,3,1,2
7/11/2017 3:00,4,2,2
7/11/2017 4:00,15,8,7
7/11/2017 5:00,55,36,19
7/11/2017 6:00,228,117,111
7/11/2017 7:00,481,273,208
7/11/2017 8:00,595,320,275
7/11/2017 9:00,371,177,194
7/11/2017 10:00,144,82,62
7/11/2017 11:00,115,41,74
7/11/2017 12:00,90,42,48
7/11/2017 13:00,108,51,57
7/11/2017 14:00,123,67,56
7/11/2017 15:00,190,72,118
7/11/2017 16:00,404,131,273
7/11/2017 17:00,834,194,640
7/11/2017 18:00,558,172,386
7/11/2017 19:00,314,117,197
7/11/2017 20:00,162,64,98
7/11/2017 21:00,103,47,56
7/11/2017 22:00,52,25,27
7/11/2017 23:00,29,13,16
7/12/2017 0:00,13,3,10
7/12/2017 1:00,7,6,1
7/12/2017 2:00,3,1,2
7/12/2017 3:00,4,2,2
7/12/2017 4:00,11,4,7
7/12/2017 5:00,61,42,19
7/12/2017 6:00,199,114,85
7/12/2017 7:00,519,307,212
7/12/2017 8:00,699,373,326
7/12/2017 9:00,325,169,156
7/12/2017 10:00,145,59,86
7/12/2017 11:00,120,70,50
7/12/2017 12:00,115,63,52
7/12/2017 13:00,142,64,78
7/12/2017 14:00,134,56,78
7/12/2017 15:00,197,88,109
7/12/2017 16:00,417,124,293
7/12/2017 17:00,773,185,588
7/12/2017 18:00,612,199,413
7/12/2017 19:00,311,102,209
7/12/2017 20:00,236,83,153
7/12/2017 21:00,111,52,59
7/12/2017 22:00,75,39,36
7/12/2017 23:00,21,12,9
7/13/2017 0:00,18,9,9
7/13/2017 1:00,2,1,1
7/13/2017 2:00,2,1,1
7/13/2017 3:00,2,2,0
7/13/2017 4:00,12,6,6
7/13/2017 5:00,50,36,14
7/13/2017 6:00,170,103,67
7/13/2017 7:00,433,255,178
7/13/2017 8:00,599,317,282
7/13/2017 9:00,312,174,138
7/13/2017 10:00,127,64,63
7/13/2017 11:00,98,54,44
7/13/2017 12:00,81,34,47
7/13/2017 13:00,86,40,46
7/13/2017 14:00,114,40,74
7/13/2017 15:00,163,64,99
7/13/2017 16:00,360,101,259
7/13/2017 17:00,663,162,501
7/13/2017 18:00,69,52,17
7/13/2017 19:00,197,72,125
7/13/2017 20:00,212,66,146
7/13/2017 21:00,107,62,45
7/13/2017 22:00,69,25,44
7/13/2017 23:00,22,9,13
7/14/2017 0:00,15,5,10
7/14/2017 1:00,6,3,3
7/14/2017 2:00,2,2,0
7/14/2017 3:00,3,1,2
7/14/2017 4:00,10,5,5
7/14/2017 5:00,47,29,18
7/14/2017 6:00,156,86,70
7/14/2017 7:00,397,237,160
7/14/2017 8:00,522,278,244
7/14/2017 9:00,300,159,141
7/14/2017 10:00,157,73,84
7/14/2017 11:00,111,53,58
7/14/2017 12:00,135,65,70
7/14/2017 13:00,127,61,66
7/14/2017 14:00,135,50,85
7/14/2017 15:00,229,80,149
7/14/2017 16:00,413,130,283
7/14/2017 17:00,634,170,464
7/14/2017 18:00,395,105,290
7/14/2017 19:00,221,91,130
7/14/2017 20:00,137,51,86
7/14/2017 21:00,92,34,58
7/14/2017 22:00,48,20,28
7/14/2017 23:00,37,15,22
7/15/2017 0:00,27,11,16
7/15/2017 1:00,12,5,7
7/15/2017 2:00,4,3,1
7/15/2017 3:00,9,3,6
7/15/2017 4:00,30,10,20
7/15/2017 5:00,36,11,25
7/15/2017 6:00,36,13,23
7/15/2017 7:00,61,36,25
7/15/2017 8:00,112,61,51
7/15/2017 9:00,129,65,64
7/15/2017 10:00,153,76,77
7/15/2017 11:00,170,83,87
7/15/2017 12:00,220,110,110
7/15/2017 13:00,211,114,97
7/15/2017 14:00,189,84,105
7/15/2017 15:00,186,74,112
7/15/2017 16:00,153,72,81
7/15/2017 17:00,193,92,101
7/15/2017 18:00,129,67,62
7/15/2017 19:00,154,63,91
7/15/2017 20:00,89,40,49
7/15/2017 21:00,69,34,35
7/15/2017 22:00,35,12,23
7/15/2017 23:00,19,6,13
7/16/2017 0:00,26,4,22
7/16/2017 1:00,10,2,8
7/16/2017 2:00,5,0,5
7/16/2017 3:00,2,1,1
7/16/2017 4:00,8,4,4
7/16/2017 5:00,12,9,3
7/16/2017 6:00,23,10,13
7/16/2017 7:00,40,19,21
7/16/2017 8:00,82,43,39
7/16/2017 9:00,98,46,52
7/16/2017 10:00,145,75,70
7/16/2017 11:00,152,84,68
7/16/2017 12:00,197,100,97
7/16/2017 13:00,182,93,89
7/16/2017 14:00,227,102,125
7/16/2017 15:00,190,100,90
7/16/2017 16:00,163,68,95
7/16/2017 17:00,148,78,70
7/16/2017 18:00,159,84,75
7/16/2017 19:00,112,59,53
7/16/2017 20:00,68,28,40
7/16/2017 21:00,35,12,23
7/16/2017 22:00,31,14,17
7/16/2017 23:00,16,8,8
7/17/2017 0:00,7,3,4
7/17/2017 1:00,3,0,3
7/17/2017 2:00,2,1,1
7/17/2017 3:00,4,2,2
7/17/2017 4:00,10,5,5
7/17/2017 5:00,63,42,21
7/17/2017 6:00,179,88,91
7/17/2017 7:00,482,263,219
7/17/2017 8:00,648,339,309
7/17/2017 9:00,331,152,179
7/17/2017 10:00,134,62,72
7/17/2017 11:00,95,54,41
7/17/2017 12:00,99,47,52
7/17/2017 13:00,109,59,50
7/17/2017 14:00,127,44,83
7/17/2017 15:00,171,69,102
7/17/2017 16:00,399,119,280
7/17/2017 17:00,763,177,586
7/17/2017 18:00,563,150,413
7/17/2017 19:00,276,98,178
7/17/2017 20:00,168,59,109
7/17/2017 21:00,84,28,56
7/17/2017 22:00,50,20,30
7/17/2017 23:00,24,15,9
7/18/2017 0:00,9,2,7
7/18/2017 1:00,3,1,2
7/18/2017 2:00,6,4,2
7/18/2017 3:00,2,1,1
7/18/2017 4:00,9,6,3
7/18/2017 5:00,61,37,24
7/18/2017 6:00,198,111,87
7/18/2017 7:00,518,309,209
7/18/2017 8:00,731,394,337
7/18/2017 9:00,345,178,167
7/18/2017 10:00,141,64,77
7/18/2017 11:00,107,63,44
7/18/2017 12:00,112,46,66
7/18/2017 13:00,99,49,50
7/18/2017 14:00,150,67,83
7/18/2017 15:00,201,71,130
7/18/2017 16:00,437,138,299
7/18/2017 17:00,815,198,617
7/18/2017 18:00,552,167,385
7/18/2017 19:00,287,97,190
7/18/2017 20:00,232,83,149
7/18/2017 21:00,111,47,64
7/18/2017 22:00,67,24,43
7/18/2017 23:00,45,23,22
7/19/2017 0:00,11,5,6
7/19/2017 1:00,8,2,6
7/19/2017 2:00,3,0,3
7/19/2017 3:00,1,1,0
7/19/2017 4:00,9,3,6
7/19/2017 5:00,53,37,16
7/19/2017 6:00,203,111,92
7/19/2017 7:00,491,273,218
7/19/2017 8:00,695,364,331
7/19/2017 9:00,329,148,181
7/19/2017 10:00,191,111,80
7/19/2017 11:00,132,64,68
7/19/2017 12:00,108,50,58
7/19/2017 13:00,126,57,69
7/19/2017 14:00,132,57,75
7/19/2017 15:00,216,69,147
7/19/2017 16:00,412,110,302
7/19/2017 17:00,771,182,589
7/19/2017 18:00,558,175,383
7/19/2017 19:00,294,108,186
7/19/2017 20:00,157,63,94
7/19/2017 21:00,102,35,67
7/19/2017 22:00,64,30,34
7/19/2017 23:00,22,6,16
7/20/2017 0:00,17,6,11
7/20/2017 1:00,4,3,1
7/20/2017 2:00,2,0,2
7/20/2017 3:00,3,1,2
7/20/2017 4:00,8,6,2
7/20/2017 5:00,56,39,17
7/20/2017 6:00,160,86,74
7/20/2017 7:00,437,243,194
7/20/2017 8:00,653,323,330
7/20/2017 9:00,323,152,171
7/20/2017 10:00,138,75,63
7/20/2017 11:00,97,41,56
7/20/2017 12:00,93,48,45
7/20/2017 13:00,107,49,58
7/20/2017 14:00,112,43,69
7/20/2017 15:00,176,70,106
7/20/2017 16:00,378,114,264
7/20/2017 17:00,688,186,502
7/20/2017 18:00,509,168,341
7/20/2017 19:00,266,88,178
7/20/2017 20:00,173,79,94
7/20/2017 21:00,116,42,74
7/20/2017 22:00,65,24,41
7/20/2017 23:00,34,13,21
7/21/2017 0:00,11,5,6
7/21/2017 1:00,9,2,7
7/21/2017 2:00,3,0,3
7/21/2017 3:00,3,1,2
7/21/2017 4:00,7,3,4
7/21/2017 5:00,39,28,11
7/21/2017 6:00,149,88,61
7/21/2017 7:00,377,216,161
7/21/2017 8:00,519,289,230
7/21/2017 9:00,318,160,158
7/21/2017 10:00,124,56,68
7/21/2017 11:00,105,47,58
7/21/2017 12:00,98,43,55
7/21/2017 13:00,121,52,69
7/21/2017 14:00,157,69,88
7/21/2017 15:00,230,76,154
7/21/2017 16:00,376,111,265
7/21/2017 17:00,595,156,439
7/21/2017 18:00,348,94,254
7/21/2017 19:00,182,63,119
7/21/2017 20:00,112,44,68
7/21/2017 21:00,71,35,36
7/21/2017 22:00,25,8,17
7/21/2017 23:00,34,9,25
7/22/2017 0:00,34,11,23
7/22/2017 1:00,17,9,8
7/22/2017 2:00,4,2,2
7/22/2017 3:00,13,6,7
7/22/2017 4:00,4,2,2
7/22/2017 5:00,13,9,4
7/22/2017 6:00,30,14,16
7/22/2017 7:00,61,31,30
7/22/2017 8:00,104,54,50
7/22/2017 9:00,125,71,54
7/22/2017 10:00,149,67,82
7/22/2017 11:00,202,91,111
7/22/2017 12:00,200,103,97
7/22/2017 13:00,178,103,75
7/22/2017 14:00,229,110,119
7/22/2017 15:00,197,85,112
7/22/2017 16:00,194,105,89
7/22/2017 17:00,159,86,73
7/22/2017 18:00,139,73,66
7/22/2017 19:00,94,44,50
7/22/2017 20:00,75,32,43
7/22/2017 21:00,58,26,32
7/22/2017 22:00,29,9,20
7/22/2017 23:00,30,10,20
7/23/2017 0:00,33,12,21
7/23/2017 1:00,14,2,12
7/23/2017 2:00,4,3,1
7/23/2017 3:00,2,0,2
7/23/2017 4:00,5,2,3
7/23/2017 5:00,11,5,6
7/23/2017 6:00,25,12,13
7/23/2017 7:00,51,23,28
7/23/2017 8:00,76,40,36
7/23/2017 9:00,95,50,45
7/23/2017 10:00,134,71,63
7/23/2017 11:00,167,74,93
7/23/2017 12:00,163,80,83
7/23/2017 13:00,218,116,102
7/23/2017 14:00,187,99,88
7/23/2017 15:00,226,102,124
7/23/2017 16:00,168,87,81
7/23/2017 17:00,157,69,88
7/23/2017 18:00,122,54,68
7/23/2017 19:00,111,51,60
7/23/2017 20:00,76,26,50
7/23/2017 21:00,51,12,39
7/23/2017 22:00,36,17,19
7/23/2017 23:00,23,13,10
7/24/2017 0:00,13,4,9
7/24/2017 1:00,7,6,1
7/24/2017 2:00,5,2,3
7/24/2017 3:00,6,3,3
7/24/2017 4:00,11,3,8
7/24/2017 5:00,48,34,14
7/24/2017 6:00,193,114,79
7/24/2017 7:00,462,260,202
7/24/2017 8:00,667,362,305
7/24/2017 9:00,348,163,185
7/24/2017 10:00,132,61,71
7/24/2017 11:00,118,55,63
7/24/2017 12:00,101,46,55
7/24/2017 13:00,105,59,46
7/24/2017 14:00,144,55,89
7/24/2017 15:00,174,71,103
7/24/2017 16:00,431,115,316
7/24/2017 17:00,783,185,598
7/24/2017 18:00,541,173,368
7/24/2017 19:00,259,91,168
7/24/2017 20:00,159,63,96
7/24/2017 21:00,104,41,63
7/24/2017 22:00,60,32,28
7/24/2017 23:00,36,11,25
7/25/2017 0:00,11,3,8
7/25/2017 1:00,9,7,2
7/25/2017 2:00,2,1,1
7/25/2017 3:00,5,2,3
7/25/2017 4:00,12,6,6
7/25/2017 5:00,52,33,19
7/25/2017 6:00,196,106,90
7/25/2017 7:00,534,274,260
7/25/2017 8:00,707,398,309
7/25/2017 9:00,343,155,188
7/25/2017 10:00,133,64,69
7/25/2017 11:00,115,58,57
7/25/2017 12:00,108,49,59
7/25/2017 13:00,96,60,36
7/25/2017 14:00,150,69,81
7/25/2017 15:00,170,77,93
7/25/2017 16:00,404,107,297
7/25/2017 17:00,798,205,593
7/25/2017 18:00,529,160,369
7/25/2017 19:00,333,107,226
7/25/2017 20:00,185,72,113
7/25/2017 21:00,110,49,61
7/25/2017 22:00,61,27,34
7/25/2017 23:00,31,15,16
7/26/2017 0:00,17,6,11
7/26/2017 1:00,5,5,0
7/26/2017 2:00,4,2,2
7/26/2017 3:00,1,0,1
7/26/2017 4:00,14,6,8
7/26/2017 5:00,46,28,18
7/26/2017 6:00,205,119,86
7/26/2017 7:00,507,276,231
7/26/2017 8:00,650,357,293
7/26/2017 9:00,348,167,181
7/26/2017 10:00,163,72,91
7/26/2017 11:00,110,61,49
7/26/2017 12:00,106,62,44
7/26/2017 13:00,106,44,62
7/26/2017 14:00,134,42,92
7/26/2017 15:00,194,75,119
7/26/2017 16:00,402,110,292
7/26/2017 17:00,788,217,571
7/26/2017 18:00,551,167,384
7/26/2017 19:00,297,93,204
7/26/2017 20:00,205,67,138
7/26/2017 21:00,115,52,63
7/26/2017 22:00,85,38,47
7/26/2017 23:00,34,11,23
7/27/2017 0:00,14,7,7
7/27/2017 1:00,14,7,7
7/27/2017 2:00,6,3,3
7/27/2017 3:00,4,2,2
7/27/2017 4:00,17,10,7
7/27/2017 5:00,59,35,24
7/27/2017 6:00,175,101,74
7/27/2017 7:00,335,184,151
7/27/2017 8:00,499,257,242
7/27/2017 9:00,256,130,126
7/27/2017 10:00,128,63,65
7/27/2017 11:00,85,41,44
7/27/2017 12:00,71,44,27
7/27/2017 13:00,84,46,38
7/27/2017 14:00,112,59,53
7/27/2017 15:00,163,55,108
7/27/2017 16:00,325,96,229
7/27/2017 17:00,613,169,444
7/27/2017 18:00,417,127,290
7/27/2017 19:00,252,77,175
7/27/2017 20:00,169,72,97
7/27/2017 21:00,105,48,57
7/27/2017 22:00,48,19,29
7/27/2017 23:00,29,10,19
7/28/2017 0:00,15,7,8
7/28/2017 1:00,8,4,4
7/28/2017 2:00,2,1,1
7/28/2017 3:00,2,0,2
7/28/2017 4:00,11,6,5
7/28/2017 5:00,45,30,15
7/28/2017 6:00,150,79,71
7/28/2017 7:00,353,192,161
7/28/2017 8:00,533,285,248
7/28/2017 9:00,297,143,154
7/28/2017 10:00,150,64,86
7/28/2017 11:00,117,58,59
7/28/2017 12:00,119,61,58
7/28/2017 13:00,114,47,67
7/28/2017 14:00,173,72,101
7/28/2017 15:00,232,83,149
7/28/2017 16:00,385,91,294
7/28/2017 17:00,652,196,456
7/28/2017 18:00,398,110,288
7/28/2017 19:00,209,82,127
7/28/2017 20:00,128,45,83
7/28/2017 21:00,106,49,57
7/28/2017 22:00,67,30,37
7/28/2017 23:00,45,15,30
7/29/2017 0:00,30,11,19
7/29/2017 1:00,18,6,12
7/29/2017 2:00,12,9,3
7/29/2017 3:00,4,1,3
7/29/2017 4:00,5,3,2
7/29/2017 5:00,12,6,6
7/29/2017 6:00,33,15,18
7/29/2017 7:00,65,23,42
7/29/2017 8:00,88,44,44
7/29/2017 9:00,134,59,75
7/29/2017 10:00,168,89,79
7/29/2017 11:00,206,108,98
7/29/2017 12:00,182,101,81
7/29/2017 13:00,224,102,122
7/29/2017 14:00,208,117,91
7/29/2017 15:00,199,93,106
7/29/2017 16:00,181,91,90
7/29/2017 17:00,161,71,90
7/29/2017 18:00,158,76,82
7/29/2017 19:00,99,52,47
7/29/2017 20:00,90,49,41
7/29/2017 21:00,69,32,37
7/29/2017 22:00,49,20,29
7/29/2017 23:00,40,16,24
7/30/2017 0:00,33,11,22
7/30/2017 1:00,22,8,14
7/30/2017 2:00,8,3,5
7/30/2017 3:00,4,1,3
7/30/2017 4:00,7,5,2
7/30/2017 5:00,13,10,3
7/30/2017 6:00,28,13,15
7/30/2017 7:00,37,26,11
7/30/2017 8:00,76,40,36
7/30/2017 9:00,93,54,39
7/30/2017 10:00,128,48,80
7/30/2017 11:00,156,70,86
7/30/2017 12:00,189,105,84
7/30/2017 13:00,193,89,104
7/30/2017 14:00,199,89,110
7/30/2017 15:00,177,82,95
7/30/2017 16:00,179,82,97
7/30/2017 17:00,203,103,100
7/30/2017 18:00,152,60,92
7/30/2017 19:00,116,46,70
7/30/2017 20:00,96,49,47
7/30/2017 21:00,52,18,34
7/30/2017 22:00,34,21,13
7/30/2017 23:00,24,12,12
7/31/2017 0:00,5,2,3
7/31/2017 1:00,7,5,2
7/31/2017 2:00,1,1,0
7/31/2017 3:00,2,2,0
7/31/2017 4:00,11,6,5
7/31/2017 5:00,52,32,20
7/31/2017 6:00,166,99,67
7/31/2017 7:00,492,269,223
7/31/2017 8:00,660,348,312
7/31/2017 9:00,364,172,192
7/31/2017 10:00,148,73,75
7/31/2017 11:00,119,58,61
7/31/2017 12:00,107,56,51
7/31/2017 13:00,107,44,63
7/31/2017 14:00,145,68,77
7/31/2017 15:00,167,74,93
7/31/2017 16:00,365,104,261
7/31/2017 17:00,840,199,641
7/31/2017 18:00,555,162,393
7/31/2017 19:00,270,88,182
7/31/2017 20:00,154,56,98
7/31/2017 21:00,106,53,53
7/31/2017 22:00,41,13,28
7/31/2017 23:00,38,12,26
8/1/2017 0:00,18,8,10
8/1/2017 1:00,8,3,5
8/1/2017 2:00,5,1,4
8/1/2017 3:00,2,1,1
8/1/2017 4:00,12,7,5
8/1/2017 5:00,51,30,21
8/1/2017 6:00,209,114,95
8/1/2017 7:00,513,281,232
8/1/2017 8:00,734,395,339
8/1/2017 9:00,343,192,151
8/1/2017 10:00,160,84,76
8/1/2017 11:00,109,55,54
8/1/2017 12:00,112,64,48
8/1/2017 13:00,119,56,63
8/1/2017 14:00,105,46,59
8/1/2017 15:00,194,76,118
8/1/2017 16:00,436,111,325
8/1/2017 17:00,835,214,621
8/1/2017 18:00,508,137,371
8/1/2017 19:00,311,103,208
8/1/2017 20:00,188,72,116
8/1/2017 21:00,104,41,63
8/1/2017 22:00,50,24,26
8/1/2017 23:00,40,18,22
8/2/2017 0:00,16,5,11
8/2/2017 1:00,5,2,3
8/2/2017 2:00,6,3,3
8/2/2017 3:00,2,1,1
8/2/2017 4:00,11,5,6
8/2/2017 5:00,52,35,17
8/2/2017 6:00,189,109,80
8/2/2017 7:00,483,281,202
8/2/2017 8:00,606,325,281
8/2/2017 9:00,373,170,203
8/2/2017 10:00,143,73,70
8/2/2017 11:00,106,42,64
8/2/2017 12:00,112,54,58
8/2/2017 13:00,107,44,63
8/2/2017 14:00,115,47,68
8/2/2017 15:00,164,52,112
8/2/2017 16:00,389,117,272
8/2/2017 17:00,750,174,576
8/2/2017 18:00,471,135,336
8/2/2017 19:00,271,95,176
8/2/2017 20:00,158,66,92
8/2/2017 21:00,107,51,56
8/2/2017 22:00,60,16,44
8/2/2017 23:00,24,9,15
8/3/2017 0:00,14,9,5
8/3/2017 1:00,6,3,3
8/3/2017 2:00,0,0,0
8/3/2017 3:00,2,2,0
8/3/2017 4:00,12,6,6
8/3/2017 5:00,39,23,16
8/3/2017 6:00,130,84,46
8/3/2017 7:00,387,198,189
8/3/2017 8:00,563,274,289
8/3/2017 9:00,317,164,153
8/3/2017 10:00,121,50,71
8/3/2017 11:00,93,45,48
8/3/2017 12:00,90,45,45
8/3/2017 13:00,112,46,66
8/3/2017 14:00,102,40,62
8/3/2017 15:00,134,48,86
8/3/2017 16:00,322,94,228
8/3/2017 17:00,602,142,460
8/3/2017 18:00,445,163,282
8/3/2017 19:00,255,86,169
8/3/2017 20:00,143,53,90
8/3/2017 21:00,110,46,64
8/3/2017 22:00,55,24,31
8/3/2017 23:00,43,15,28
8/4/2017 0:00,13,3,10
8/4/2017 1:00,17,7,10
8/4/2017 2:00,13,6,7
8/4/2017 3:00,1,0,1
8/4/2017 4:00,13,6,7
8/4/2017 5:00,46,33,13
8/4/2017 6:00,126,66,60
8/4/2017 7:00,346,191,155
8/4/2017 8:00,481,242,239
8/4/2017 9:00,268,127,141
8/4/2017 10:00,149,73,76
8/4/2017 11:00,110,47,63
8/4/2017 12:00,117,55,62
8/4/2017 13:00,119,66,53
8/4/2017 14:00,116,35,81
8/4/2017 15:00,161,54,107
8/4/2017 16:00,358,99,259
8/4/2017 17:00,475,104,371
8/4/2017 18:00,306,110,196
8/4/2017 19:00,211,72,139
8/4/2017 20:00,110,41,69
8/4/2017 21:00,88,33,55
8/4/2017 22:00,65,27,38
8/4/2017 23:00,26,12,14
8/5/2017 0:00,22,8,14
8/5/2017 1:00,15,9,6
8/5/2017 2:00,13,6,7
8/5/2017 3:00,5,2,3
8/5/2017 4:00,4,2,2
8/5/2017 5:00,12,7,5
8/5/2017 6:00,19,8,11
8/5/2017 7:00,53,22,31
8/5/2017 8:00,88,46,42
8/5/2017 9:00,142,83,59
8/5/2017 10:00,128,75,53
8/5/2017 11:00,123,68,55
8/5/2017 12:00,161,80,81
8/5/2017 13:00,159,83,76
8/5/2017 14:00,160,85,75
8/5/2017 15:00,169,88,81
8/5/2017 16:00,176,77,99
8/5/2017 17:00,150,70,80
8/5/2017 18:00,106,48,58
8/5/2017 19:00,116,56,60
8/5/2017 20:00,62,26,36
8/5/2017 21:00,57,24,33
8/5/2017 22:00,49,19,30
8/5/2017 23:00,37,8,29
8/6/2017 0:00,32,9,23
8/6/2017 1:00,29,7,22
8/6/2017 2:00,14,4,10
8/6/2017 3:00,8,4,4
8/6/2017 4:00,5,2,3
8/6/2017 5:00,10,6,4
8/6/2017 6:00,13,9,4
8/6/2017 7:00,56,27,29
8/6/2017 8:00,107,46,61
8/6/2017 9:00,121,59,62
8/6/2017 10:00,159,81,78
8/6/2017 11:00,181,79,102
8/6/2017 12:00,195,95,100
8/6/2017 13:00,196,92,104
8/6/2017 14:00,147,89,58
8/6/2017 15:00,175,86,89
8/6/2017 16:00,183,100,83
8/6/2017 17:00,158,74,84
8/6/2017 18:00,127,50,77
8/6/2017 19:00,98,49,49
8/6/2017 20:00,76,28,48
8/6/2017 21:00,35,15,20
8/6/2017 22:00,27,12,15
8/6/2017 23:00,20,10,10
8/7/2017 0:00,7,1,6
8/7/2017 1:00,2,2,0
8/7/2017 2:00,3,3,0
8/7/2017 3:00,2,2,0
8/7/2017 4:00,10,4,6
8/7/2017 5:00,55,32,23
8/7/2017 6:00,169,96,73
8/7/2017 7:00,429,224,205
8/7/2017 8:00,613,298,315
8/7/2017 9:00,295,147,148
8/7/2017 10:00,127,58,69
8/7/2017 11:00,106,49,57
8/7/2017 12:00,103,45,58
8/7/2017 13:00,89,42,47
8/7/2017 14:00,123,61,62
8/7/2017 15:00,164,73,91
8/7/2017 16:00,368,101,267
8/7/2017 17:00,735,185,550
8/7/2017 18:00,494,145,349
8/7/2017 19:00,257,87,170
8/7/2017 20:00,152,66,86
8/7/2017 21:00,75,28,47
8/7/2017 22:00,52,23,29
8/7/2017 23:00,18,9,9
8/8/2017 0:00,14,7,7
8/8/2017 1:00,10,5,5
8/8/2017 2:00,4,3,1
8/8/2017 3:00,4,1,3
8/8/2017 4:00,16,11,5
8/8/2017 5:00,54,42,12
8/8/2017 6:00,208,109,99
8/8/2017 7:00,492,272,220
8/8/2017 8:00,640,332,308
8/8/2017 9:00,352,170,182
8/8/2017 10:00,125,52,73
8/8/2017 11:00,102,50,52
8/8/2017 12:00,103,63,40
8/8/2017 13:00,92,47,45
8/8/2017 14:00,109,45,64
8/8/2017 15:00,158,57,101
8/8/2017 16:00,395,107,288
8/8/2017 17:00,790,180,610
8/8/2017 18:00,486,169,317
8/8/2017 19:00,311,98,213
8/8/2017 20:00,169,74,95
8/8/2017 21:00,111,51,60
8/8/2017 22:00,43,19,24
8/8/2017 23:00,32,6,26
8/9/2017 0:00,15,10,5
8/9/2017 1:00,5,1,4
8/9/2017 2:00,7,4,3
8/9/2017 3:00,2,1,1
8/9/2017 4:00,17,7,10
8/9/2017 5:00,47,32,15
8/9/2017 6:00,174,95,79
8/9/2017 7:00,460,249,211
8/9/2017 8:00,637,324,313
8/9/2017 9:00,316,150,166
8/9/2017 10:00,143,66,77
8/9/2017 11:00,118,61,57
8/9/2017 12:00,96,47,49
8/9/2017 13:00,129,68,61
8/9/2017 14:00,111,47,64
8/9/2017 15:00,160,56,104
8/9/2017 16:00,362,120,242
8/9/2017 17:00,737,171,566
8/9/2017 18:00,554,152,402
8/9/2017 19:00,260,95,165
8/9/2017 20:00,155,65,90
8/9/2017 21:00,111,56,55
8/9/2017 22:00,54,26,28
8/9/2017 23:00,29,12,17
8/10/2017 0:00,29,18,11
8/10/2017 1:00,8,2,6
8/10/2017 2:00,5,3,2
8/10/2017 3:00,4,1,3
8/10/2017 4:00,11,5,6
8/10/2017 5:00,47,28,19
8/10/2017 6:00,144,81,63
8/10/2017 7:00,451,252,199
8/10/2017 8:00,559,283,276
8/10/2017 9:00,307,152,155
8/10/2017 10:00,137,70,67
8/10/2017 11:00,93,49,44
8/10/2017 12:00,94,46,48
8/10/2017 13:00,106,48,58
8/10/2017 14:00,123,61,62
8/10/2017 15:00,170,78,92
8/10/2017 16:00,391,103,288
8/10/2017 17:00,684,180,504
8/10/2017 18:00,440,148,292
8/10/2017 19:00,280,94,186
8/10/2017 20:00,186,69,117
8/10/2017 21:00,78,32,46
8/10/2017 22:00,56,23,33
8/10/2017 23:00,33,14,19
8/11/2017 0:00,22,7,15
8/11/2017 1:00,4,3,1
8/11/2017 2:00,6,1,5
8/11/2017 3:00,2,1,1
8/11/2017 4:00,10,7,3
8/11/2017 5:00,47,25,22
8/11/2017 6:00,128,71,57
8/11/2017 7:00,352,190,162
8/11/2017 8:00,512,262,250
8/11/2017 9:00,252,120,132
8/11/2017 10:00,123,56,67
8/11/2017 11:00,109,50,59
8/11/2017 12:00,118,56,62
8/11/2017 13:00,127,60,67
8/11/2017 14:00,133,56,77
8/11/2017 15:00,236,75,161
8/11/2017 16:00,360,107,253
8/11/2017 17:00,620,169,451
8/11/2017 18:00,365,123,242
8/11/2017 19:00,221,88,133
8/11/2017 20:00,148,62,86
8/11/2017 21:00,59,20,39
8/11/2017 22:00,52,22,30
8/11/2017 23:00,36,12,24
8/12/2017 0:00,33,16,17
8/12/2017 1:00,16,5,11
8/12/2017 2:00,11,5,6
8/12/2017 3:00,3,1,2
8/12/2017 4:00,5,2,3
8/12/2017 5:00,10,5,5
8/12/2017 6:00,36,18,18
8/12/2017 7:00,56,25,31
8/12/2017 8:00,100,60,40
8/12/2017 9:00,90,41,49
8/12/2017 10:00,127,66,61
8/12/2017 11:00,134,55,79
8/12/2017 12:00,211,119,92
8/12/2017 13:00,189,95,94
8/12/2017 14:00,184,114,70
8/12/2017 15:00,208,102,106
8/12/2017 16:00,189,79,110
8/12/2017 17:00,182,75,107
8/12/2017 18:00,145,69,76
8/12/2017 19:00,103,54,49
8/12/2017 20:00,79,37,42
8/12/2017 21:00,45,19,26
8/12/2017 22:00,28,17,11
8/12/2017 23:00,21,7,14
8/13/2017 0:00,16,10,6
8/13/2017 1:00,10,4,6
8/13/2017 2:00,9,4,5
8/13/2017 3:00,2,1,1
8/13/2017 4:00,1,0,1
8/13/2017 5:00,5,3,2
8/13/2017 6:00,66,21,45
8/13/2017 7:00,55,33,22
8/13/2017 8:00,82,42,40
8/13/2017 9:00,92,42,50
8/13/2017 10:00,112,56,56
8/13/2017 11:00,203,38,165
8/13/2017 12:00,637,71,566
8/13/2017 13:00,545,89,456
8/13/2017 14:00,334,113,221
8/13/2017 15:00,375,142,233
8/13/2017 16:00,273,99,174
8/13/2017 17:00,162,72,90
8/13/2017 18:00,113,63,50
8/13/2017 19:00,67,36,31
8/13/2017 20:00,42,21,21
8/13/2017 21:00,33,14,19
8/13/2017 22:00,23,12,11
8/13/2017 23:00,11,4,7
8/14/2017 0:00,10,4,6
8/14/2017 1:00,5,5,0
8/14/2017 2:00,2,2,0
8/14/2017 3:00,2,1,1
8/14/2017 4:00,16,11,5
8/14/2017 5:00,44,30,14
8/14/2017 6:00,172,98,74
8/14/2017 7:00,432,237,195
8/14/2017 8:00,595,305,290
8/14/2017 9:00,329,161,168
8/14/2017 10:00,138,63,75
8/14/2017 11:00,96,55,41
8/14/2017 12:00,93,51,42
8/14/2017 13:00,101,51,50
8/14/2017 14:00,125,50,75
8/14/2017 15:00,161,61,100
8/14/2017 16:00,342,101,241
8/14/2017 17:00,769,186,583
8/14/2017 18:00,506,153,353
8/14/2017 19:00,222,79,143
8/14/2017 20:00,134,52,82
8/14/2017 21:00,75,32,43
8/14/2017 22:00,36,17,19
8/14/2017 23:00,18,9,9
8/15/2017 0:00,15,7,8
8/15/2017 1:00,7,1,6
8/15/2017 2:00,4,0,4
8/15/2017 3:00,0,0,0
8/15/2017 4:00,6,4,2
8/15/2017 5:00,51,40,11
8/15/2017 6:00,189,115,74
8/15/2017 7:00,499,274,225
8/15/2017 8:00,688,372,316
8/15/2017 9:00,319,155,164
8/15/2017 10:00,150,73,77
8/15/2017 11:00,114,53,61
8/15/2017 12:00,110,60,50
8/15/2017 13:00,122,70,52
8/15/2017 14:00,112,44,68
8/15/2017 15:00,185,76,109
8/15/2017 16:00,392,102,290
8/15/2017 17:00,812,174,638
8/15/2017 18:00,487,160,327
8/15/2017 19:00,286,86,200
8/15/2017 20:00,158,81,77
8/15/2017 21:00,113,59,54
8/15/2017 22:00,65,31,34
8/15/2017 23:00,31,19,12
8/16/2017 0:00,18,6,12
8/16/2017 1:00,5,5,0
8/16/2017 2:00,5,1,4
8/16/2017 3:00,2,1,1
8/16/2017 4:00,11,7,4
8/16/2017 5:00,44,24,20
8/16/2017 6:00,186,109,77
8/16/2017 7:00,479,271,208
8/16/2017 8:00,656,345,311
8/16/2017 9:00,369,180,189
8/16/2017 10:00,139,74,65
8/16/2017 11:00,125,60,65
8/16/2017 12:00,123,62,61
8/16/2017 13:00,128,66,62
8/16/2017 14:00,129,64,65
8/16/2017 15:00,178,71,107
8/16/2017 16:00,426,137,289
8/16/2017 17:00,779,192,587
8/16/2017 18:00,523,167,356
8/16/2017 19:00,320,110,210
8/16/2017 20:00,180,77,103
8/16/2017 21:00,99,41,58
8/16/2017 22:00,56,20,36
8/16/2017 23:00,30,11,19
8/17/2017 0:00,16,6,10
8/17/2017 1:00,8,5,3
8/17/2017 2:00,2,2,0
8/17/2017 3:00,6,4,2
8/17/2017 4:00,16,12,4
8/17/2017 5:00,45,32,13
8/17/2017 6:00,153,96,57
8/17/2017 7:00,440,221,219
8/17/2017 8:00,612,342,270
8/17/2017 9:00,315,154,161
8/17/2017 10:00,150,74,76
8/17/2017 11:00,102,53,49
8/17/2017 12:00,94,50,44
8/17/2017 13:00,146,68,78
8/17/2017 14:00,137,67,70
8/17/2017 15:00,182,64,118
8/17/2017 16:00,380,108,272
8/17/2017 17:00,741,165,576
8/17/2017 18:00,556,178,378
8/17/2017 19:00,256,101,155
8/17/2017 20:00,173,63,110
8/17/2017 21:00,98,36,62
8/17/2017 22:00,60,23,37
8/17/2017 23:00,27,15,12
8/18/2017 0:00,12,6,6
8/18/2017 1:00,10,4,6
8/18/2017 2:00,5,2,3
8/18/2017 3:00,5,4,1
8/18/2017 4:00,5,1,4
8/18/2017 5:00,63,27,36
8/18/2017 6:00,155,81,74
8/18/2017 7:00,388,194,194
8/18/2017 8:00,454,228,226
8/18/2017 9:00,276,133,143
8/18/2017 10:00,116,48,68
8/18/2017 11:00,101,46,55
8/18/2017 12:00,109,39,70
8/18/2017 13:00,116,68,48
8/18/2017 14:00,172,64,108
8/18/2017 15:00,206,70,136
8/18/2017 16:00,382,100,282
8/18/2017 17:00,578,158,420
8/18/2017 18:00,348,126,222
8/18/2017 19:00,173,61,112
8/18/2017 20:00,98,44,54
8/18/2017 21:00,82,27,55
8/18/2017 22:00,59,22,37
8/18/2017 23:00,30,14,16
8/19/2017 0:00,27,11,16
8/19/2017 1:00,16,5,11
8/19/2017 2:00,14,5,9
8/19/2017 3:00,5,2,3
8/19/2017 4:00,2,1,1
8/19/2017 5:00,8,5,3
8/19/2017 6:00,25,9,16
8/19/2017 7:00,57,22,35
8/19/2017 8:00,88,41,47
8/19/2017 9:00,101,57,44
8/19/2017 10:00,124,61,63
8/19/2017 11:00,162,80,82
8/19/2017 12:00,190,84,106
8/19/2017 13:00,167,67,100
8/19/2017 14:00,216,122,94
8/19/2017 15:00,187,102,85
8/19/2017 16:00,184,68,116
8/19/2017 17:00,170,81,89
8/19/2017 18:00,132,75,57
8/19/2017 19:00,113,47,66
8/19/2017 20:00,87,42,45
8/19/2017 21:00,46,18,28
8/19/2017 22:00,21,10,11
8/19/2017 23:00,28,7,21
8/20/2017 0:00,19,9,10
8/20/2017 1:00,13,9,4
8/20/2017 2:00,9,6,3
8/20/2017 3:00,5,3,2
8/20/2017 4:00,2,2,0
8/20/2017 5:00,1,0,1
8/20/2017 6:00,13,5,8
8/20/2017 7:00,25,17,8
8/20/2017 8:00,61,22,39
8/20/2017 9:00,78,43,35
8/20/2017 10:00,99,43,56
8/20/2017 11:00,159,80,79
8/20/2017 12:00,191,100,91
8/20/2017 13:00,200,106,94
8/20/2017 14:00,197,90,107
8/20/2017 15:00,152,76,76
8/20/2017 16:00,163,90,73
8/20/2017 17:00,124,46,78
8/20/2017 18:00,111,47,64
8/20/2017 19:00,76,39,37
8/20/2017 20:00,66,35,31
8/20/2017 21:00,42,16,26
8/20/2017 22:00,18,8,10
8/20/2017 23:00,14,6,8
8/21/2017 0:00,7,2,5
8/21/2017 1:00,2,0,2
8/21/2017 2:00,3,0,3
8/21/2017 3:00,2,1,1
8/21/2017 4:00,9,3,6
8/21/2017 5:00,31,20,11
8/21/2017 6:00,118,72,46
8/21/2017 7:00,358,175,183
8/21/2017 8:00,476,236,240
8/21/2017 9:00,253,120,133
8/21/2017 10:00,174,102,72
8/21/2017 11:00,135,72,63
8/21/2017 12:00,100,52,48
8/21/2017 13:00,102,50,52
8/21/2017 14:00,95,43,52
8/21/2017 15:00,149,62,87
8/21/2017 16:00,318,83,235
8/21/2017 17:00,597,136,461
8/21/2017 18:00,402,125,277
8/21/2017 19:00,235,84,151
8/21/2017 20:00,104,39,65
8/21/2017 21:00,51,18,33
8/21/2017 22:00,28,16,12
8/21/2017 23:00,19,12,7
8/22/2017 0:00,17,5,12
8/22/2017 1:00,6,2,4
8/22/2017 2:00,2,0,2
8/22/2017 3:00,4,1,3
8/22/2017 4:00,7,2,5
8/22/2017 5:00,39,28,11
8/22/2017 6:00,147,85,62
8/22/2017 7:00,442,232,210
8/22/2017 8:00,608,328,280
8/22/2017 9:00,331,158,173
8/22/2017 10:00,138,66,72
8/22/2017 11:00,118,61,57
8/22/2017 12:00,95,48,47
8/22/2017 13:00,99,54,45
8/22/2017 14:00,123,41,82
8/22/2017 15:00,163,67,96
8/22/2017 16:00,391,109,282
8/22/2017 17:00,752,190,562
8/22/2017 18:00,458,145,313
8/22/2017 19:00,269,88,181
8/22/2017 20:00,142,59,83
8/22/2017 21:00,70,32,38
8/22/2017 22:00,48,21,27
8/22/2017 23:00,20,9,11
8/23/2017 0:00,8,2,6
8/23/2017 1:00,3,0,3
8/23/2017 2:00,4,2,2
8/23/2017 3:00,9,6,3
8/23/2017 4:00,11,5,6
8/23/2017 5:00,42,27,15
8/23/2017 6:00,172,91,81
8/23/2017 7:00,466,240,226
8/23/2017 8:00,624,326,298
8/23/2017 9:00,347,170,177
8/23/2017 10:00,132,50,82
8/23/2017 11:00,100,42,58
8/23/2017 12:00,92,40,52
8/23/2017 13:00,98,52,46
8/23/2017 14:00,120,56,64
8/23/2017 15:00,160,68,92
8/23/2017 16:00,409,115,294
8/23/2017 17:00,768,175,593
8/23/2017 18:00,546,175,371
8/23/2017 19:00,296,102,194
8/23/2017 20:00,130,48,82
8/23/2017 21:00,64,29,35
8/23/2017 22:00,53,28,25
8/23/2017 23:00,24,8,16
8/24/2017 0:00,18,5,13
8/24/2017 1:00,4,1,3
8/24/2017 2:00,1,0,1
8/24/2017 3:00,1,1,0
8/24/2017 4:00,10,7,3
8/24/2017 5:00,42,23,19
8/24/2017 6:00,141,88,53
8/24/2017 7:00,388,193,195
8/24/2017 8:00,546,305,241
8/24/2017 9:00,293,151,142
8/24/2017 10:00,129,61,68
8/24/2017 11:00,108,48,60
8/24/2017 12:00,100,42,58
8/24/2017 13:00,121,69,52
8/24/2017 14:00,128,61,67
8/24/2017 15:00,188,75,113
8/24/2017 16:00,355,113,242
8/24/2017 17:00,620,162,458
8/24/2017 18:00,538,171,367
8/24/2017 19:00,285,104,181
8/24/2017 20:00,146,63,83
8/24/2017 21:00,68,34,34
8/24/2017 22:00,61,22,39
8/24/2017 23:00,42,27,15
8/25/2017 0:00,21,5,16
8/25/2017 1:00,10,7,3
8/25/2017 2:00,9,6,3
8/25/2017 3:00,8,5,3
8/25/2017 4:00,6,1,5
8/25/2017 5:00,49,31,18
8/25/2017 6:00,129,68,61
8/25/2017 7:00,376,196,180
8/25/2017 8:00,497,246,251
8/25/2017 9:00,297,138,159
8/25/2017 10:00,131,56,75
8/25/2017 11:00,107,53,54
8/25/2017 12:00,105,51,54
8/25/2017 13:00,94,48,46
8/25/2017 14:00,164,65,99
8/25/2017 15:00,220,79,141
8/25/2017 16:00,395,88,307
8/25/2017 17:00,608,151,457
8/25/2017 18:00,371,112,259
8/25/2017 19:00,187,66,121
8/25/2017 20:00,144,64,80
8/25/2017 21:00,65,25,40
8/25/2017 22:00,43,20,23
8/25/2017 23:00,36,17,19
8/26/2017 0:00,20,8,12
8/26/2017 1:00,13,4,9
8/26/2017 2:00,5,2,3
8/26/2017 3:00,4,2,2
8/26/2017 4:00,16,7,9
8/26/2017 5:00,14,7,7
8/26/2017 6:00,22,9,13
8/26/2017 7:00,40,17,23
8/26/2017 8:00,90,33,57
8/26/2017 9:00,115,65,50
8/26/2017 10:00,149,77,72
8/26/2017 11:00,170,73,97
8/26/2017 12:00,197,97,100
8/26/2017 13:00,198,101,97
8/26/2017 14:00,181,97,84
8/26/2017 15:00,174,70,104
8/26/2017 16:00,185,89,96
8/26/2017 17:00,193,86,107
8/26/2017 18:00,140,69,71
8/26/2017 19:00,127,59,68
8/26/2017 20:00,80,39,41
8/26/2017 21:00,49,24,25
8/26/2017 22:00,38,12,26
8/26/2017 23:00,21,5,16
8/27/2017 0:00,12,8,4
8/27/2017 1:00,11,6,5
8/27/2017 2:00,8,7,1
8/27/2017 3:00,7,1,6
8/27/2017 4:00,4,1,3
8/27/2017 5:00,6,4,2
8/27/2017 6:00,19,10,9
8/27/2017 7:00,40,23,17
8/27/2017 8:00,58,29,29
8/27/2017 9:00,124,70,54
8/27/2017 10:00,154,76,78
8/27/2017 11:00,205,105,100
8/27/2017 12:00,199,91,108
8/27/2017 13:00,176,94,82
8/27/2017 14:00,184,94,90
8/27/2017 15:00,191,80,111
8/27/2017 16:00,183,96,87
8/27/2017 17:00,154,78,76
8/27/2017 18:00,129,74,55
8/27/2017 19:00,73,36,37
8/27/2017 20:00,70,31,39
8/27/2017 21:00,60,20,40
8/27/2017 22:00,29,14,15
8/27/2017 23:00,10,4,6
8/28/2017 0:00,9,2,7
8/28/2017 1:00,1,0,1
8/28/2017 2:00,2,2,0
8/28/2017 3:00,3,1,2
8/28/2017 4:00,5,2,3
8/28/2017 5:00,44,28,16
8/28/2017 6:00,145,79,66
8/28/2017 7:00,479,247,232
8/28/2017 8:00,584,308,276
8/28/2017 9:00,324,145,179
8/28/2017 10:00,113,57,56
8/28/2017 11:00,118,55,63
8/28/2017 12:00,101,56,45
8/28/2017 13:00,103,54,49
8/28/2017 14:00,103,51,52
8/28/2017 15:00,155,55,100
8/28/2017 16:00,345,97,248
8/28/2017 17:00,726,166,560
8/28/2017 18:00,516,114,402
8/28/2017 19:00,246,95,151
8/28/2017 20:00,124,41,83
8/28/2017 21:00,60,16,44
8/28/2017 22:00,44,20,24
8/28/2017 23:00,20,11,9
8/29/2017 0:00,14,4,10
8/29/2017 1:00,6,1,5
8/29/2017 2:00,5,3,2
8/29/2017 3:00,2,1,1
8/29/2017 4:00,9,6,3
8/29/2017 5:00,44,28,16
8/29/2017 6:00,197,120,77
8/29/2017 7:00,532,275,257
8/29/2017 8:00,630,314,316
8/29/2017 9:00,307,149,158
8/29/2017 10:00,162,83,79
8/29/2017 11:00,114,62,52
8/29/2017 12:00,107,45,62
8/29/2017 13:00,94,41,53
8/29/2017 14:00,107,54,53
8/29/2017 15:00,179,76,103
8/29/2017 16:00,440,116,324
8/29/2017 17:00,751,177,574
8/29/2017 18:00,516,174,342
8/29/2017 19:00,297,117,180
8/29/2017 20:00,141,55,86
8/29/2017 21:00,68,31,37
8/29/2017 22:00,48,16,32
8/29/2017 23:00,23,11,12
8/30/2017 0:00,11,5,6
8/30/2017 1:00,5,1,4
8/30/2017 2:00,5,4,1
8/30/2017 3:00,3,0,3
8/30/2017 4:00,5,3,2
8/30/2017 5:00,45,21,24
8/30/2017 6:00,174,103,71
8/30/2017 7:00,472,246,226
8/30/2017 8:00,591,303,288
8/30/2017 9:00,319,165,154
8/30/2017 10:00,135,66,69
8/30/2017 11:00,98,45,53
8/30/2017 12:00,95,47,48
8/30/2017 13:00,97,49,48
8/30/2017 14:00,100,43,57
8/30/2017 15:00,172,80,92
8/30/2017 16:00,358,96,262
8/30/2017 17:00,749,191,558
8/30/2017 18:00,520,165,355
8/30/2017 19:00,322,114,208
8/30/2017 20:00,162,48,114
8/30/2017 21:00,57,17,40
8/30/2017 22:00,57,23,34
8/30/2017 23:00,30,11,19
8/31/2017 0:00,11,4,7
8/31/2017 1:00,8,5,3
8/31/2017 2:00,5,3,2
8/31/2017 3:00,7,5,2
8/31/2017 4:00,11,5,6
8/31/2017 5:00,46,32,14
8/31/2017 6:00,141,78,63
8/31/2017 7:00,413,225,188
8/31/2017 8:00,573,311,262
8/31/2017 9:00,234,121,113
8/31/2017 10:00,80,40,40
8/31/2017 11:00,54,23,31
8/31/2017 12:00,80,34,46
8/31/2017 13:00,67,33,34
8/31/2017 14:00,80,37,43
8/31/2017 15:00,142,59,83
8/31/2017 16:00,365,126,239
8/31/2017 17:00,627,154,473
8/31/2017 18:00,440,141,299
8/31/2017 19:00,221,81,140
8/31/2017 20:00,157,62,95
8/31/2017 21:00,75,35,40
8/31/2017 22:00,50,25,25
8/31/2017 23:00,21,14,7
9/1/2017 0:00,17,4,13
9/1/2017 1:00,10,2,8
9/1/2017 2:00,4,3,1
9/1/2017 3:00,2,0,2
9/1/2017 4:00,8,2,6
9/1/2017 5:00,48,27,21
9/1/2017 6:00,126,67,59
9/1/2017 7:00,356,212,144
9/1/2017 8:00,481,261,220
9/1/2017 9:00,229,98,131
9/1/2017 10:00,127,51,76
9/1/2017 11:00,112,58,54
9/1/2017 12:00,147,65,82
9/1/2017 13:00,137,62,75
9/1/2017 14:00,153,60,93
9/1/2017 15:00,264,95,169
9/1/2017 16:00,392,110,282
9/1/2017 17:00,463,133,330
9/1/2017 18:00,282,79,203
9/1/2017 19:00,174,65,109
9/1/2017 20:00,118,60,58
9/1/2017 21:00,61,32,29
9/1/2017 22:00,44,18,26
9/1/2017 23:00,31,14,17
9/2/2017 0:00,20,7,13
9/2/2017 1:00,15,5,10
9/2/2017 2:00,5,1,4
9/2/2017 3:00,9,3,6
9/2/2017 4:00,1,0,1
9/2/2017 5:00,12,6,6
9/2/2017 6:00,22,15,7
9/2/2017 7:00,70,34,36
9/2/2017 8:00,91,35,56
9/2/2017 9:00,121,71,50
9/2/2017 10:00,126,73,53
9/2/2017 11:00,165,84,81
9/2/2017 12:00,146,70,76
9/2/2017 13:00,194,110,84
9/2/2017 14:00,212,89,123
9/2/2017 15:00,193,100,93
9/2/2017 16:00,194,105,89
9/2/2017 17:00,173,89,84
9/2/2017 18:00,108,59,49
9/2/2017 19:00,102,43,59
9/2/2017 20:00,68,26,42
9/2/2017 21:00,23,10,13
9/2/2017 22:00,39,18,21
9/2/2017 23:00,44,6,38
9/3/2017 0:00,24,14,10
9/3/2017 1:00,9,5,4
9/3/2017 2:00,5,1,4
9/3/2017 3:00,1,1,0
9/3/2017 4:00,5,2,3
9/3/2017 5:00,9,8,1
9/3/2017 6:00,20,14,6
9/3/2017 7:00,29,16,13
9/3/2017 8:00,85,42,43
9/3/2017 9:00,126,56,70
9/3/2017 10:00,148,82,66
9/3/2017 11:00,168,92,76
9/3/2017 12:00,158,88,70
9/3/2017 13:00,182,93,89
9/3/2017 14:00,162,87,75
9/3/2017 15:00,164,75,89
9/3/2017 16:00,127,55,72
9/3/2017 17:00,129,59,70
9/3/2017 18:00,123,73,50
9/3/2017 19:00,69,34,35
9/3/2017 20:00,45,20,25
9/3/2017 21:00,44,19,25
9/3/2017 22:00,23,4,19
9/3/2017 23:00,24,8,16
9/4/2017 0:00,28,6,22
9/4/2017 1:00,6,1,5
9/4/2017 2:00,8,3,5
9/4/2017 3:00,3,1,2
9/4/2017 4:00,5,2,3
9/4/2017 5:00,14,12,2
9/4/2017 6:00,30,17,13
9/4/2017 7:00,49,26,23
9/4/2017 8:00,93,48,45
9/4/2017 9:00,153,66,87
9/4/2017 10:00,157,71,86
9/4/2017 11:00,185,101,84
9/4/2017 12:00,168,94,74
9/4/2017 13:00,213,124,89
9/4/2017 14:00,199,116,83
9/4/2017 15:00,161,77,84
9/4/2017 16:00,159,84,75
9/4/2017 17:00,139,64,75
9/4/2017 18:00,108,59,49
9/4/2017 19:00,96,54,42
9/4/2017 20:00,57,25,32
9/4/2017 21:00,33,10,23
9/4/2017 22:00,31,11,20
9/4/2017 23:00,26,17,9
9/5/2017 0:00,8,3,5
9/5/2017 1:00,5,3,2
9/5/2017 2:00,5,2,3
9/5/2017 3:00,3,3,0
9/5/2017 4:00,8,3,5
9/5/2017 5:00,47,32,15
9/5/2017 6:00,150,75,75
9/5/2017 7:00,438,228,210
9/5/2017 8:00,537,276,261
9/5/2017 9:00,237,96,141
9/5/2017 10:00,108,58,50
9/5/2017 11:00,70,37,33
9/5/2017 12:00,62,31,31
9/5/2017 13:00,64,24,40
9/5/2017 14:00,69,37,32
9/5/2017 15:00,125,47,78
9/5/2017 16:00,270,69,201
9/5/2017 17:00,588,151,437
9/5/2017 18:00,399,105,294
9/5/2017 19:00,168,66,102
9/5/2017 20:00,83,32,51
9/5/2017 21:00,51,22,29
9/5/2017 22:00,33,17,16
9/5/2017 23:00,22,11,11
9/6/2017 0:00,8,3,5
9/6/2017 1:00,3,1,2
9/6/2017 2:00,2,0,2
9/6/2017 3:00,6,4,2
9/6/2017 4:00,9,2,7
9/6/2017 5:00,43,26,17
9/6/2017 6:00,149,80,69
9/6/2017 7:00,393,210,183
9/6/2017 8:00,539,277,262
9/6/2017 9:00,269,121,148
9/6/2017 10:00,99,49,50
9/6/2017 11:00,68,32,36
9/6/2017 12:00,91,48,43
9/6/2017 13:00,50,26,24
9/6/2017 14:00,105,45,60
9/6/2017 15:00,135,59,76
9/6/2017 16:00,285,73,212
9/6/2017 17:00,603,144,459
9/6/2017 18:00,392,132,260
9/6/2017 19:00,208,55,153
9/6/2017 20:00,89,30,59
9/6/2017 21:00,53,20,33
9/6/2017 22:00,39,15,24
9/6/2017 23:00,26,11,15
9/7/2017 0:00,9,3,6
9/7/2017 1:00,4,3,1
9/7/2017 2:00,3,1,2
9/7/2017 3:00,2,1,1
9/7/2017 4:00,9,3,6
9/7/2017 5:00,38,27,11
9/7/2017 6:00,153,84,69
9/7/2017 7:00,404,212,192
9/7/2017 8:00,589,326,263
9/7/2017 9:00,258,112,146
9/7/2017 10:00,95,52,43
9/7/2017 11:00,88,33,55
9/7/2017 12:00,59,28,31
9/7/2017 13:00,82,46,36
9/7/2017 14:00,95,39,56
9/7/2017 15:00,147,53,94
9/7/2017 16:00,316,100,216
9/7/2017 17:00,648,151,497
9/7/2017 18:00,399,129,270
9/7/2017 19:00,210,60,150
9/7/2017 20:00,129,46,83
9/7/2017 21:00,70,24,46
9/7/2017 22:00,46,17,29
9/7/2017 23:00,26,9,17
9/8/2017 0:00,8,5,3
9/8/2017 1:00,5,2,3
9/8/2017 2:00,7,3,4
9/8/2017 3:00,5,2,3
9/8/2017 4:00,12,5,7
9/8/2017 5:00,41,31,10
9/8/2017 6:00,137,73,64
9/8/2017 7:00,341,186,155
9/8/2017 8:00,539,285,254
9/8/2017 9:00,250,118,132
9/8/2017 10:00,100,49,51
9/8/2017 11:00,98,50,48
9/8/2017 12:00,87,45,42
9/8/2017 13:00,96,50,46
9/8/2017 14:00,104,42,62
9/8/2017 15:00,173,69,104
9/8/2017 16:00,355,101,254
9/8/2017 17:00,523,127,396
9/8/2017 18:00,337,114,223
9/8/2017 19:00,188,71,117
9/8/2017 20:00,104,37,67
9/8/2017 21:00,59,18,41
9/8/2017 22:00,35,11,24
9/8/2017 23:00,33,14,19
9/9/2017 0:00,21,14,7
9/9/2017 1:00,5,2,3
9/9/2017 2:00,8,4,4
9/9/2017 3:00,4,2,2
9/9/2017 4:00,8,4,4
9/9/2017 5:00,5,4,1
9/9/2017 6:00,31,13,18
9/9/2017 7:00,33,16,17
9/9/2017 8:00,72,34,38
9/9/2017 9:00,95,47,48
9/9/2017 10:00,114,60,54
9/9/2017 11:00,115,57,58
9/9/2017 12:00,127,58,69
9/9/2017 13:00,147,76,71
9/9/2017 14:00,122,58,64
9/9/2017 15:00,140,66,74
9/9/2017 16:00,114,52,62
9/9/2017 17:00,124,54,70
9/9/2017 18:00,94,44,50
9/9/2017 19:00,73,45,28
9/9/2017 20:00,55,22,33
9/9/2017 21:00,35,16,19
9/9/2017 22:00,29,9,20
9/9/2017 23:00,30,11,19
9/10/2017 0:00,25,9,16
9/10/2017 1:00,11,5,6
9/10/2017 2:00,4,2,2
9/10/2017 3:00,3,2,1
9/10/2017 4:00,7,2,5
9/10/2017 5:00,3,2,1
9/10/2017 6:00,18,7,11
9/10/2017 7:00,48,26,22
9/10/2017 8:00,76,36,40
9/10/2017 9:00,121,66,55
9/10/2017 10:00,144,67,77
9/10/2017 11:00,199,95,104
9/10/2017 12:00,201,100,101
9/10/2017 13:00,239,130,109
9/10/2017 14:00,191,102,89
9/10/2017 15:00,156,77,79
9/10/2017 16:00,164,71,93
9/10/2017 17:00,149,72,77
9/10/2017 18:00,128,60,68
9/10/2017 19:00,82,37,45
9/10/2017 20:00,72,36,36
9/10/2017 21:00,39,11,28
9/10/2017 22:00,16,2,14
9/10/2017 23:00,20,2,18
9/11/2017 0:00,6,4,2
9/11/2017 1:00,2,0,2
9/11/2017 2:00,1,0,1
9/11/2017 3:00,1,1,0
9/11/2017 4:00,12,3,9
9/11/2017 5:00,48,32,16
9/11/2017 6:00,163,84,79
9/11/2017 7:00,468,265,203
9/11/2017 8:00,704,359,345
9/11/2017 9:00,303,129,174
9/11/2017 10:00,131,74,57
9/11/2017 11:00,97,46,51
9/11/2017 12:00,97,53,44
9/11/2017 13:00,93,55,38
9/11/2017 14:00,132,65,67
9/11/2017 15:00,199,79,120
9/11/2017 16:00,355,85,270
9/11/2017 17:00,780,181,599
9/11/2017 18:00,556,162,394
9/11/2017 19:00,273,73,200
9/11/2017 20:00,117,39,78
9/11/2017 21:00,73,23,50
9/11/2017 22:00,37,16,21
9/11/2017 23:00,32,17,15
9/12/2017 0:00,9,3,6
9/12/2017 1:00,5,1,4
9/12/2017 2:00,3,2,1
9/12/2017 3:00,1,1,0
9/12/2017 4:00,11,7,4
9/12/2017 5:00,55,40,15
9/12/2017 6:00,178,97,81
9/12/2017 7:00,544,297,247
9/12/2017 8:00,664,343,321
9/12/2017 9:00,340,176,164
9/12/2017 10:00,153,61,92
9/12/2017 11:00,100,42,58
9/12/2017 12:00,105,61,44
9/12/2017 13:00,106,45,61
9/12/2017 14:00,128,57,71
9/12/2017 15:00,192,79,113
9/12/2017 16:00,371,106,265
9/12/2017 17:00,792,193,599
9/12/2017 18:00,550,160,390
9/12/2017 19:00,258,99,159
9/12/2017 20:00,126,51,75
9/12/2017 21:00,64,18,46
9/12/2017 22:00,40,16,24
9/12/2017 23:00,17,4,13
9/13/2017 0:00,6,3,3
9/13/2017 1:00,3,2,1
9/13/2017 2:00,5,1,4
9/13/2017 3:00,3,0,3
9/13/2017 4:00,9,5,4
9/13/2017 5:00,47,32,15
9/13/2017 6:00,172,82,90
9/13/2017 7:00,506,253,253
9/13/2017 8:00,651,350,301
9/13/2017 9:00,304,136,168
9/13/2017 10:00,139,67,72
9/13/2017 11:00,85,41,44
9/13/2017 12:00,89,48,41
9/13/2017 13:00,106,40,66
9/13/2017 14:00,110,47,63
9/13/2017 15:00,178,64,114
9/13/2017 16:00,363,100,263
9/13/2017 17:00,732,175,557
9/13/2017 18:00,511,151,360
9/13/2017 19:00,267,87,180
9/13/2017 20:00,129,48,81
9/13/2017 21:00,74,22,52
9/13/2017 22:00,40,13,27
9/13/2017 23:00,26,13,13
9/14/2017 0:00,8,3,5
9/14/2017 1:00,7,3,4
9/14/2017 2:00,3,2,1
9/14/2017 3:00,3,1,2
9/14/2017 4:00,13,6,7
9/14/2017 5:00,34,26,8
9/14/2017 6:00,178,92,86
9/14/2017 7:00,438,237,201
9/14/2017 8:00,644,328,316
9/14/2017 9:00,310,132,178
9/14/2017 10:00,116,62,54
9/14/2017 11:00,95,52,43
9/14/2017 12:00,96,38,58
9/14/2017 13:00,110,59,51
9/14/2017 14:00,105,44,61
9/14/2017 15:00,162,53,109
9/14/2017 16:00,352,108,244
9/14/2017 17:00,726,195,531
9/14/2017 18:00,533,157,376
9/14/2017 19:00,253,79,174
9/14/2017 20:00,110,37,73
9/14/2017 21:00,76,38,38
9/14/2017 22:00,50,20,30
9/14/2017 23:00,29,9,20
9/15/2017 0:00,19,5,14
9/15/2017 1:00,7,1,6
9/15/2017 2:00,5,3,2
9/15/2017 3:00,2,1,1
9/15/2017 4:00,11,5,6
9/15/2017 5:00,38,28,10
9/15/2017 6:00,112,59,53
9/15/2017 7:00,396,221,175
9/15/2017 8:00,553,298,255
9/15/2017 9:00,284,137,147
9/15/2017 10:00,132,62,70
9/15/2017 11:00,124,50,74
9/15/2017 12:00,97,56,41
9/15/2017 13:00,136,73,63
9/15/2017 14:00,149,73,76
9/15/2017 15:00,214,84,130
9/15/2017 16:00,440,126,314
9/15/2017 17:00,607,161,446
9/15/2017 18:00,374,107,267
9/15/2017 19:00,183,74,109
9/15/2017 20:00,104,37,67
9/15/2017 21:00,64,23,41
9/15/2017 22:00,39,27,12
9/15/2017 23:00,26,9,17
9/16/2017 0:00,23,11,12
9/16/2017 1:00,11,5,6
9/16/2017 2:00,6,3,3
9/16/2017 3:00,7,2,5
9/16/2017 4:00,5,2,3
9/16/2017 5:00,12,9,3
9/16/2017 6:00,28,15,13
9/16/2017 7:00,43,20,23
9/16/2017 8:00,117,57,60
9/16/2017 9:00,123,68,55
9/16/2017 10:00,158,71,87
9/16/2017 11:00,137,62,75
9/16/2017 12:00,151,89,62
9/16/2017 13:00,176,82,94
9/16/2017 14:00,198,95,103
9/16/2017 15:00,185,76,109
9/16/2017 16:00,170,92,78
9/16/2017 17:00,168,80,88
9/16/2017 18:00,123,73,50
9/16/2017 19:00,103,35,68
9/16/2017 20:00,71,32,39
9/16/2017 21:00,50,32,18
9/16/2017 22:00,51,24,27
9/16/2017 23:00,37,14,23
9/17/2017 0:00,18,7,11
9/17/2017 1:00,8,3,5
9/17/2017 2:00,6,2,4
9/17/2017 3:00,3,0,3
9/17/2017 4:00,6,2,4
9/17/2017 5:00,7,4,3
9/17/2017 6:00,16,6,10
9/17/2017 7:00,34,15,19
9/17/2017 8:00,58,35,23
9/17/2017 9:00,111,54,57
9/17/2017 10:00,109,49,60
9/17/2017 11:00,143,68,75
9/17/2017 12:00,127,73,54
9/17/2017 13:00,91,47,44
9/17/2017 14:00,51,19,32
9/17/2017 15:00,42,28,14
9/17/2017 16:00,36,10,26
9/17/2017 17:00,45,23,22
9/17/2017 18:00,28,10,18
9/17/2017 19:00,38,13,25
9/17/2017 20:00,24,9,15
9/17/2017 21:00,17,9,8
9/17/2017 22:00,10,3,7
9/17/2017 23:00,5,2,3
9/18/2017 0:00,5,1,4
9/18/2017 1:00,2,0,2
9/18/2017 2:00,4,3,1
9/18/2017 3:00,2,2,0
9/18/2017 4:00,8,5,3
9/18/2017 5:00,29,13,16
9/18/2017 6:00,122,71,51
9/18/2017 7:00,320,169,151
9/18/2017 8:00,471,251,220
9/18/2017 9:00,226,102,124
9/18/2017 10:00,85,44,41
9/18/2017 11:00,61,32,29
9/18/2017 12:00,79,45,34
9/18/2017 13:00,70,34,36
9/18/2017 14:00,83,33,50
9/18/2017 15:00,128,51,77
9/18/2017 16:00,212,52,160
9/18/2017 17:00,527,107,420
9/18/2017 18:00,324,63,261
9/18/2017 19:00,117,30,87
9/18/2017 20:00,46,12,34
9/18/2017 21:00,36,11,25
9/18/2017 22:00,27,9,18
9/18/2017 23:00,27,14,13
9/19/2017 0:00,8,1,7
9/19/2017 1:00,2,1,1
9/19/2017 2:00,2,0,2
9/19/2017 3:00,2,0,2
9/19/2017 4:00,10,5,5
9/19/2017 5:00,30,21,9
9/19/2017 6:00,99,57,42
9/19/2017 7:00,301,150,151
9/19/2017 8:00,440,249,191
9/19/2017 9:00,215,101,114
9/19/2017 10:00,79,34,45
9/19/2017 11:00,51,22,29
9/19/2017 12:00,53,28,25
9/19/2017 13:00,39,21,18
9/19/2017 14:00,58,29,29
9/19/2017 15:00,89,33,56
9/19/2017 16:00,198,54,144
9/19/2017 17:00,408,67,341
9/19/2017 18:00,269,84,185
9/19/2017 19:00,113,28,85
9/19/2017 20:00,59,19,40
9/19/2017 21:00,24,5,19
9/19/2017 22:00,13,5,8
9/19/2017 23:00,18,3,15
9/20/2017 0:00,3,2,1
9/20/2017 1:00,0,0,0
9/20/2017 2:00,2,1,1
9/20/2017 3:00,2,1,1
9/20/2017 4:00,11,7,4
9/20/2017 5:00,36,21,15
9/20/2017 6:00,131,69,62
9/20/2017 7:00,320,163,157
9/20/2017 8:00,483,273,210
9/20/2017 9:00,241,118,123
9/20/2017 10:00,102,46,56
9/20/2017 11:00,72,35,37
9/20/2017 12:00,58,22,36
9/20/2017 13:00,81,37,44
9/20/2017 14:00,94,52,42
9/20/2017 15:00,125,49,76
9/20/2017 16:00,318,100,218
9/20/2017 17:00,535,128,407
9/20/2017 18:00,384,135,249
9/20/2017 19:00,151,51,100
9/20/2017 20:00,87,30,57
9/20/2017 21:00,49,19,30
9/20/2017 22:00,25,7,18
9/20/2017 23:00,21,9,12
9/21/2017 0:00,8,2,6
9/21/2017 1:00,5,5,0
9/21/2017 2:00,1,0,1
9/21/2017 3:00,1,1,0
9/21/2017 4:00,12,10,2
9/21/2017 5:00,40,24,16
9/21/2017 6:00,106,55,51
9/21/2017 7:00,326,176,150
9/21/2017 8:00,467,249,218
9/21/2017 9:00,251,121,130
9/21/2017 10:00,106,45,61
9/21/2017 11:00,65,30,35
9/21/2017 12:00,59,33,26
9/21/2017 13:00,81,35,46
9/21/2017 14:00,108,46,62
9/21/2017 15:00,145,59,86
9/21/2017 16:00,289,93,196
9/21/2017 17:00,577,145,432
9/21/2017 18:00,365,113,252
9/21/2017 19:00,155,55,100
9/21/2017 20:00,89,28,61
9/21/2017 21:00,52,24,28
9/21/2017 22:00,42,21,21
9/21/2017 23:00,20,7,13
9/22/2017 0:00,7,3,4
9/22/2017 1:00,6,1,5
9/22/2017 2:00,6,4,2
9/22/2017 3:00,2,1,1
9/22/2017 4:00,6,1,5
9/22/2017 5:00,41,28,13
9/22/2017 6:00,116,62,54
9/22/2017 7:00,329,185,144
9/22/2017 8:00,496,276,220
9/22/2017 9:00,292,149,143
9/22/2017 10:00,127,64,63
9/22/2017 11:00,118,53,65
9/22/2017 12:00,117,50,67
9/22/2017 13:00,125,62,63
9/22/2017 14:00,144,59,85
9/22/2017 15:00,201,87,114
9/22/2017 16:00,408,109,299
9/22/2017 17:00,599,167,432
9/22/2017 18:00,335,111,224
9/22/2017 19:00,166,54,112
9/22/2017 20:00,69,23,46
9/22/2017 21:00,54,18,36
9/22/2017 22:00,44,21,23
9/22/2017 23:00,32,16,16
9/23/2017 0:00,29,11,18
9/23/2017 1:00,14,6,8
9/23/2017 2:00,6,1,5
9/23/2017 3:00,2,2,0
9/23/2017 4:00,4,3,1
9/23/2017 5:00,8,4,4
9/23/2017 6:00,19,10,9
9/23/2017 7:00,38,19,19
9/23/2017 8:00,84,38,46
9/23/2017 9:00,102,58,44
9/23/2017 10:00,151,84,67
9/23/2017 11:00,182,87,95
9/23/2017 12:00,174,93,81
9/23/2017 13:00,201,97,104
9/23/2017 14:00,199,84,115
9/23/2017 15:00,228,89,139
9/23/2017 16:00,187,106,81
9/23/2017 17:00,164,73,91
9/23/2017 18:00,166,80,86
9/23/2017 19:00,85,55,30
9/23/2017 20:00,62,18,44
9/23/2017 21:00,37,25,12
9/23/2017 22:00,32,19,13
9/23/2017 23:00,33,20,13
9/24/2017 0:00,22,13,9
9/24/2017 1:00,11,5,6
9/24/2017 2:00,6,2,4
9/24/2017 3:00,3,1,2
9/24/2017 4:00,5,3,2
9/24/2017 5:00,5,5,0
9/24/2017 6:00,16,3,13
9/24/2017 7:00,39,20,19
9/24/2017 8:00,63,27,36
9/24/2017 9:00,87,45,42
9/24/2017 10:00,86,45,41
9/24/2017 11:00,146,69,77
9/24/2017 12:00,182,99,83
9/24/2017 13:00,174,93,81
9/24/2017 14:00,216,104,112
9/24/2017 15:00,175,85,90
9/24/2017 16:00,215,111,104
9/24/2017 17:00,193,85,108
9/24/2017 18:00,139,70,69
9/24/2017 19:00,86,41,45
9/24/2017 20:00,47,25,22
9/24/2017 21:00,25,11,14
9/24/2017 22:00,13,6,7
9/24/2017 23:00,14,9,5
9/25/2017 0:00,15,8,7
9/25/2017 1:00,3,1,2
9/25/2017 2:00,3,2,1
9/25/2017 3:00,4,3,1
9/25/2017 4:00,16,8,8
9/25/2017 5:00,28,18,10
9/25/2017 6:00,144,78,66
9/25/2017 7:00,324,177,147
9/25/2017 8:00,545,296,249
9/25/2017 9:00,260,126,134
9/25/2017 10:00,95,48,47
9/25/2017 11:00,67,41,26
9/25/2017 12:00,77,34,43
9/25/2017 13:00,66,33,33
9/25/2017 14:00,71,32,39
9/25/2017 15:00,146,58,88
9/25/2017 16:00,308,94,214
9/25/2017 17:00,574,121,453
9/25/2017 18:00,372,99,273
9/25/2017 19:00,143,42,101
9/25/2017 20:00,66,20,46
9/25/2017 21:00,51,21,30
9/25/2017 22:00,32,10,22
9/25/2017 23:00,21,9,12
9/26/2017 0:00,7,3,4
9/26/2017 1:00,6,1,5
9/26/2017 2:00,2,0,2
9/26/2017 3:00,3,3,0
9/26/2017 4:00,14,8,6
9/26/2017 5:00,40,25,15
9/26/2017 6:00,159,86,73
9/26/2017 7:00,483,255,228
9/26/2017 8:00,651,353,298
9/26/2017 9:00,323,158,165
9/26/2017 10:00,148,82,66
9/26/2017 11:00,102,51,51
9/26/2017 12:00,119,51,68
9/26/2017 13:00,114,63,51
9/26/2017 14:00,102,49,53
9/26/2017 15:00,204,87,117
9/26/2017 16:00,367,110,257
9/26/2017 17:00,792,207,585
9/26/2017 18:00,532,151,381
9/26/2017 19:00,234,84,150
9/26/2017 20:00,115,35,80
9/26/2017 21:00,71,30,41
9/26/2017 22:00,43,21,22
9/26/2017 23:00,18,3,15
9/27/2017 0:00,10,4,6
9/27/2017 1:00,4,2,2
9/27/2017 2:00,2,0,2
9/27/2017 3:00,3,2,1
9/27/2017 4:00,12,8,4
9/27/2017 5:00,37,23,14
9/27/2017 6:00,171,102,69
9/27/2017 7:00,477,255,222
9/27/2017 8:00,645,340,305
9/27/2017 9:00,352,168,184
9/27/2017 10:00,156,70,86
9/27/2017 11:00,105,60,45
9/27/2017 12:00,102,52,50
9/27/2017 13:00,115,58,57
9/27/2017 14:00,132,61,71
9/27/2017 15:00,200,82,118
9/27/2017 16:00,429,130,299
9/27/2017 17:00,760,191,569
9/27/2017 18:00,517,168,349
9/27/2017 19:00,234,80,154
9/27/2017 20:00,116,51,65
9/27/2017 21:00,71,17,54
9/27/2017 22:00,75,31,44
9/27/2017 23:00,33,13,20
9/28/2017 0:00,15,7,8
9/28/2017 1:00,5,3,2
9/28/2017 2:00,3,0,3
9/28/2017 3:00,0,0,0
9/28/2017 4:00,13,8,5
9/28/2017 5:00,40,24,16
9/28/2017 6:00,171,97,74
9/28/2017 7:00,477,250,227
9/28/2017 8:00,646,343,303
9/28/2017 9:00,344,167,177
9/28/2017 10:00,141,70,71
9/28/2017 11:00,126,68,58
9/28/2017 12:00,117,51,66
9/28/2017 13:00,128,59,69
9/28/2017 14:00,141,62,79
9/28/2017 15:00,244,98,146
9/28/2017 16:00,477,171,306
9/28/2017 17:00,851,240,611
9/28/2017 18:00,441,167,274
9/28/2017 19:00,248,93,155
9/28/2017 20:00,118,47,71
9/28/2017 21:00,87,33,54
9/28/2017 22:00,55,22,33
9/28/2017 23:00,25,9,16
9/29/2017 0:00,12,4,8
9/29/2017 1:00,13,5,8
9/29/2017 2:00,2,0,2
9/29/2017 3:00,6,1,5
9/29/2017 4:00,6,4,2
9/29/2017 5:00,29,12,17
9/29/2017 6:00,119,61,58
9/29/2017 7:00,339,182,157
9/29/2017 8:00,417,229,188
9/29/2017 9:00,178,87,91
9/29/2017 10:00,77,37,40
9/29/2017 11:00,57,34,23
9/29/2017 12:00,54,24,30
9/29/2017 13:00,74,33,41
9/29/2017 14:00,85,38,47
9/29/2017 15:00,137,52,85
9/29/2017 16:00,295,96,199
9/29/2017 17:00,488,138,350
9/29/2017 18:00,247,77,170
9/29/2017 19:00,156,52,104
9/29/2017 20:00,73,32,41
9/29/2017 21:00,34,11,23
9/29/2017 22:00,39,15,24
9/29/2017 23:00,33,16,17
9/30/2017 0:00,19,7,12
9/30/2017 1:00,7,3,4
9/30/2017 2:00,7,5,2
9/30/2017 3:00,3,2,1
9/30/2017 4:00,2,2,0
9/30/2017 5:00,8,3,5
9/30/2017 6:00,13,6,7
9/30/2017 7:00,30,10,20
9/30/2017 8:00,57,28,29
9/30/2017 9:00,79,42,37
9/30/2017 10:00,90,58,32
9/30/2017 11:00,145,84,61
9/30/2017 12:00,132,69,63
9/30/2017 13:00,139,68,71
9/30/2017 14:00,128,67,61
9/30/2017 15:00,96,48,48
9/30/2017 16:00,64,29,35
9/30/2017 17:00,58,32,26
9/30/2017 18:00,59,33,26
9/30/2017 19:00,39,16,23
9/30/2017 20:00,37,12,25
9/30/2017 21:00,39,10,29
9/30/2017 22:00,15,5,10
9/30/2017 23:00,18,5,13
10/1/2017 0:00,19,2,17
10/1/2017 1:00,7,4,3
10/1/2017 2:00,4,2,2
10/1/2017 3:00,2,0,2
10/1/2017 4:00,4,4,0
10/1/2017 5:00,4,3,1
10/1/2017 6:00,6,3,3
10/1/2017 7:00,18,7,11
10/1/2017 8:00,43,18,25
10/1/2017 9:00,76,39,37
10/1/2017 10:00,94,51,43
10/1/2017 11:00,105,56,49
10/1/2017 12:00,120,58,62
10/1/2017 13:00,132,70,62
10/1/2017 14:00,138,66,72
10/1/2017 15:00,156,73,83
10/1/2017 16:00,144,79,65
10/1/2017 17:00,102,50,52
10/1/2017 18:00,77,47,30
10/1/2017 19:00,42,23,19
10/1/2017 20:00,33,18,15
10/1/2017 21:00,30,10,20
10/1/2017 22:00,13,5,8
10/1/2017 23:00,9,5,4
10/2/2017 0:00,5,2,3
10/2/2017 1:00,1,0,1
10/2/2017 2:00,1,0,1
10/2/2017 3:00,2,1,1
10/2/2017 4:00,11,7,4
10/2/2017 5:00,44,26,18
10/2/2017 6:00,157,85,72
10/2/2017 7:00,404,215,189
10/2/2017 8:00,581,295,286
10/2/2017 9:00,321,158,163
10/2/2017 10:00,122,53,69
10/2/2017 11:00,74,47,27
10/2/2017 12:00,71,36,35
10/2/2017 13:00,64,29,35
10/2/2017 14:00,85,37,48
10/2/2017 15:00,165,76,89
10/2/2017 16:00,305,86,219
10/2/2017 17:00,710,159,551
10/2/2017 18:00,431,110,321
10/2/2017 19:00,182,56,126
10/2/2017 20:00,95,29,66
10/2/2017 21:00,62,25,37
10/2/2017 22:00,23,12,11
10/2/2017 23:00,16,7,9
10/3/2017 0:00,9,3,6
10/3/2017 1:00,4,2,2
10/3/2017 2:00,10,7,3
10/3/2017 3:00,1,0,1
10/3/2017 4:00,9,5,4
10/3/2017 5:00,33,21,12
10/3/2017 6:00,167,94,73
10/3/2017 7:00,447,237,210
10/3/2017 8:00,676,350,326
10/3/2017 9:00,295,138,157
10/3/2017 10:00,133,59,74
10/3/2017 11:00,89,43,46
10/3/2017 12:00,94,45,49
10/3/2017 13:00,103,54,49
10/3/2017 14:00,137,55,82
10/3/2017 15:00,173,65,108
10/3/2017 16:00,371,118,253
10/3/2017 17:00,742,176,566
10/3/2017 18:00,491,136,355
10/3/2017 19:00,198,62,136
10/3/2017 20:00,110,39,71
10/3/2017 21:00,67,20,47
10/3/2017 22:00,40,23,17
10/3/2017 23:00,18,5,13
10/4/2017 0:00,7,0,7
10/4/2017 1:00,2,1,1
10/4/2017 2:00,4,1,3
10/4/2017 3:00,3,0,3
10/4/2017 4:00,13,7,6
10/4/2017 5:00,38,26,12
10/4/2017 6:00,158,77,81
10/4/2017 7:00,461,240,221
10/4/2017 8:00,582,315,267
10/4/2017 9:00,296,141,155
10/4/2017 10:00,136,54,82
10/4/2017 11:00,94,46,48
10/4/2017 12:00,90,41,49
10/4/2017 13:00,95,56,39
10/4/2017 14:00,138,60,78
10/4/2017 15:00,172,73,99
10/4/2017 16:00,364,95,269
10/4/2017 17:00,712,178,534
10/4/2017 18:00,467,138,329
10/4/2017 19:00,181,56,125
10/4/2017 20:00,96,36,60
10/4/2017 21:00,71,33,38
10/4/2017 22:00,46,19,27
10/4/2017 23:00,13,5,8
10/5/2017 0:00,10,4,6
10/5/2017 1:00,5,1,4
10/5/2017 2:00,1,0,1
10/5/2017 3:00,1,1,0
10/5/2017 4:00,8,4,4
10/5/2017 5:00,35,22,13
10/5/2017 6:00,150,76,74
10/5/2017 7:00,418,220,198
10/5/2017 8:00,593,323,270
10/5/2017 9:00,306,146,160
10/5/2017 10:00,136,69,67
10/5/2017 11:00,85,45,40
10/5/2017 12:00,104,44,60
10/5/2017 13:00,94,44,50
10/5/2017 14:00,134,48,86
10/5/2017 15:00,166,76,90
10/5/2017 16:00,350,105,245
10/5/2017 17:00,663,151,512
10/5/2017 18:00,469,134,335
10/5/2017 19:00,195,67,128
10/5/2017 20:00,85,26,59
10/5/2017 21:00,90,38,52
10/5/2017 22:00,43,23,20
10/5/2017 23:00,32,9,23
10/6/2017 0:00,8,3,5
10/6/2017 1:00,3,1,2
10/6/2017 2:00,1,0,1
10/6/2017 3:00,2,1,1
10/6/2017 4:00,9,4,5
10/6/2017 5:00,33,21,12
10/6/2017 6:00,115,70,45
10/6/2017 7:00,351,193,158
10/6/2017 8:00,527,296,231
10/6/2017 9:00,290,137,153
10/6/2017 10:00,122,59,63
10/6/2017 11:00,87,36,51
10/6/2017 12:00,95,32,63
10/6/2017 13:00,99,49,50
10/6/2017 14:00,109,51,58
10/6/2017 15:00,179,67,112
10/6/2017 16:00,378,107,271
10/6/2017 17:00,564,138,426
10/6/2017 18:00,286,73,213
10/6/2017 19:00,139,58,81
10/6/2017 20:00,70,30,40
10/6/2017 21:00,46,19,27
10/6/2017 22:00,27,10,17
10/6/2017 23:00,34,15,19
10/7/2017 0:00,24,12,12
10/7/2017 1:00,9,5,4
10/7/2017 2:00,3,1,2
10/7/2017 3:00,0,0,0
10/7/2017 4:00,4,2,2
10/7/2017 5:00,9,5,4
10/7/2017 6:00,14,10,4
10/7/2017 7:00,23,12,11
10/7/2017 8:00,47,17,30
10/7/2017 9:00,85,49,36
10/7/2017 10:00,90,48,42
10/7/2017 11:00,106,37,69
10/7/2017 12:00,130,65,65
10/7/2017 13:00,125,52,73
10/7/2017 14:00,122,66,56
10/7/2017 15:00,95,44,51
10/7/2017 16:00,89,49,40
10/7/2017 17:00,105,56,49
10/7/2017 18:00,58,22,36
10/7/2017 19:00,38,25,13
10/7/2017 20:00,11,5,6
10/7/2017 21:00,16,3,13
10/7/2017 22:00,19,12,7
10/7/2017 23:00,29,20,9
10/8/2017 0:00,10,1,9
10/8/2017 1:00,6,3,3
10/8/2017 2:00,4,2,2
10/8/2017 3:00,3,3,0
10/8/2017 4:00,4,2,2
10/8/2017 5:00,5,3,2
10/8/2017 6:00,10,4,6
10/8/2017 7:00,24,8,16
10/8/2017 8:00,39,21,18
10/8/2017 9:00,47,27,20
10/8/2017 10:00,98,49,49
10/8/2017 11:00,128,84,44
10/8/2017 12:00,126,61,65
10/8/2017 13:00,167,70,97
10/8/2017 14:00,131,62,69
10/8/2017 15:00,138,76,62
10/8/2017 16:00,138,72,66
10/8/2017 17:00,138,71,67
10/8/2017 18:00,73,41,32
10/8/2017 19:00,37,20,17
10/8/2017 20:00,21,9,12
10/8/2017 21:00,19,9,10
10/8/2017 22:00,13,4,9
10/8/2017 23:00,10,4,6
10/9/2017 0:00,6,2,4
10/9/2017 1:00,2,0,2
10/9/2017 2:00,0,0,0
10/9/2017 3:00,2,2,0
10/9/2017 4:00,13,6,7
10/9/2017 5:00,36,19,17
10/9/2017 6:00,126,65,61
10/9/2017 7:00,401,214,187
10/9/2017 8:00,563,297,266
10/9/2017 9:00,303,151,152
10/9/2017 10:00,102,44,58
10/9/2017 11:00,82,48,34
10/9/2017 12:00,83,38,45
10/9/2017 13:00,87,41,46
10/9/2017 14:00,128,51,77
10/9/2017 15:00,193,77,116
10/9/2017 16:00,339,100,239
10/9/2017 17:00,690,156,534
10/9/2017 18:00,427,130,297
10/9/2017 19:00,193,57,136
10/9/2017 20:00,78,26,52
10/9/2017 21:00,57,25,32
10/9/2017 22:00,25,9,16
10/9/2017 23:00,21,8,13
10/10/2017 0:00,2,1,1
10/10/2017 1:00,3,2,1
10/10/2017 2:00,5,0,5
10/10/2017 3:00,0,0,0
10/10/2017 4:00,14,5,9
10/10/2017 5:00,44,29,15
10/10/2017 6:00,122,69,53
10/10/2017 7:00,398,212,186
10/10/2017 8:00,515,272,243
10/10/2017 9:00,249,124,125
10/10/2017 10:00,113,50,63
10/10/2017 11:00,56,30,26
10/10/2017 12:00,70,40,30
10/10/2017 13:00,49,23,26
10/10/2017 14:00,64,28,36
10/10/2017 15:00,127,52,75
10/10/2017 16:00,283,73,210
10/10/2017 17:00,571,127,444
10/10/2017 18:00,350,94,256
10/10/2017 19:00,136,49,87
10/10/2017 20:00,65,16,49
10/10/2017 21:00,44,14,30
10/10/2017 22:00,23,11,12
10/10/2017 23:00,15,6,9
10/11/2017 0:00,5,2,3
10/11/2017 1:00,3,0,3
10/11/2017 2:00,0,0,0
10/11/2017 3:00,1,0,1
10/11/2017 4:00,12,6,6
10/11/2017 5:00,40,25,15
10/11/2017 6:00,132,65,67
10/11/2017 7:00,349,183,166
10/11/2017 8:00,441,243,198
10/11/2017 9:00,247,122,125
10/11/2017 10:00,108,53,55
10/11/2017 11:00,76,40,36
10/11/2017 12:00,62,31,31
10/11/2017 13:00,95,40,55
10/11/2017 14:00,110,53,57
10/11/2017 15:00,136,52,84
10/11/2017 16:00,277,83,194
10/11/2017 17:00,519,108,411
10/11/2017 18:00,388,105,283
10/11/2017 19:00,137,42,95
10/11/2017 20:00,73,25,48
10/11/2017 21:00,68,22,46
10/11/2017 22:00,36,14,22
10/11/2017 23:00,24,12,12
10/12/2017 0:00,9,2,7
10/12/2017 1:00,4,3,1
10/12/2017 2:00,0,0,0
10/12/2017 3:00,1,0,1
10/12/2017 4:00,8,5,3
10/12/2017 5:00,28,19,9
10/12/2017 6:00,117,62,55
10/12/2017 7:00,274,138,136
10/12/2017 8:00,420,228,192
10/12/2017 9:00,229,104,125
10/12/2017 10:00,76,35,41
10/12/2017 11:00,42,17,25
10/12/2017 12:00,36,22,14
10/12/2017 13:00,52,28,24
10/12/2017 14:00,51,20,31
10/12/2017 15:00,108,38,70
10/12/2017 16:00,219,55,164
10/12/2017 17:00,460,106,354
10/12/2017 18:00,282,76,206
10/12/2017 19:00,132,45,87
10/12/2017 20:00,69,24,45
10/12/2017 21:00,56,22,34
10/12/2017 22:00,26,14,12
10/12/2017 23:00,13,5,8
10/13/2017 0:00,5,1,4
10/13/2017 1:00,5,1,4
10/13/2017 2:00,0,0,0
10/13/2017 3:00,2,0,2
10/13/2017 4:00,9,4,5
10/13/2017 5:00,28,17,11
10/13/2017 6:00,89,54,35
10/13/2017 7:00,244,134,110
10/13/2017 8:00,360,181,179
10/13/2017 9:00,236,108,128
10/13/2017 10:00,89,46,43
10/13/2017 11:00,58,20,38
10/13/2017 12:00,67,31,36
10/13/2017 13:00,69,39,30
10/13/2017 14:00,89,42,47
10/13/2017 15:00,151,53,98
10/13/2017 16:00,310,96,214
10/13/2017 17:00,431,105,326
10/13/2017 18:00,268,79,189
10/13/2017 19:00,92,29,63
10/13/2017 20:00,57,15,42
10/13/2017 21:00,25,14,11
10/13/2017 22:00,31,10,21
10/13/2017 23:00,27,16,11
10/14/2017 0:00,15,9,6
10/14/2017 1:00,14,7,7
10/14/2017 2:00,9,4,5
10/14/2017 3:00,3,2,1
10/14/2017 4:00,5,2,3
10/14/2017 5:00,6,2,4
10/14/2017 6:00,15,9,6
10/14/2017 7:00,22,6,16
10/14/2017 8:00,59,30,29
10/14/2017 9:00,69,35,34
10/14/2017 10:00,90,38,52
10/14/2017 11:00,114,48,66
10/14/2017 12:00,100,48,52
10/14/2017 13:00,108,57,51
10/14/2017 14:00,139,57,82
10/14/2017 15:00,122,45,77
10/14/2017 16:00,114,57,57
10/14/2017 17:00,99,45,54
10/14/2017 18:00,79,38,41
10/14/2017 19:00,56,25,31
10/14/2017 20:00,46,12,34
10/14/2017 21:00,17,3,14
10/14/2017 22:00,34,20,14
10/14/2017 23:00,31,16,15
10/15/2017 0:00,5,1,4
10/15/2017 1:00,6,2,4
10/15/2017 2:00,10,4,6
10/15/2017 3:00,2,1,1
10/15/2017 4:00,5,3,2
10/15/2017 5:00,7,3,4
10/15/2017 6:00,12,7,5
10/15/2017 7:00,25,9,16
10/15/2017 8:00,53,29,24
10/15/2017 9:00,73,37,36
10/15/2017 10:00,118,58,60
10/15/2017 11:00,143,64,79
10/15/2017 12:00,162,83,79
10/15/2017 13:00,190,107,83
10/15/2017 14:00,219,116,103
10/15/2017 15:00,172,93,79
10/15/2017 16:00,171,80,91
10/15/2017 17:00,142,75,67
10/15/2017 18:00,93,51,42
10/15/2017 19:00,55,23,32
10/15/2017 20:00,37,16,21
10/15/2017 21:00,23,9,14
10/15/2017 22:00,19,7,12
10/15/2017 23:00,19,6,13
10/16/2017 0:00,4,0,4
10/16/2017 1:00,0,0,0
10/16/2017 2:00,4,3,1
10/16/2017 3:00,2,1,1
10/16/2017 4:00,16,6,10
10/16/2017 5:00,31,17,14
10/16/2017 6:00,158,88,70
10/16/2017 7:00,436,229,207
10/16/2017 8:00,587,315,272
10/16/2017 9:00,295,135,160
10/16/2017 10:00,111,47,64
10/16/2017 11:00,82,48,34
10/16/2017 12:00,70,36,34
10/16/2017 13:00,95,48,47
10/16/2017 14:00,126,52,74
10/16/2017 15:00,165,65,100
10/16/2017 16:00,297,87,210
10/16/2017 17:00,687,145,542
10/16/2017 18:00,401,118,283
10/16/2017 19:00,160,61,99
10/16/2017 20:00,83,27,56
10/16/2017 21:00,61,24,37
10/16/2017 22:00,27,12,15
10/16/2017 23:00,23,7,16
10/17/2017 0:00,6,2,4
10/17/2017 1:00,4,2,2
10/17/2017 2:00,3,2,1
10/17/2017 3:00,0,0,0
10/17/2017 4:00,11,6,5
10/17/2017 5:00,32,19,13
10/17/2017 6:00,119,58,61
10/17/2017 7:00,298,150,148
10/17/2017 8:00,405,218,187
10/17/2017 9:00,199,94,105
10/17/2017 10:00,85,38,47
10/17/2017 11:00,36,21,15
10/17/2017 12:00,43,22,21
10/17/2017 13:00,52,26,26
10/17/2017 14:00,57,27,30
10/17/2017 15:00,89,35,54
10/17/2017 16:00,224,67,157
10/17/2017 17:00,481,114,367
10/17/2017 18:00,332,95,237
10/17/2017 19:00,109,31,78
10/17/2017 20:00,58,24,34
10/17/2017 21:00,48,24,24
10/17/2017 22:00,39,22,17
10/17/2017 23:00,16,7,9
10/18/2017 0:00,6,2,4
10/18/2017 1:00,3,0,3
10/18/2017 2:00,3,0,3
10/18/2017 3:00,4,1,3
10/18/2017 4:00,6,3,3
10/18/2017 5:00,37,21,16
10/18/2017 6:00,122,73,49
10/18/2017 7:00,291,159,132
10/18/2017 8:00,393,217,176
10/18/2017 9:00,201,94,107
10/18/2017 10:00,61,20,41
10/18/2017 11:00,39,17,22
10/18/2017 12:00,26,13,13
10/18/2017 13:00,36,19,17
10/18/2017 14:00,54,16,38
10/18/2017 15:00,83,33,50
10/18/2017 16:00,197,49,148
10/18/2017 17:00,380,67,313
10/18/2017 18:00,212,59,153
10/18/2017 19:00,80,24,56
10/18/2017 20:00,32,9,23
10/18/2017 21:00,16,6,10
10/18/2017 22:00,9,3,6
10/18/2017 23:00,10,3,7
10/19/2017 0:00,2,0,2
10/19/2017 1:00,5,1,4
10/19/2017 2:00,2,0,2
10/19/2017 3:00,0,0,0
10/19/2017 4:00,6,2,4
10/19/2017 5:00,20,13,7
10/19/2017 6:00,91,51,40
10/19/2017 7:00,243,128,115
10/19/2017 8:00,332,182,150
10/19/2017 9:00,174,87,87
10/19/2017 10:00,57,26,31
10/19/2017 11:00,32,18,14
10/19/2017 12:00,40,22,18
10/19/2017 13:00,58,27,31
10/19/2017 14:00,62,25,37
10/19/2017 15:00,80,31,49
10/19/2017 16:00,166,37,129
10/19/2017 17:00,389,74,315
10/19/2017 18:00,217,70,147
10/19/2017 19:00,71,25,46
10/19/2017 20:00,44,15,29
10/19/2017 21:00,36,13,23
10/19/2017 22:00,23,10,13
10/19/2017 23:00,17,7,10
10/20/2017 0:00,2,1,1
10/20/2017 1:00,2,0,2
10/20/2017 2:00,3,0,3
10/20/2017 3:00,3,0,3
10/20/2017 4:00,8,5,3
10/20/2017 5:00,29,15,14
10/20/2017 6:00,81,42,39
10/20/2017 7:00,233,136,97
10/20/2017 8:00,336,182,154
10/20/2017 9:00,168,70,98
10/20/2017 10:00,66,30,36
10/20/2017 11:00,45,23,22
10/20/2017 12:00,36,16,20
10/20/2017 13:00,44,24,20
10/20/2017 14:00,59,22,37
10/20/2017 15:00,115,51,64
10/20/2017 16:00,222,74,148
10/20/2017 17:00,418,98,320
10/20/2017 18:00,205,77,128
10/20/2017 19:00,98,37,61
10/20/2017 20:00,45,15,30
10/20/2017 21:00,27,7,20
10/20/2017 22:00,27,11,16
10/20/2017 23:00,19,7,12
10/21/2017 0:00,9,3,6
10/21/2017 1:00,6,3,3
10/21/2017 2:00,3,0,3
10/21/2017 3:00,2,1,1
10/21/2017 4:00,3,2,1
10/21/2017 5:00,4,3,1
10/21/2017 6:00,7,3,4
10/21/2017 7:00,7,1,6
10/21/2017 8:00,23,10,13
10/21/2017 9:00,51,27,24
10/21/2017 10:00,29,16,13
10/21/2017 11:00,33,17,16
10/21/2017 12:00,37,23,14
10/21/2017 13:00,35,21,14
10/21/2017 14:00,34,13,21
10/21/2017 15:00,30,15,15
10/21/2017 16:00,32,18,14
10/21/2017 17:00,26,11,15
10/21/2017 18:00,16,12,4
10/21/2017 19:00,17,9,8
10/21/2017 20:00,14,5,9
10/21/2017 21:00,10,2,8
10/21/2017 22:00,10,4,6
10/21/2017 23:00,14,7,7
10/22/2017 0:00,8,2,6
10/22/2017 1:00,3,2,1
10/22/2017 2:00,3,2,1
10/22/2017 3:00,0,0,0
10/22/2017 4:00,5,4,1
10/22/2017 5:00,4,4,0
10/22/2017 6:00,9,5,4
10/22/2017 7:00,13,6,7
10/22/2017 8:00,32,17,15
10/22/2017 9:00,52,32,20
10/22/2017 10:00,120,66,54
10/22/2017 11:00,114,58,56
10/22/2017 12:00,160,76,84
10/22/2017 13:00,123,67,56
10/22/2017 14:00,121,69,52
10/22/2017 15:00,120,67,53
10/22/2017 16:00,122,64,58
10/22/2017 17:00,95,45,50
10/22/2017 18:00,69,37,32
10/22/2017 19:00,33,15,18
10/22/2017 20:00,28,12,16
10/22/2017 21:00,15,5,10
10/22/2017 22:00,19,10,9
10/22/2017 23:00,17,3,14
10/23/2017 0:00,5,3,2
10/23/2017 1:00,2,1,1
10/23/2017 2:00,1,0,1
10/23/2017 3:00,0,0,0
10/23/2017 4:00,8,5,3
10/23/2017 5:00,37,22,15
10/23/2017 6:00,155,88,67
10/23/2017 7:00,404,219,185
10/23/2017 8:00,560,296,264
10/23/2017 9:00,295,140,155
10/23/2017 10:00,130,62,68
10/23/2017 11:00,79,36,43
10/23/2017 12:00,85,42,43
10/23/2017 13:00,87,45,42
10/23/2017 14:00,119,60,59
10/23/2017 15:00,152,67,85
10/23/2017 16:00,368,108,260
10/23/2017 17:00,689,155,534
10/23/2017 18:00,407,115,292
10/23/2017 19:00,144,46,98
10/23/2017 20:00,81,32,49
10/23/2017 21:00,46,15,31
10/23/2017 22:00,30,11,19
10/23/2017 23:00,56,42,14
10/24/2017 0:00,8,1,7
10/24/2017 1:00,1,1,0
10/24/2017 2:00,4,2,2
10/24/2017 3:00,3,2,1
10/24/2017 4:00,13,5,8
10/24/2017 5:00,33,21,12
10/24/2017 6:00,138,81,57
10/24/2017 7:00,421,216,205
10/24/2017 8:00,609,328,281
10/24/2017 9:00,311,150,161
10/24/2017 10:00,122,52,70
10/24/2017 11:00,83,33,50
10/24/2017 12:00,109,60,49
10/24/2017 13:00,100,42,58
10/24/2017 14:00,125,56,69
10/24/2017 15:00,179,61,118
10/24/2017 16:00,356,112,244
10/24/2017 17:00,711,141,570
10/24/2017 18:00,445,149,296
10/24/2017 19:00,178,54,124
10/24/2017 20:00,81,23,58
10/24/2017 21:00,62,31,31
10/24/2017 22:00,43,20,23
10/24/2017 23:00,16,9,7
10/25/2017 0:00,10,2,8
10/25/2017 1:00,2,1,1
10/25/2017 2:00,2,1,1
10/25/2017 3:00,3,2,1
10/25/2017 4:00,9,3,6
10/25/2017 5:00,36,24,12
10/25/2017 6:00,134,76,58
10/25/2017 7:00,396,206,190
10/25/2017 8:00,495,266,229
10/25/2017 9:00,282,149,133
10/25/2017 10:00,87,38,49
10/25/2017 11:00,70,27,43
10/25/2017 12:00,65,38,27
10/25/2017 13:00,54,27,27
10/25/2017 14:00,89,37,52
10/25/2017 15:00,104,37,67
10/25/2017 16:00,284,74,210
10/25/2017 17:00,602,128,474
10/25/2017 18:00,358,99,259
10/25/2017 19:00,149,46,103
10/25/2017 20:00,95,38,57
10/25/2017 21:00,59,19,40
10/25/2017 22:00,31,7,24
10/25/2017 23:00,16,3,13
10/26/2017 0:00,12,6,6
10/26/2017 1:00,8,6,2
10/26/2017 2:00,1,0,1
10/26/2017 3:00,2,1,1
10/26/2017 4:00,11,7,4
10/26/2017 5:00,27,17,10
10/26/2017 6:00,139,74,65
10/26/2017 7:00,347,196,151
10/26/2017 8:00,503,289,214
10/26/2017 9:00,292,140,152
10/26/2017 10:00,96,54,42
10/26/2017 11:00,84,38,46
10/26/2017 12:00,66,34,32
10/26/2017 13:00,74,41,33
10/26/2017 14:00,84,31,53
10/26/2017 15:00,152,60,92
10/26/2017 16:00,293,95,198
10/26/2017 17:00,595,140,455
10/26/2017 18:00,395,120,275
10/26/2017 19:00,143,40,103
10/26/2017 20:00,93,33,60
10/26/2017 21:00,66,19,47
10/26/2017 22:00,34,14,20
10/26/2017 23:00,32,11,21
10/27/2017 0:00,8,3,5
10/27/2017 1:00,7,3,4
10/27/2017 2:00,1,0,1
10/27/2017 3:00,2,1,1
10/27/2017 4:00,10,3,7
10/27/2017 5:00,30,17,13
10/27/2017 6:00,115,65,50
10/27/2017 7:00,323,167,156
10/27/2017 8:00,491,265,226
10/27/2017 9:00,234,109,125
10/27/2017 10:00,138,65,73
10/27/2017 11:00,75,34,41
10/27/2017 12:00,102,55,47
10/27/2017 13:00,121,65,56
10/27/2017 14:00,141,62,79
10/27/2017 15:00,204,79,125
10/27/2017 16:00,369,109,260
10/27/2017 17:00,567,141,426
10/27/2017 18:00,308,85,223
10/27/2017 19:00,103,25,78
10/27/2017 20:00,65,23,42
10/27/2017 21:00,50,24,26
10/27/2017 22:00,27,12,15
10/27/2017 23:00,29,12,17
10/28/2017 0:00,16,8,8
10/28/2017 1:00,9,5,4
10/28/2017 2:00,7,0,7
10/28/2017 3:00,8,4,4
10/28/2017 4:00,4,3,1
10/28/2017 5:00,11,3,8
10/28/2017 6:00,17,11,6
10/28/2017 7:00,36,10,26
10/28/2017 8:00,62,20,42
10/28/2017 9:00,99,54,45
10/28/2017 10:00,117,58,59
10/28/2017 11:00,138,51,87
10/28/2017 12:00,161,83,78
10/28/2017 13:00,176,84,92
10/28/2017 14:00,161,79,82
10/28/2017 15:00,213,121,92
10/28/2017 16:00,206,107,99
10/28/2017 17:00,146,90,56
10/28/2017 18:00,91,58,33
10/28/2017 19:00,39,19,20
10/28/2017 20:00,28,9,19
10/28/2017 21:00,27,12,15
10/28/2017 22:00,20,10,10
10/28/2017 23:00,22,7,15
10/29/2017 0:00,8,5,3
10/29/2017 1:00,7,5,2
10/29/2017 2:00,9,4,5
10/29/2017 3:00,3,1,2
10/29/2017 4:00,3,2,1
10/29/2017 5:00,5,5,0
10/29/2017 6:00,10,5,5
10/29/2017 7:00,22,16,6
10/29/2017 8:00,47,20,27
10/29/2017 9:00,55,28,27
10/29/2017 10:00,79,41,38
10/29/2017 11:00,80,37,43
10/29/2017 12:00,89,46,43
10/29/2017 13:00,100,57,43
10/29/2017 14:00,152,80,72
10/29/2017 15:00,152,84,68
10/29/2017 16:00,124,50,74
10/29/2017 17:00,123,59,64
10/29/2017 18:00,62,30,32
10/29/2017 19:00,25,13,12
10/29/2017 20:00,27,7,20
10/29/2017 21:00,17,5,12
10/29/2017 22:00,10,4,6
10/29/2017 23:00,9,2,7
10/30/2017 0:00,5,1,4
10/30/2017 1:00,1,0,1
10/30/2017 2:00,2,0,2
10/30/2017 3:00,2,1,1
10/30/2017 4:00,8,2,6
10/30/2017 5:00,35,18,17
10/30/2017 6:00,142,82,60
10/30/2017 7:00,377,199,178
10/30/2017 8:00,595,312,283
10/30/2017 9:00,337,159,178
10/30/2017 10:00,122,57,65
10/30/2017 11:00,79,39,40
10/30/2017 12:00,84,36,48
10/30/2017 13:00,102,53,49
10/30/2017 14:00,83,34,49
10/30/2017 15:00,170,68,102
10/30/2017 16:00,327,108,219
10/30/2017 17:00,709,156,553
10/30/2017 18:00,415,118,297
10/30/2017 19:00,173,46,127
10/30/2017 20:00,72,30,42
10/30/2017 21:00,61,18,43
10/30/2017 22:00,28,10,18
10/30/2017 23:00,15,5,10
10/31/2017 0:00,7,3,4
10/31/2017 1:00,7,2,5
10/31/2017 2:00,1,1,0
10/31/2017 3:00,5,2,3
10/31/2017 4:00,12,4,8
10/31/2017 5:00,39,22,17
10/31/2017 6:00,131,74,57
10/31/2017 7:00,404,222,182
10/31/2017 8:00,581,292,289
10/31/2017 9:00,278,134,144
10/31/2017 10:00,117,60,57
10/31/2017 11:00,79,41,38
10/31/2017 12:00,96,50,46
10/31/2017 13:00,134,62,72
10/31/2017 14:00,101,45,56
10/31/2017 15:00,179,63,116
10/31/2017 16:00,407,110,297
10/31/2017 17:00,679,148,531
10/31/2017 18:00,324,102,222
10/31/2017 19:00,116,39,77
10/31/2017 20:00,72,31,41
10/31/2017 21:00,32,13,19
10/31/2017 22:00,40,17,23
10/31/2017 23:00,23,8,15
11/1/2017 0:00,6,1,5
11/1/2017 1:00,14,6,8
11/1/2017 2:00,3,0,3
11/1/2017 3:00,3,0,3
11/1/2017 4:00,10,4,6
11/1/2017 5:00,32,19,13
11/1/2017 6:00,126,66,60
11/1/2017 7:00,370,193,177
11/1/2017 8:00,516,276,240
11/1/2017 9:00,257,126,131
11/1/2017 10:00,104,40,64
11/1/2017 11:00,57,28,29
11/1/2017 12:00,55,21,34
11/1/2017 13:00,64,25,39
11/1/2017 14:00,77,36,41
11/1/2017 15:00,118,47,71
11/1/2017 16:00,289,88,201
11/1/2017 17:00,566,131,435
11/1/2017 18:00,356,107,249
11/1/2017 19:00,131,40,91
11/1/2017 20:00,88,26,62
11/1/2017 21:00,66,30,36
11/1/2017 22:00,34,17,17
11/1/2017 23:00,16,4,12
11/2/2017 0:00,11,3,8
11/2/2017 1:00,7,1,6
11/2/2017 2:00,5,2,3
11/2/2017 3:00,4,2,2
11/2/2017 4:00,8,4,4
11/2/2017 5:00,29,20,9
11/2/2017 6:00,122,58,64
11/2/2017 7:00,294,150,144
11/2/2017 8:00,475,257,218
11/2/2017 9:00,239,115,124
11/2/2017 10:00,79,31,48
11/2/2017 11:00,58,26,32
11/2/2017 12:00,37,18,19
11/2/2017 13:00,39,16,23
11/2/2017 14:00,56,20,36
11/2/2017 15:00,103,36,67
11/2/2017 16:00,222,63,159
11/2/2017 17:00,498,124,374
11/2/2017 18:00,293,72,221
11/2/2017 19:00,139,43,96
11/2/2017 20:00,56,23,33
11/2/2017 21:00,42,8,34
11/2/2017 22:00,39,10,29
11/2/2017 23:00,14,5,9
11/3/2017 0:00,5,2,3
11/3/2017 1:00,4,1,3
11/3/2017 2:00,2,1,1
11/3/2017 3:00,1,1,0
11/3/2017 4:00,5,2,3
11/3/2017 5:00,16,8,8
11/3/2017 6:00,67,38,29
11/3/2017 7:00,209,120,89
11/3/2017 8:00,332,170,162
11/3/2017 9:00,188,93,95
11/3/2017 10:00,71,32,39
11/3/2017 11:00,44,20,24
11/3/2017 12:00,40,20,20
11/3/2017 13:00,42,17,25
11/3/2017 14:00,43,25,18
11/3/2017 15:00,81,25,56
11/3/2017 16:00,163,49,114
11/3/2017 17:00,350,76,274
11/3/2017 18:00,189,56,133
11/3/2017 19:00,59,16,43
11/3/2017 20:00,42,17,25
11/3/2017 21:00,22,10,12
11/3/2017 22:00,10,6,4
11/3/2017 23:00,14,8,6
11/4/2017 0:00,13,6,7
11/4/2017 1:00,4,2,2
11/4/2017 2:00,2,0,2
11/4/2017 3:00,2,1,1
11/4/2017 4:00,3,2,1
11/4/2017 5:00,1,1,0
11/4/2017 6:00,11,6,5
11/4/2017 7:00,16,7,9
11/4/2017 8:00,42,21,21
11/4/2017 9:00,43,25,18
11/4/2017 10:00,62,39,23
11/4/2017 11:00,82,40,42
11/4/2017 12:00,89,51,38
11/4/2017 13:00,87,48,39
11/4/2017 14:00,59,30,29
11/4/2017 15:00,51,30,21
11/4/2017 16:00,60,31,29
11/4/2017 17:00,41,20,21
11/4/2017 18:00,19,8,11
11/4/2017 19:00,17,7,10
11/4/2017 20:00,17,11,6
11/4/2017 21:00,15,6,9
11/4/2017 22:00,17,8,9
11/4/2017 23:00,12,7,5
11/5/2017 0:00,3,0,3
11/5/2017 1:00,4,3,1
11/5/2017 2:00,1,1,0
11/5/2017 3:00,3,1,2
11/5/2017 4:00,3,2,1
11/5/2017 5:00,4,2,2
11/5/2017 6:00,4,2,2
11/5/2017 7:00,8,4,4
11/5/2017 8:00,13,7,6
11/5/2017 9:00,25,14,11
11/5/2017 10:00,20,8,12
11/5/2017 11:00,21,12,9
11/5/2017 12:00,20,10,10
11/5/2017 13:00,22,6,16
11/5/2017 14:00,25,11,14
11/5/2017 15:00,15,8,7
11/5/2017 16:00,26,14,12
11/5/2017 17:00,29,16,13
11/5/2017 18:00,21,12,9
11/5/2017 19:00,9,4,5
11/5/2017 20:00,9,2,7
11/5/2017 21:00,14,8,6
11/5/2017 22:00,8,3,5
11/5/2017 23:00,8,4,4
11/6/2017 0:00,2,2,0
11/6/2017 1:00,0,0,0
11/6/2017 2:00,1,0,1
11/6/2017 3:00,0,0,0
11/6/2017 4:00,0,0,0
11/6/2017 5:00,29,19,10
11/6/2017 6:00,119,69,50
11/6/2017 7:00,377,210,167
11/6/2017 8:00,480,259,221
11/6/2017 9:00,250,120,130
11/6/2017 10:00,86,37,49
11/6/2017 11:00,65,26,39
11/6/2017 12:00,68,30,38
11/6/2017 13:00,101,46,55
11/6/2017 14:00,81,42,39
11/6/2017 15:00,138,49,89
11/6/2017 16:00,263,69,194
11/6/2017 17:00,557,104,453
11/6/2017 18:00,346,100,246
11/6/2017 19:00,122,35,87
11/6/2017 20:00,60,14,46
11/6/2017 21:00,43,16,27
11/6/2017 22:00,23,11,12
11/6/2017 23:00,11,5,6
11/7/2017 0:00,5,3,2
11/7/2017 1:00,3,0,3
11/7/2017 2:00,2,0,2
11/7/2017 3:00,1,0,1
11/7/2017 4:00,9,4,5
11/7/2017 5:00,36,21,15
11/7/2017 6:00,154,77,77
11/7/2017 7:00,372,201,171
11/7/2017 8:00,477,267,210
11/7/2017 9:00,241,115,126
11/7/2017 10:00,94,43,51
11/7/2017 11:00,71,31,40
11/7/2017 12:00,62,32,30
11/7/2017 13:00,65,30,35
11/7/2017 14:00,73,34,39
11/7/2017 15:00,115,44,71
11/7/2017 16:00,293,80,213
11/7/2017 17:00,539,115,424
11/7/2017 18:00,341,92,249
11/7/2017 19:00,151,47,104
11/7/2017 20:00,73,20,53
11/7/2017 21:00,53,20,33
11/7/2017 22:00,27,8,19
11/7/2017 23:00,11,4,7
11/8/2017 0:00,9,4,5
11/8/2017 1:00,2,0,2
11/8/2017 2:00,2,0,2
11/8/2017 3:00,6,3,3
11/8/2017 4:00,5,3,2
11/8/2017 5:00,32,20,12
11/8/2017 6:00,123,71,52
11/8/2017 7:00,357,194,163
11/8/2017 8:00,438,226,212
11/8/2017 9:00,215,99,116
11/8/2017 10:00,88,38,50
11/8/2017 11:00,51,28,23
11/8/2017 12:00,72,42,30
11/8/2017 13:00,67,35,32
11/8/2017 14:00,76,32,44
11/8/2017 15:00,114,48,66
11/8/2017 16:00,228,58,170
11/8/2017 17:00,442,94,348
11/8/2017 18:00,274,79,195
11/8/2017 19:00,127,28,99
11/8/2017 20:00,78,18,60
11/8/2017 21:00,41,15,26
11/8/2017 22:00,17,3,14
11/8/2017 23:00,15,4,11
11/9/2017 0:00,10,4,6
11/9/2017 1:00,2,2,0
11/9/2017 2:00,0,0,0
11/9/2017 3:00,3,1,2
11/9/2017 4:00,3,2,1
11/9/2017 5:00,28,19,9
11/9/2017 6:00,95,50,45
11/9/2017 7:00,263,140,123
11/9/2017 8:00,335,197,138
11/9/2017 9:00,211,111,100
11/9/2017 10:00,69,36,33
11/9/2017 11:00,37,17,20
11/9/2017 12:00,25,16,9
11/9/2017 13:00,34,12,22
11/9/2017 14:00,39,21,18
11/9/2017 15:00,77,32,45
11/9/2017 16:00,187,49,138
11/9/2017 17:00,404,83,321
11/9/2017 18:00,224,51,173
11/9/2017 19:00,125,39,86
11/9/2017 20:00,58,25,33
11/9/2017 21:00,45,17,28
11/9/2017 22:00,33,7,26
11/9/2017 23:00,19,4,15
11/10/2017 0:00,12,6,6
11/10/2017 1:00,3,2,1
11/10/2017 2:00,6,2,4
11/10/2017 3:00,4,3,1
11/10/2017 4:00,7,2,5
11/10/2017 5:00,16,12,4
11/10/2017 6:00,63,34,29
11/10/2017 7:00,204,105,99
11/10/2017 8:00,320,172,148
11/10/2017 9:00,176,82,94
11/10/2017 10:00,86,39,47
11/10/2017 11:00,78,40,38
11/10/2017 12:00,77,31,46
11/10/2017 13:00,116,57,59
11/10/2017 14:00,119,56,63
11/10/2017 15:00,173,73,100
11/10/2017 16:00,239,64,175
11/10/2017 17:00,326,79,247
11/10/2017 18:00,186,45,141
11/10/2017 19:00,85,26,59
11/10/2017 20:00,35,13,22
11/10/2017 21:00,31,6,25
11/10/2017 22:00,23,8,15
11/10/2017 23:00,23,10,13
11/11/2017 0:00,10,2,8
11/11/2017 1:00,10,5,5
11/11/2017 2:00,4,2,2
11/11/2017 3:00,0,0,0
11/11/2017 4:00,3,2,1
11/11/2017 5:00,2,0,2
11/11/2017 6:00,8,4,4
11/11/2017 7:00,23,12,11
11/11/2017 8:00,60,25,35
11/11/2017 9:00,53,27,26
11/11/2017 10:00,47,26,21
11/11/2017 11:00,53,33,20
11/11/2017 12:00,39,19,20
11/11/2017 13:00,30,14,16
11/11/2017 14:00,38,13,25
11/11/2017 15:00,72,28,44
11/11/2017 16:00,41,20,21
11/11/2017 17:00,26,11,15
11/11/2017 18:00,41,22,19
11/11/2017 19:00,18,11,7
11/11/2017 20:00,27,11,16
11/11/2017 21:00,13,5,8
11/11/2017 22:00,20,4,16
11/11/2017 23:00,13,7,6
11/12/2017 0:00,17,9,8
11/12/2017 1:00,5,4,1
11/12/2017 2:00,3,1,2
11/12/2017 3:00,0,0,0
11/12/2017 4:00,3,2,1
11/12/2017 5:00,3,3,0
11/12/2017 6:00,5,3,2
11/12/2017 7:00,5,1,4
11/12/2017 8:00,21,12,9
11/12/2017 9:00,33,21,12
11/12/2017 10:00,45,23,22
11/12/2017 11:00,83,43,40
11/12/2017 12:00,64,35,29
11/12/2017 13:00,82,42,40
11/12/2017 14:00,47,27,20
11/12/2017 15:00,32,18,14
11/12/2017 16:00,35,18,17
11/12/2017 17:00,31,14,17
11/12/2017 18:00,18,8,10
11/12/2017 19:00,14,5,9
11/12/2017 20:00,13,6,7
11/12/2017 21:00,7,3,4
11/12/2017 22:00,4,2,2
11/12/2017 23:00,9,1,8
11/13/2017 0:00,1,1,0
11/13/2017 1:00,2,0,2
11/13/2017 2:00,0,0,0
11/13/2017 3:00,1,0,1
11/13/2017 4:00,3,1,2
11/13/2017 5:00,24,12,12
11/13/2017 6:00,87,56,31
11/13/2017 7:00,246,126,120
11/13/2017 8:00,386,211,175
11/13/2017 9:00,184,92,92
11/13/2017 10:00,70,30,40
11/13/2017 11:00,41,20,21
11/13/2017 12:00,42,21,21
11/13/2017 13:00,48,24,24
11/13/2017 14:00,52,30,22
11/13/2017 15:00,83,21,62
11/13/2017 16:00,140,33,107
11/13/2017 17:00,322,48,274
11/13/2017 18:00,188,53,135
11/13/2017 19:00,66,16,50
11/13/2017 20:00,41,11,30
11/13/2017 21:00,27,12,15
11/13/2017 22:00,14,6,8
11/13/2017 23:00,9,4,5
11/14/2017 0:00,5,1,4
11/14/2017 1:00,2,0,2
11/14/2017 2:00,3,1,2
11/14/2017 3:00,3,0,3
11/14/2017 4:00,7,3,4
11/14/2017 5:00,20,16,4
11/14/2017 6:00,88,47,41
11/14/2017 7:00,260,129,131
11/14/2017 8:00,397,210,187
11/14/2017 9:00,181,79,102
11/14/2017 10:00,73,38,35
11/14/2017 11:00,44,22,22
11/14/2017 12:00,50,25,25
11/14/2017 13:00,47,15,32
11/14/2017 14:00,51,24,27
11/14/2017 15:00,89,30,59
11/14/2017 16:00,199,52,147
11/14/2017 17:00,422,95,327
11/14/2017 18:00,261,67,194
11/14/2017 19:00,128,40,88
11/14/2017 20:00,73,22,51
11/14/2017 21:00,43,18,25
11/14/2017 22:00,26,16,10
11/14/2017 23:00,10,4,6
11/15/2017 0:00,5,1,4
11/15/2017 1:00,0,0,0
11/15/2017 2:00,3,2,1
11/15/2017 3:00,1,1,0
11/15/2017 4:00,8,4,4
11/15/2017 5:00,28,19,9
11/15/2017 6:00,87,48,39
11/15/2017 7:00,229,123,106
11/15/2017 8:00,277,138,139
11/15/2017 9:00,171,80,91
11/15/2017 10:00,82,41,41
11/15/2017 11:00,28,15,13
11/15/2017 12:00,45,23,22
11/15/2017 13:00,41,19,22
11/15/2017 14:00,49,26,23
11/15/2017 15:00,84,34,50
11/15/2017 16:00,187,56,131
11/15/2017 17:00,391,94,297
11/15/2017 18:00,250,68,182
11/15/2017 19:00,105,36,69
11/15/2017 20:00,75,21,54
11/15/2017 21:00,33,13,20
11/15/2017 22:00,21,9,12
11/15/2017 23:00,15,4,11
11/16/2017 0:00,7,0,7
11/16/2017 1:00,1,0,1
11/16/2017 2:00,2,0,2
11/16/2017 3:00,3,2,1
11/16/2017 4:00,6,2,4
11/16/2017 5:00,34,22,12
11/16/2017 6:00,99,52,47
11/16/2017 7:00,316,162,154
11/16/2017 8:00,371,194,177
11/16/2017 9:00,207,103,104
11/16/2017 10:00,73,33,40
11/16/2017 11:00,47,22,25
11/16/2017 12:00,28,12,16
11/16/2017 13:00,37,16,21
11/16/2017 14:00,57,23,34
11/16/2017 15:00,78,27,51
11/16/2017 16:00,209,59,150
11/16/2017 17:00,429,81,348
11/16/2017 18:00,278,72,206
11/16/2017 19:00,122,28,94
11/16/2017 20:00,59,20,39
11/16/2017 21:00,49,19,30
11/16/2017 22:00,26,12,14
11/16/2017 23:00,16,7,9
11/17/2017 0:00,9,1,8
11/17/2017 1:00,2,1,1
11/17/2017 2:00,1,0,1
11/17/2017 3:00,4,3,1
11/17/2017 4:00,9,5,4
11/17/2017 5:00,24,17,7
11/17/2017 6:00,106,46,60
11/17/2017 7:00,279,150,129
11/17/2017 8:00,389,205,184
11/17/2017 9:00,207,102,105
11/17/2017 10:00,99,49,50
11/17/2017 11:00,74,39,35
11/17/2017 12:00,83,36,47
11/17/2017 13:00,94,45,49
11/17/2017 14:00,107,46,61
11/17/2017 15:00,126,52,74
11/17/2017 16:00,247,58,189
11/17/2017 17:00,423,100,323
11/17/2017 18:00,230,57,173
11/17/2017 19:00,102,22,80
11/17/2017 20:00,52,15,37
11/17/2017 21:00,38,15,23
11/17/2017 22:00,36,13,23
11/17/2017 23:00,20,10,10
11/18/2017 0:00,27,10,17
11/18/2017 1:00,10,5,5
11/18/2017 2:00,7,5,2
11/18/2017 3:00,1,1,0
11/18/2017 4:00,7,4,3
11/18/2017 5:00,6,2,4
11/18/2017 6:00,13,7,6
11/18/2017 7:00,28,11,17
11/18/2017 8:00,77,35,42
11/18/2017 9:00,97,53,44
11/18/2017 10:00,89,53,36
11/18/2017 11:00,91,52,39
11/18/2017 12:00,132,61,71
11/18/2017 13:00,167,76,91
11/18/2017 14:00,188,88,100
11/18/2017 15:00,148,73,75
11/18/2017 16:00,114,61,53
11/18/2017 17:00,78,33,45
11/18/2017 18:00,62,28,34
11/18/2017 19:00,30,10,20
11/18/2017 20:00,21,5,16
11/18/2017 21:00,31,12,19
11/18/2017 22:00,19,6,13
11/18/2017 23:00,37,18,19
11/19/2017 0:00,22,10,12
11/19/2017 1:00,11,7,4
11/19/2017 2:00,9,6,3
11/19/2017 3:00,1,1,0
11/19/2017 4:00,3,1,2
11/19/2017 5:00,4,4,0
11/19/2017 6:00,8,3,5
11/19/2017 7:00,20,10,10
11/19/2017 8:00,53,26,27
11/19/2017 9:00,60,19,41
11/19/2017 10:00,75,43,32
11/19/2017 11:00,77,53,24
11/19/2017 12:00,77,47,30
11/19/2017 13:00,79,41,38
11/19/2017 14:00,61,24,37
11/19/2017 15:00,39,17,22
11/19/2017 16:00,27,14,13
11/19/2017 17:00,17,11,6
11/19/2017 18:00,19,10,9
11/19/2017 19:00,16,8,8
11/19/2017 20:00,7,4,3
11/19/2017 21:00,8,5,3
11/19/2017 22:00,6,5,1
11/19/2017 23:00,5,3,2
11/20/2017 0:00,3,1,2
11/20/2017 1:00,2,1,1
11/20/2017 2:00,1,0,1
11/20/2017 3:00,1,1,0
11/20/2017 4:00,8,5,3
11/20/2017 5:00,26,15,11
11/20/2017 6:00,89,51,38
11/20/2017 7:00,191,110,81
11/20/2017 8:00,263,146,117
11/20/2017 9:00,164,83,81
11/20/2017 10:00,65,27,38
11/20/2017 11:00,43,17,26
11/20/2017 12:00,49,24,25
11/20/2017 13:00,51,28,23
11/20/2017 14:00,39,19,20
11/20/2017 15:00,73,21,52
11/20/2017 16:00,162,41,121
11/20/2017 17:00,339,67,272
11/20/2017 18:00,217,47,170
11/20/2017 19:00,107,32,75
11/20/2017 20:00,37,13,24
11/20/2017 21:00,28,9,19
11/20/2017 22:00,24,11,13
11/20/2017 23:00,6,1,5
11/21/2017 0:00,7,1,6
11/21/2017 1:00,3,3,0
11/21/2017 2:00,1,0,1
11/21/2017 3:00,2,2,0
11/21/2017 4:00,10,3,7
11/21/2017 5:00,28,17,11
11/21/2017 6:00,68,33,35
11/21/2017 7:00,184,95,89
11/21/2017 8:00,253,137,116
11/21/2017 9:00,146,65,81
11/21/2017 10:00,37,15,22
11/21/2017 11:00,30,11,19
11/21/2017 12:00,24,11,13
11/21/2017 13:00,35,13,22
11/21/2017 14:00,35,18,17
11/21/2017 15:00,54,22,32
11/21/2017 16:00,139,43,96
11/21/2017 17:00,310,48,262
11/21/2017 18:00,188,49,139
11/21/2017 19:00,84,26,58
11/21/2017 20:00,33,11,22
11/21/2017 21:00,20,10,10
11/21/2017 22:00,12,6,6
11/21/2017 23:00,4,2,2
11/22/2017 0:00,3,0,3
11/22/2017 1:00,2,1,1
11/22/2017 2:00,3,1,2
11/22/2017 3:00,3,2,1
11/22/2017 4:00,5,2,3
11/22/2017 5:00,23,11,12
11/22/2017 6:00,69,41,28
11/22/2017 7:00,200,103,97
11/22/2017 8:00,255,138,117
11/22/2017 9:00,152,71,81
11/22/2017 10:00,77,45,32
11/22/2017 11:00,55,27,28
11/22/2017 12:00,58,18,40
11/22/2017 13:00,73,28,45
11/22/2017 14:00,114,42,72
11/22/2017 15:00,151,46,105
11/22/2017 16:00,215,67,148
11/22/2017 17:00,229,59,170
11/22/2017 18:00,115,46,69
11/22/2017 19:00,57,25,32
11/22/2017 20:00,34,16,18
11/22/2017 21:00,17,4,13
11/22/2017 22:00,6,1,5
11/22/2017 23:00,6,4,2
11/23/2017 0:00,3,1,2
11/23/2017 1:00,4,2,2
11/23/2017 2:00,8,5,3
11/23/2017 3:00,4,3,1
11/23/2017 4:00,1,0,1
11/23/2017 5:00,2,1,1
11/23/2017 6:00,7,3,4
11/23/2017 7:00,11,8,3
11/23/2017 8:00,23,10,13
11/23/2017 9:00,25,13,12
11/23/2017 10:00,26,14,12
11/23/2017 11:00,35,14,21
11/23/2017 12:00,16,6,10
11/23/2017 13:00,18,12,6
11/23/2017 14:00,40,25,15
11/23/2017 15:00,29,17,12
11/23/2017 16:00,11,4,7
11/23/2017 17:00,20,9,11
11/23/2017 18:00,12,5,7
11/23/2017 19:00,8,1,7
11/23/2017 20:00,40,7,33
11/23/2017 21:00,14,4,10
11/23/2017 22:00,8,3,5
11/23/2017 23:00,5,1,4
11/24/2017 0:00,9,4,5
11/24/2017 1:00,2,1,1
11/24/2017 2:00,4,0,4
11/24/2017 3:00,0,0,0
11/24/2017 4:00,5,2,3
11/24/2017 5:00,9,6,3
11/24/2017 6:00,23,8,15
11/24/2017 7:00,29,12,17
11/24/2017 8:00,52,27,25
11/24/2017 9:00,56,26,30
11/24/2017 10:00,65,34,31
11/24/2017 11:00,96,58,38
11/24/2017 12:00,69,41,28
11/24/2017 13:00,88,58,30
11/24/2017 14:00,71,34,37
11/24/2017 15:00,74,30,44
11/24/2017 16:00,67,27,40
11/24/2017 17:00,32,10,22
11/24/2017 18:00,37,15,22
11/24/2017 19:00,17,8,9
11/24/2017 20:00,14,6,8
11/24/2017 21:00,29,15,14
11/24/2017 22:00,5,2,3
11/24/2017 23:00,10,2,8
11/25/2017 0:00,8,6,2
11/25/2017 1:00,10,7,3
11/25/2017 2:00,0,0,0
11/25/2017 3:00,1,1,0
11/25/2017 4:00,3,2,1
11/25/2017 5:00,10,3,7
11/25/2017 6:00,11,4,7
11/25/2017 7:00,17,12,5
11/25/2017 8:00,49,24,25
11/25/2017 9:00,53,29,24
11/25/2017 10:00,82,49,33
11/25/2017 11:00,79,38,41
11/25/2017 12:00,101,60,41
11/25/2017 13:00,104,45,59
11/25/2017 14:00,74,36,38
11/25/2017 15:00,73,33,40
11/25/2017 16:00,42,14,28
11/25/2017 17:00,34,18,16
11/25/2017 18:00,17,7,10
11/25/2017 19:00,11,4,7
11/25/2017 20:00,25,12,13
11/25/2017 21:00,21,6,15
11/25/2017 22:00,15,6,9
11/25/2017 23:00,18,4,14
11/26/2017 0:00,5,2,3
11/26/2017 1:00,0,0,0
11/26/2017 2:00,1,1,0
11/26/2017 3:00,2,2,0
11/26/2017 4:00,3,1,2
11/26/2017 5:00,2,2,0
11/26/2017 6:00,9,2,7
11/26/2017 7:00,9,7,2
11/26/2017 8:00,17,9,8
11/26/2017 9:00,28,16,12
11/26/2017 10:00,55,26,29
11/26/2017 11:00,70,34,36
11/26/2017 12:00,50,25,25
11/26/2017 13:00,19,8,11
11/26/2017 14:00,32,15,17
11/26/2017 15:00,22,16,6
11/26/2017 16:00,33,16,17
11/26/2017 17:00,25,9,16
11/26/2017 18:00,17,9,8
11/26/2017 19:00,16,6,10
11/26/2017 20:00,10,5,5
11/26/2017 21:00,8,5,3
11/26/2017 22:00,4,2,2
11/26/2017 23:00,5,1,4
11/27/2017 0:00,1,0,1
11/27/2017 1:00,1,0,1
11/27/2017 2:00,1,0,1
11/27/2017 3:00,0,0,0
11/27/2017 4:00,8,3,5
11/27/2017 5:00,41,28,13
11/27/2017 6:00,124,65,59
11/27/2017 7:00,342,200,142
11/27/2017 8:00,493,258,235
11/27/2017 9:00,199,90,109
11/27/2017 10:00,98,45,53
11/27/2017 11:00,38,17,21
11/27/2017 12:00,57,27,30
11/27/2017 13:00,58,26,32
11/27/2017 14:00,74,27,47
11/27/2017 15:00,112,42,70
11/27/2017 16:00,288,73,215
11/27/2017 17:00,529,104,425
11/27/2017 18:00,339,93,246
11/27/2017 19:00,143,45,98
11/27/2017 20:00,66,21,45
11/27/2017 21:00,47,20,27
11/27/2017 22:00,20,5,15
11/27/2017 23:00,19,8,11
11/28/2017 0:00,5,0,5
11/28/2017 1:00,2,0,2
11/28/2017 2:00,4,1,3
11/28/2017 3:00,2,1,1
11/28/2017 4:00,9,5,4
11/28/2017 5:00,26,13,13
11/28/2017 6:00,96,48,48
11/28/2017 7:00,290,157,133
11/28/2017 8:00,361,183,178
11/28/2017 9:00,184,89,95
11/28/2017 10:00,61,26,35
11/28/2017 11:00,26,12,14
11/28/2017 12:00,36,18,18
11/28/2017 13:00,31,9,22
11/28/2017 14:00,39,21,18
11/28/2017 15:00,75,33,42
11/28/2017 16:00,184,49,135
11/28/2017 17:00,405,86,319
11/28/2017 18:00,284,60,224
11/28/2017 19:00,90,27,63
11/28/2017 20:00,52,14,38
11/28/2017 21:00,41,10,31
11/28/2017 22:00,22,8,14
11/28/2017 23:00,6,1,5
11/29/2017 0:00,7,2,5
11/29/2017 1:00,4,2,2
11/29/2017 2:00,5,2,3
11/29/2017 3:00,4,2,2
11/29/2017 4:00,8,2,6
11/29/2017 5:00,37,20,17
11/29/2017 6:00,134,78,56
11/29/2017 7:00,328,187,141
11/29/2017 8:00,431,239,192
11/29/2017 9:00,260,123,137
11/29/2017 10:00,86,35,51
11/29/2017 11:00,59,34,25
11/29/2017 12:00,65,21,44
11/29/2017 13:00,83,35,48
11/29/2017 14:00,84,40,44
11/29/2017 15:00,149,63,86
11/29/2017 16:00,277,81,196
11/29/2017 17:00,496,113,383
11/29/2017 18:00,311,88,223
11/29/2017 19:00,122,32,90
11/29/2017 20:00,91,35,56
11/29/2017 21:00,40,19,21
11/29/2017 22:00,19,5,14
11/29/2017 23:00,19,8,11
11/30/2017 0:00,13,2,11
11/30/2017 1:00,2,1,1
11/30/2017 2:00,2,1,1
11/30/2017 3:00,2,2,0
11/30/2017 4:00,9,4,5
11/30/2017 5:00,36,24,12
11/30/2017 6:00,97,53,44
11/30/2017 7:00,229,123,106
11/30/2017 8:00,286,162,124
11/30/2017 9:00,158,84,74
11/30/2017 10:00,55,28,27
11/30/2017 11:00,37,19,18
11/30/2017 12:00,36,17,19
11/30/2017 13:00,45,23,22
11/30/2017 14:00,49,26,23
11/30/2017 15:00,80,36,44
11/30/2017 16:00,189,58,131
11/30/2017 17:00,328,74,254
11/30/2017 18:00,200,50,150
11/30/2017 19:00,98,28,70
11/30/2017 20:00,47,16,31
11/30/2017 21:00,39,14,25
11/30/2017 22:00,28,12,16
11/30/2017 23:00,9,5,4
12/1/2017 0:00,11,4,7
12/1/2017 1:00,6,3,3
12/1/2017 2:00,6,1,5
12/1/2017 3:00,4,3,1
12/1/2017 4:00,4,2,2
12/1/2017 5:00,30,20,10
12/1/2017 6:00,74,38,36
12/1/2017 7:00,212,118,94
12/1/2017 8:00,344,193,151
12/1/2017 9:00,202,96,106
12/1/2017 10:00,83,43,40
12/1/2017 11:00,72,33,39
12/1/2017 12:00,53,21,32
12/1/2017 13:00,63,26,37
12/1/2017 14:00,45,13,32
12/1/2017 15:00,78,26,52
12/1/2017 16:00,188,49,139
12/1/2017 17:00,400,85,315
12/1/2017 18:00,178,44,134
12/1/2017 19:00,73,20,53
12/1/2017 20:00,30,7,23
12/1/2017 21:00,30,11,19
12/1/2017 22:00,20,9,11
12/1/2017 23:00,15,9,6
12/2/2017 0:00,15,5,10
12/2/2017 1:00,15,3,12
12/2/2017 2:00,2,1,1
12/2/2017 3:00,2,2,0
12/2/2017 4:00,1,0,1
12/2/2017 5:00,2,1,1
12/2/2017 6:00,11,10,1
12/2/2017 7:00,10,5,5
12/2/2017 8:00,34,16,18
12/2/2017 9:00,31,15,16
12/2/2017 10:00,23,16,7
12/2/2017 11:00,29,18,11
12/2/2017 12:00,27,17,10
12/2/2017 13:00,28,13,15
12/2/2017 14:00,20,6,14
12/2/2017 15:00,26,16,10
12/2/2017 16:00,16,7,9
12/2/2017 17:00,22,5,17
12/2/2017 18:00,27,20,7
12/2/2017 19:00,13,5,8
12/2/2017 20:00,5,3,2
12/2/2017 21:00,6,3,3
12/2/2017 22:00,10,3,7
12/2/2017 23:00,8,3,5
12/3/2017 0:00,5,1,4
12/3/2017 1:00,3,2,1
12/3/2017 2:00,3,3,0
12/3/2017 3:00,6,4,2
12/3/2017 4:00,4,2,2
12/3/2017 5:00,3,1,2
12/3/2017 6:00,8,5,3
12/3/2017 7:00,14,7,7
12/3/2017 8:00,44,26,18
12/3/2017 9:00,40,21,19
12/3/2017 10:00,72,41,31
12/3/2017 11:00,103,56,47
12/3/2017 12:00,68,37,31
12/3/2017 13:00,97,49,48
12/3/2017 14:00,84,48,36
12/3/2017 15:00,81,36,45
12/3/2017 16:00,56,26,30
12/3/2017 17:00,27,12,15
12/3/2017 18:00,18,6,12
12/3/2017 19:00,22,10,12
12/3/2017 20:00,11,1,10
12/3/2017 21:00,9,0,9
12/3/2017 22:00,11,5,6
12/3/2017 23:00,8,6,2
12/4/2017 0:00,4,0,4
12/4/2017 1:00,1,0,1
12/4/2017 2:00,0,0,0
12/4/2017 3:00,2,0,2
12/4/2017 4:00,9,3,6
12/4/2017 5:00,45,26,19
12/4/2017 6:00,96,55,41
12/4/2017 7:00,269,157,112
12/4/2017 8:00,441,245,196
12/4/2017 9:00,247,122,125
12/4/2017 10:00,90,43,47
12/4/2017 11:00,52,25,27
12/4/2017 12:00,59,28,31
12/4/2017 13:00,69,33,36
12/4/2017 14:00,71,23,48
12/4/2017 15:00,112,40,72
12/4/2017 16:00,228,56,172
12/4/2017 17:00,501,110,391
12/4/2017 18:00,334,89,245
12/4/2017 19:00,158,40,118
12/4/2017 20:00,57,16,41
12/4/2017 21:00,30,12,18
12/4/2017 22:00,27,9,18
12/4/2017 23:00,11,3,8
12/5/2017 0:00,3,1,2
12/5/2017 1:00,6,2,4
12/5/2017 2:00,4,2,2
12/5/2017 3:00,3,2,1
12/5/2017 4:00,9,3,6
12/5/2017 5:00,34,21,13
12/5/2017 6:00,116,65,51
12/5/2017 7:00,285,161,124
12/5/2017 8:00,414,215,199
12/5/2017 9:00,248,122,126
12/5/2017 10:00,93,47,46
12/5/2017 11:00,64,40,24
12/5/2017 12:00,63,34,29
12/5/2017 13:00,61,36,25
12/5/2017 14:00,91,41,50
12/5/2017 15:00,125,58,67
12/5/2017 16:00,239,70,169
12/5/2017 17:00,485,109,376
12/5/2017 18:00,323,92,231
12/5/2017 19:00,119,38,81
12/5/2017 20:00,68,22,46
12/5/2017 21:00,48,14,34
12/5/2017 22:00,33,15,18
12/5/2017 23:00,15,4,11
12/6/2017 0:00,6,1,5
12/6/2017 1:00,1,0,1
12/6/2017 2:00,3,1,2
12/6/2017 3:00,2,1,1
12/6/2017 4:00,7,3,4
12/6/2017 5:00,35,22,13
12/6/2017 6:00,98,58,40
12/6/2017 7:00,319,170,149
12/6/2017 8:00,396,206,190
12/6/2017 9:00,230,110,120
12/6/2017 10:00,113,54,59
12/6/2017 11:00,61,28,33
12/6/2017 12:00,70,34,36
12/6/2017 13:00,95,50,45
12/6/2017 14:00,87,41,46
12/6/2017 15:00,120,51,69
12/6/2017 16:00,258,77,181
12/6/2017 17:00,420,103,317
12/6/2017 18:00,287,81,206
12/6/2017 19:00,122,23,99
12/6/2017 20:00,75,17,58
12/6/2017 21:00,54,14,40
12/6/2017 22:00,31,10,21
12/6/2017 23:00,12,3,9
12/7/2017 0:00,11,5,6
12/7/2017 1:00,9,4,5
12/7/2017 2:00,3,2,1
12/7/2017 3:00,2,2,0
12/7/2017 4:00,7,3,4
12/7/2017 5:00,32,19,13
12/7/2017 6:00,87,55,32
12/7/2017 7:00,254,145,109
12/7/2017 8:00,389,193,196
12/7/2017 9:00,194,85,109
12/7/2017 10:00,95,47,48
12/7/2017 11:00,73,45,28
12/7/2017 12:00,64,30,34
12/7/2017 13:00,89,46,43
12/7/2017 14:00,78,40,38
12/7/2017 15:00,124,46,78
12/7/2017 16:00,243,87,156
12/7/2017 17:00,385,94,291
12/7/2017 18:00,271,62,209
12/7/2017 19:00,121,31,90
12/7/2017 20:00,60,15,45
12/7/2017 21:00,51,15,36
12/7/2017 22:00,31,8,23
12/7/2017 23:00,17,4,13
12/8/2017 0:00,7,3,4
12/8/2017 1:00,1,1,0
12/8/2017 2:00,4,3,1
12/8/2017 3:00,4,1,3
12/8/2017 4:00,7,3,4
12/8/2017 5:00,25,14,11
12/8/2017 6:00,56,28,28
12/8/2017 7:00,170,96,74
12/8/2017 8:00,296,158,138
12/8/2017 9:00,164,66,98
12/8/2017 10:00,88,42,46
12/8/2017 11:00,68,30,38
12/8/2017 12:00,54,22,32
12/8/2017 13:00,67,32,35
12/8/2017 14:00,80,39,41
12/8/2017 15:00,106,38,68
12/8/2017 16:00,224,61,163
12/8/2017 17:00,310,73,237
12/8/2017 18:00,187,39,148
12/8/2017 19:00,62,15,47
12/8/2017 20:00,41,16,25
12/8/2017 21:00,25,8,17
12/8/2017 22:00,13,3,10
12/8/2017 23:00,21,9,12
12/9/2017 0:00,18,5,13
12/9/2017 1:00,3,2,1
12/9/2017 2:00,3,2,1
12/9/2017 3:00,6,2,4
12/9/2017 4:00,6,4,2
12/9/2017 5:00,5,3,2
12/9/2017 6:00,7,4,3
12/9/2017 7:00,15,9,6
12/9/2017 8:00,30,15,15
12/9/2017 9:00,37,23,14
12/9/2017 10:00,44,21,23
12/9/2017 11:00,61,31,30
12/9/2017 12:00,85,45,40
12/9/2017 13:00,80,37,43
12/9/2017 14:00,95,44,51
12/9/2017 15:00,101,56,45
12/9/2017 16:00,66,28,38
12/9/2017 17:00,39,17,22
12/9/2017 18:00,27,10,17
12/9/2017 19:00,23,7,16
12/9/2017 20:00,12,4,8
12/9/2017 21:00,12,6,6
12/9/2017 22:00,19,6,13
12/9/2017 23:00,16,3,13
12/10/2017 0:00,11,5,6
12/10/2017 1:00,12,5,7
12/10/2017 2:00,3,2,1
12/10/2017 3:00,0,0,0
12/10/2017 4:00,5,2,3
12/10/2017 5:00,4,3,1
12/10/2017 6:00,4,1,3
12/10/2017 7:00,18,10,8
12/10/2017 8:00,24,14,10
12/10/2017 9:00,28,9,19
12/10/2017 10:00,46,22,24
12/10/2017 11:00,91,49,42
12/10/2017 12:00,78,41,37
12/10/2017 13:00,115,66,49
12/10/2017 14:00,121,64,57
12/10/2017 15:00,125,64,61
12/10/2017 16:00,71,37,34
12/10/2017 17:00,35,15,20
12/10/2017 18:00,41,19,22
12/10/2017 19:00,22,8,14
12/10/2017 20:00,11,4,7
12/10/2017 21:00,17,11,6
12/10/2017 22:00,9,2,7
12/10/2017 23:00,6,2,4
12/11/2017 0:00,5,0,5
12/11/2017 1:00,0,0,0
12/11/2017 2:00,1,1,0
12/11/2017 3:00,1,0,1
12/11/2017 4:00,8,3,5
12/11/2017 5:00,28,15,13
12/11/2017 6:00,91,47,44
12/11/2017 7:00,219,114,105
12/11/2017 8:00,363,197,166
12/11/2017 9:00,207,91,116
12/11/2017 10:00,68,26,42
12/11/2017 11:00,50,23,27
12/11/2017 12:00,64,29,35
12/11/2017 13:00,47,25,22
12/11/2017 14:00,68,26,42
12/11/2017 15:00,96,34,62
12/11/2017 16:00,220,57,163
12/11/2017 17:00,400,81,319
12/11/2017 18:00,250,62,188
12/11/2017 19:00,103,28,75
12/11/2017 20:00,51,15,36
12/11/2017 21:00,39,10,29
12/11/2017 22:00,21,4,17
12/11/2017 23:00,10,5,5
12/12/2017 0:00,3,1,2
12/12/2017 1:00,2,1,1
12/12/2017 2:00,2,0,2
12/12/2017 3:00,4,2,2
12/12/2017 4:00,12,5,7
12/12/2017 5:00,32,20,12
12/12/2017 6:00,98,55,43
12/12/2017 7:00,254,141,113
12/12/2017 8:00,391,209,182
12/12/2017 9:00,214,106,108
12/12/2017 10:00,107,44,63
12/12/2017 11:00,56,29,27
12/12/2017 12:00,55,30,25
12/12/2017 13:00,71,35,36
12/12/2017 14:00,48,15,33
12/12/2017 15:00,118,48,70
12/12/2017 16:00,217,66,151
12/12/2017 17:00,400,69,331
12/12/2017 18:00,280,85,195
12/12/2017 19:00,148,37,111
12/12/2017 20:00,67,27,40
12/12/2017 21:00,35,13,22
12/12/2017 22:00,23,10,13
12/12/2017 23:00,8,3,5
12/13/2017 0:00,5,0,5
12/13/2017 1:00,3,1,2
12/13/2017 2:00,3,2,1
12/13/2017 3:00,3,1,2
12/13/2017 4:00,7,3,4
12/13/2017 5:00,32,22,10
12/13/2017 6:00,92,50,42
12/13/2017 7:00,274,147,127
12/13/2017 8:00,392,226,166
12/13/2017 9:00,240,102,138
12/13/2017 10:00,95,41,54
12/13/2017 11:00,54,32,22
12/13/2017 12:00,60,29,31
12/13/2017 13:00,69,24,45
12/13/2017 14:00,100,40,60
12/13/2017 15:00,115,39,76
12/13/2017 16:00,219,63,156
12/13/2017 17:00,419,89,330
12/13/2017 18:00,280,85,195
12/13/2017 19:00,130,33,97
12/13/2017 20:00,62,13,49
12/13/2017 21:00,49,13,36
12/13/2017 22:00,21,9,12
12/13/2017 23:00,17,4,13
12/14/2017 0:00,7,0,7
12/14/2017 1:00,4,4,0
12/14/2017 2:00,3,2,1
12/14/2017 3:00,3,2,1
12/14/2017 4:00,3,1,2
12/14/2017 5:00,36,18,18
12/14/2017 6:00,97,51,46
12/14/2017 7:00,253,147,106
12/14/2017 8:00,373,194,179
12/14/2017 9:00,204,92,112
12/14/2017 10:00,97,52,45
12/14/2017 11:00,58,28,30
12/14/2017 12:00,44,20,24
12/14/2017 13:00,64,26,38
12/14/2017 14:00,85,41,44
12/14/2017 15:00,110,45,65
12/14/2017 16:00,238,64,174
12/14/2017 17:00,406,105,301
12/14/2017 18:00,239,61,178
12/14/2017 19:00,104,36,68
12/14/2017 20:00,52,13,39
12/14/2017 21:00,44,13,31
12/14/2017 22:00,29,9,20
12/14/2017 23:00,16,8,8
12/15/2017 0:00,9,5,4
12/15/2017 1:00,10,3,7
12/15/2017 2:00,3,2,1
12/15/2017 3:00,4,0,4
12/15/2017 4:00,6,2,4
12/15/2017 5:00,27,14,13
12/15/2017 6:00,62,39,23
12/15/2017 7:00,191,106,85
12/15/2017 8:00,298,164,134
12/15/2017 9:00,154,78,76
12/15/2017 10:00,87,38,49
12/15/2017 11:00,56,24,32
12/15/2017 12:00,55,27,28
12/15/2017 13:00,52,18,34
12/15/2017 14:00,62,20,42
12/15/2017 15:00,80,31,49
12/15/2017 16:00,189,46,143
12/15/2017 17:00,296,68,228
12/15/2017 18:00,152,49,103
12/15/2017 19:00,70,20,50
12/15/2017 20:00,13,9,4
12/15/2017 21:00,28,14,14
12/15/2017 22:00,19,12,7
12/15/2017 23:00,19,11,8
12/16/2017 0:00,8,5,3
12/16/2017 1:00,6,3,3
12/16/2017 2:00,6,4,2
12/16/2017 3:00,1,0,1
12/16/2017 4:00,4,2,2
12/16/2017 5:00,8,5,3
12/16/2017 6:00,10,6,4
12/16/2017 7:00,20,11,9
12/16/2017 8:00,40,14,26
12/16/2017 9:00,38,19,19
12/16/2017 10:00,44,24,20
12/16/2017 11:00,83,46,37
12/16/2017 12:00,79,48,31
12/16/2017 13:00,78,41,37
12/16/2017 14:00,91,39,52
12/16/2017 15:00,67,35,32
12/16/2017 16:00,57,25,32
12/16/2017 17:00,53,28,25
12/16/2017 18:00,33,19,14
12/16/2017 19:00,30,13,17
12/16/2017 20:00,21,6,15
12/16/2017 21:00,14,5,9
12/16/2017 22:00,2,2,0
12/16/2017 23:00,13,6,7
12/17/2017 0:00,3,0,3
12/17/2017 1:00,2,1,1
12/17/2017 2:00,10,8,2
12/17/2017 3:00,1,1,0
12/17/2017 4:00,3,2,1
12/17/2017 5:00,5,4,1
12/17/2017 6:00,4,2,2
12/17/2017 7:00,7,4,3
12/17/2017 8:00,18,11,7
12/17/2017 9:00,27,16,11
12/17/2017 10:00,43,27,16
12/17/2017 11:00,43,26,17
12/17/2017 12:00,44,23,21
12/17/2017 13:00,52,27,25
12/17/2017 14:00,46,25,21
12/17/2017 15:00,30,14,16
12/17/2017 16:00,32,16,16
12/17/2017 17:00,30,12,18
12/17/2017 18:00,22,8,14
12/17/2017 19:00,19,10,9
12/17/2017 20:00,8,3,5
12/17/2017 21:00,10,4,6
12/17/2017 22:00,5,2,3
12/17/2017 23:00,5,0,5
12/18/2017 0:00,1,1,0
12/18/2017 1:00,2,1,1
12/18/2017 2:00,1,1,0
12/18/2017 3:00,3,1,2
12/18/2017 4:00,6,2,4
12/18/2017 5:00,20,14,6
12/18/2017 6:00,83,50,33
12/18/2017 7:00,177,97,80
12/18/2017 8:00,278,153,125
12/18/2017 9:00,169,73,96
12/18/2017 10:00,45,16,29
12/18/2017 11:00,34,14,20
12/18/2017 12:00,31,17,14
12/18/2017 13:00,32,8,24
12/18/2017 14:00,34,15,19
12/18/2017 15:00,69,22,47
12/18/2017 16:00,149,33,116
12/18/2017 17:00,287,61,226
12/18/2017 18:00,201,48,153
12/18/2017 19:00,71,17,54
12/18/2017 20:00,37,16,21
12/18/2017 21:00,20,4,16
12/18/2017 22:00,14,3,11
12/18/2017 23:00,4,1,3
12/19/2017 0:00,2,0,2
12/19/2017 1:00,2,1,1
12/19/2017 2:00,3,0,3
12/19/2017 3:00,2,2,0
12/19/2017 4:00,8,4,4
12/19/2017 5:00,23,14,9
12/19/2017 6:00,65,38,27
12/19/2017 7:00,132,75,57
12/19/2017 8:00,175,100,75
12/19/2017 9:00,122,57,65
12/19/2017 10:00,46,16,30
12/19/2017 11:00,23,10,13
12/19/2017 12:00,23,8,15
12/19/2017 13:00,22,10,12
12/19/2017 14:00,26,9,17
12/19/2017 15:00,45,28,17
12/19/2017 16:00,137,30,107
12/19/2017 17:00,244,55,189
12/19/2017 18:00,157,46,111
12/19/2017 19:00,51,10,41
12/19/2017 20:00,37,19,18
12/19/2017 21:00,24,10,14
12/19/2017 22:00,14,5,9
12/19/2017 23:00,4,3,1
12/20/2017 0:00,7,3,4
12/20/2017 1:00,4,1,3
12/20/2017 2:00,0,0,0
12/20/2017 3:00,4,1,3
12/20/2017 4:00,8,2,6
12/20/2017 5:00,32,18,14
12/20/2017 6:00,87,47,40
12/20/2017 7:00,204,111,93
12/20/2017 8:00,282,153,129
12/20/2017 9:00,163,69,94
12/20/2017 10:00,93,41,52
12/20/2017 11:00,60,34,26
12/20/2017 12:00,58,19,39
12/20/2017 13:00,53,25,28
12/20/2017 14:00,81,32,49
12/20/2017 15:00,116,46,70
12/20/2017 16:00,201,52,149
12/20/2017 17:00,320,76,244
12/20/2017 18:00,166,50,116
12/20/2017 19:00,96,22,74
12/20/2017 20:00,45,16,29
12/20/2017 21:00,20,8,12
12/20/2017 22:00,17,7,10
12/20/2017 23:00,16,9,7
12/21/2017 0:00,9,3,6
12/21/2017 1:00,1,0,1
12/21/2017 2:00,3,3,0
12/21/2017 3:00,4,4,0
12/21/2017 4:00,4,2,2
12/21/2017 5:00,28,15,13
12/21/2017 6:00,67,35,32
12/21/2017 7:00,128,67,61
12/21/2017 8:00,239,122,117
12/21/2017 9:00,140,73,67
12/21/2017 10:00,66,28,38
12/21/2017 11:00,46,27,19
12/21/2017 12:00,48,19,29
12/21/2017 13:00,55,21,34
12/21/2017 14:00,69,31,38
12/21/2017 15:00,108,37,71
12/21/2017 16:00,204,60,144
12/21/2017 17:00,265,73,192
12/21/2017 18:00,129,47,82
12/21/2017 19:00,48,17,31
12/21/2017 20:00,35,10,25
12/21/2017 21:00,18,11,7
12/21/2017 22:00,14,6,8
12/21/2017 23:00,8,6,2
12/22/2017 0:00,12,4,8
12/22/2017 1:00,0,0,0
12/22/2017 2:00,0,0,0
12/22/2017 3:00,3,1,2
12/22/2017 4:00,6,4,2
12/22/2017 5:00,20,12,8
12/22/2017 6:00,54,38,16
12/22/2017 7:00,102,49,53
12/22/2017 8:00,120,61,59
12/22/2017 9:00,81,36,45
12/22/2017 10:00,49,22,27
12/22/2017 11:00,32,13,19
12/22/2017 12:00,36,14,22
12/22/2017 13:00,63,20,43
12/22/2017 14:00,89,36,53
12/22/2017 15:00,96,42,54
12/22/2017 16:00,130,41,89
12/22/2017 17:00,109,31,78
12/22/2017 18:00,63,23,40
12/22/2017 19:00,35,12,23
12/22/2017 20:00,21,5,16
12/22/2017 21:00,17,7,10
12/22/2017 22:00,17,9,8
12/22/2017 23:00,4,2,2
12/23/2017 0:00,4,3,1
12/23/2017 1:00,3,3,0
12/23/2017 2:00,3,2,1
12/23/2017 3:00,1,1,0
12/23/2017 4:00,2,1,1
12/23/2017 5:00,5,4,1
12/23/2017 6:00,7,4,3
12/23/2017 7:00,10,6,4
12/23/2017 8:00,25,12,13
12/23/2017 9:00,29,13,16
12/23/2017 10:00,28,16,12
12/23/2017 11:00,54,24,30
12/23/2017 12:00,59,29,30
12/23/2017 13:00,75,30,45
12/23/2017 14:00,87,48,39
12/23/2017 15:00,65,35,30
12/23/2017 16:00,28,16,12
12/23/2017 17:00,41,27,14
12/23/2017 18:00,21,6,15
12/23/2017 19:00,12,5,7
12/23/2017 20:00,8,3,5
12/23/2017 21:00,6,1,5
12/23/2017 22:00,5,1,4
12/23/2017 23:00,8,2,6
12/24/2017 0:00,5,2,3
12/24/2017 1:00,2,1,1
12/24/2017 2:00,1,1,0
12/24/2017 3:00,0,0,0
12/24/2017 4:00,4,2,2
12/24/2017 5:00,2,2,0
12/24/2017 6:00,4,3,1
12/24/2017 7:00,6,5,1
12/24/2017 8:00,21,10,11
12/24/2017 9:00,19,11,8
12/24/2017 10:00,23,12,11
12/24/2017 11:00,30,17,13
12/24/2017 12:00,24,12,12
12/24/2017 13:00,32,14,18
12/24/2017 14:00,27,16,11
12/24/2017 15:00,18,10,8
12/24/2017 16:00,10,6,4
12/24/2017 17:00,3,2,1
12/24/2017 18:00,6,3,3
12/24/2017 19:00,4,2,2
12/24/2017 20:00,0,0,0
12/24/2017 21:00,4,1,3
12/24/2017 22:00,1,0,1
12/24/2017 23:00,2,2,0
12/25/2017 0:00,2,0,2
12/25/2017 1:00,0,0,0
12/25/2017 2:00,0,0,0
12/25/2017 3:00,0,0,0
12/25/2017 4:00,0,0,0
12/25/2017 5:00,1,0,1
12/25/2017 6:00,0,0,0
12/25/2017 7:00,2,1,1
12/25/2017 8:00,1,0,1
12/25/2017 9:00,1,0,1
12/25/2017 10:00,4,3,1
12/25/2017 11:00,3,1,2
12/25/2017 12:00,5,3,2
12/25/2017 13:00,0,0,0
12/25/2017 14:00,6,2,4
12/25/2017 15:00,3,1,2
12/25/2017 16:00,2,1,1
12/25/2017 17:00,0,0,0
12/25/2017 18:00,5,1,4
12/25/2017 19:00,6,2,4
12/25/2017 20:00,3,3,0
12/25/2017 21:00,1,1,0
12/25/2017 22:00,1,0,1
12/25/2017 23:00,2,1,1
12/26/2017 0:00,2,0,2
12/26/2017 1:00,0,0,0
12/26/2017 2:00,0,0,0
12/26/2017 3:00,0,0,0
12/26/2017 4:00,8,4,4
12/26/2017 5:00,12,6,6
12/26/2017 6:00,12,5,7
12/26/2017 7:00,24,9,15
12/26/2017 8:00,41,23,18
12/26/2017 9:00,38,12,26
12/26/2017 10:00,34,14,20
12/26/2017 11:00,26,13,13
12/26/2017 12:00,22,11,11
12/26/2017 13:00,36,12,24
12/26/2017 14:00,38,18,20
12/26/2017 15:00,50,23,27
12/26/2017 16:00,67,28,39
12/26/2017 17:00,63,15,48
12/26/2017 18:00,24,5,19
12/26/2017 19:00,22,6,16
12/26/2017 20:00,19,12,7
12/26/2017 21:00,5,3,2
12/26/2017 22:00,4,1,3
12/26/2017 23:00,7,4,3
12/27/2017 0:00,4,3,1
12/27/2017 1:00,2,2,0
12/27/2017 2:00,0,0,0
12/27/2017 3:00,1,1,0
12/27/2017 4:00,4,3,1
12/27/2017 5:00,17,10,7
12/27/2017 6:00,42,25,17
12/27/2017 7:00,58,31,27
12/27/2017 8:00,118,60,58
12/27/2017 9:00,63,28,35
12/27/2017 10:00,33,15,18
12/27/2017 11:00,41,20,21
12/27/2017 12:00,41,25,16
12/27/2017 13:00,50,22,28
12/27/2017 14:00,45,20,25
12/27/2017 15:00,73,22,51
12/27/2017 16:00,133,47,86
12/27/2017 17:00,111,28,83
12/27/2017 18:00,62,23,39
12/27/2017 19:00,34,15,19
12/27/2017 20:00,27,3,24
12/27/2017 21:00,21,6,15
12/27/2017 22:00,10,6,4
12/27/2017 23:00,7,3,4
12/28/2017 0:00,2,1,1
12/28/2017 1:00,0,0,0
12/28/2017 2:00,2,1,1
12/28/2017 3:00,2,1,1
12/28/2017 4:00,8,4,4
12/28/2017 5:00,21,11,10
12/28/2017 6:00,43,21,22
12/28/2017 7:00,83,44,39
12/28/2017 8:00,117,65,52
12/28/2017 9:00,83,48,35
12/28/2017 10:00,37,18,19
12/28/2017 11:00,31,13,18
12/28/2017 12:00,37,15,22
12/28/2017 13:00,28,12,16
12/28/2017 14:00,30,9,21
12/28/2017 15:00,62,23,39
12/28/2017 16:00,101,30,71
12/28/2017 17:00,133,42,91
12/28/2017 18:00,51,15,36
12/28/2017 19:00,51,16,35
12/28/2017 20:00,18,8,10
12/28/2017 21:00,15,6,9
12/28/2017 22:00,14,6,8
12/28/2017 23:00,3,2,1
12/29/2017 0:00,11,3,8
12/29/2017 1:00,2,1,1
12/29/2017 2:00,2,1,1
12/29/2017 3:00,2,1,1
12/29/2017 4:00,5,2,3
12/29/2017 5:00,15,6,9
12/29/2017 6:00,35,24,11
12/29/2017 7:00,56,33,23
12/29/2017 8:00,70,36,34
12/29/2017 9:00,39,17,22
12/29/2017 10:00,27,14,13
12/29/2017 11:00,11,5,6
12/29/2017 12:00,15,6,9
12/29/2017 13:00,20,6,14
12/29/2017 14:00,35,16,19
12/29/2017 15:00,40,14,26
12/29/2017 16:00,60,23,37
12/29/2017 17:00,66,15,51
12/29/2017 18:00,29,15,14
12/29/2017 19:00,24,7,17
12/29/2017 20:00,10,5,5
12/29/2017 21:00,7,3,4
12/29/2017 22:00,6,3,3
12/29/2017 23:00,4,1,3
12/30/2017 0:00,3,1,2
12/30/2017 1:00,2,1,1
12/30/2017 2:00,1,1,0
12/30/2017 3:00,2,1,1
12/30/2017 4:00,3,2,1
12/30/2017 5:00,5,2,3
12/30/2017 6:00,9,2,7
12/30/2017 7:00,17,9,8
12/30/2017 8:00,29,17,12
12/30/2017 9:00,33,16,17
12/30/2017 10:00,60,29,31
12/30/2017 11:00,48,18,30
12/30/2017 12:00,78,40,38
12/30/2017 13:00,76,36,40
12/30/2017 14:00,75,43,32
12/30/2017 15:00,69,26,43
12/30/2017 16:00,89,41,48
12/30/2017 17:00,27,12,15
12/30/2017 18:00,26,17,9
12/30/2017 19:00,13,8,5
12/30/2017 20:00,26,5,21
12/30/2017 21:00,14,4,10
12/30/2017 22:00,12,9,3
12/30/2017 23:00,8,3,5
12/31/2017 0:00,12,3,9
12/31/2017 1:00,5,4,1
12/31/2017 2:00,2,0,2
12/31/2017 3:00,2,2,0
12/31/2017 4:00,5,3,2
12/31/2017 5:00,3,2,1
12/31/2017 6:00,6,0,6
12/31/2017 7:00,10,7,3
12/31/2017 8:00,22,13,9
12/31/2017 9:00,30,23,7
12/31/2017 10:00,47,27,20
12/31/2017 11:00,65,41,24
12/31/2017 12:00,86,41,45
12/31/2017 13:00,93,54,39
12/31/2017 14:00,90,54,36
12/31/2017 15:00,69,38,31
12/31/2017 16:00,57,32,25
12/31/2017 17:00,33,12,21
12/31/2017 18:00,20,3,17
12/31/2017 19:00,21,9,12
12/31/2017 20:00,14,6,8
12/31/2017 21:00,13,3,10
12/31/2017 22:00,13,7,6
12/31/2017 23:00,16,7,9
1/1/2018 0:00,28,14,14
1/1/2018 1:00,16,2,14
1/1/2018 2:00,8,4,4
1/1/2018 3:00,2,2,0
1/1/2018 4:00,0,0,0
1/1/2018 5:00,2,1,1
1/1/2018 6:00,6,2,4
1/1/2018 7:00,9,6,3
1/1/2018 8:00,11,6,5
1/1/2018 9:00,21,11,10
1/1/2018 10:00,48,19,29
1/1/2018 11:00,53,26,27
1/1/2018 12:00,50,24,26
1/1/2018 13:00,95,38,57
1/1/2018 14:00,95,46,49
1/1/2018 15:00,85,34,51
1/1/2018 16:00,62,26,36
1/1/2018 17:00,15,4,11
1/1/2018 18:00,12,7,5
1/1/2018 19:00,17,6,11
1/1/2018 20:00,13,5,8
1/1/2018 21:00,13,7,6
1/1/2018 22:00,9,1,8
1/1/2018 23:00,4,2,2
1/2/2018 0:00,2,1,1
1/2/2018 1:00,1,0,1
1/2/2018 2:00,1,1,0
1/2/2018 3:00,1,1,0
1/2/2018 4:00,10,4,6
1/2/2018 5:00,35,21,14
1/2/2018 6:00,94,60,34
1/2/2018 7:00,250,130,120
1/2/2018 8:00,409,222,187
1/2/2018 9:00,189,91,98
1/2/2018 10:00,56,22,34
1/2/2018 11:00,51,20,31
1/2/2018 12:00,68,37,31
1/2/2018 13:00,53,26,27
1/2/2018 14:00,51,22,29
1/2/2018 15:00,84,27,57
1/2/2018 16:00,230,59,171
1/2/2018 17:00,487,101,386
1/2/2018 18:00,240,57,183
1/2/2018 19:00,102,28,74
1/2/2018 20:00,32,10,22
1/2/2018 21:00,33,11,22
1/2/2018 22:00,14,5,9
1/2/2018 23:00,5,3,2
1/3/2018 0:00,7,3,4
1/3/2018 1:00,2,1,1
1/3/2018 2:00,2,1,1
1/3/2018 3:00,2,1,1
1/3/2018 4:00,6,3,3
1/3/2018 5:00,34,17,17
1/3/2018 6:00,116,68,48
1/3/2018 7:00,291,163,128
1/3/2018 8:00,406,233,173
1/3/2018 9:00,250,128,122
1/3/2018 10:00,87,45,42
1/3/2018 11:00,59,23,36
1/3/2018 12:00,61,36,25
1/3/2018 13:00,74,38,36
1/3/2018 14:00,78,36,42
1/3/2018 15:00,115,51,64
1/3/2018 16:00,265,76,189
1/3/2018 17:00,485,98,387
1/3/2018 18:00,262,75,187
1/3/2018 19:00,99,23,76
1/3/2018 20:00,64,19,45
1/3/2018 21:00,32,12,20
1/3/2018 22:00,18,7,11
1/3/2018 23:00,12,8,4
1/4/2018 0:00,6,2,4
1/4/2018 1:00,5,4,1
1/4/2018 2:00,2,2,0
1/4/2018 3:00,3,2,1
1/4/2018 4:00,7,5,2
1/4/2018 5:00,33,21,12
1/4/2018 6:00,91,53,38
1/4/2018 7:00,251,128,123
1/4/2018 8:00,388,213,175
1/4/2018 9:00,235,116,119
1/4/2018 10:00,78,40,38
1/4/2018 11:00,44,21,23
1/4/2018 12:00,58,28,30
1/4/2018 13:00,55,29,26
1/4/2018 14:00,62,26,36
1/4/2018 15:00,72,27,45
1/4/2018 16:00,210,58,152
1/4/2018 17:00,501,108,393
1/4/2018 18:00,264,83,181
1/4/2018 19:00,108,35,73
1/4/2018 20:00,53,12,41
1/4/2018 21:00,29,8,21
1/4/2018 22:00,17,9,8
1/4/2018 23:00,6,3,3
1/5/2018 0:00,10,5,5
1/5/2018 1:00,4,3,1
1/5/2018 2:00,3,2,1
1/5/2018 3:00,2,1,1
1/5/2018 4:00,10,4,6
1/5/2018 5:00,23,13,10
1/5/2018 6:00,66,39,27
1/5/2018 7:00,186,103,83
1/5/2018 8:00,327,175,152
1/5/2018 9:00,159,72,87
1/5/2018 10:00,47,28,19
1/5/2018 11:00,25,11,14
1/5/2018 12:00,34,18,16
1/5/2018 13:00,26,14,12
1/5/2018 14:00,40,20,20
1/5/2018 15:00,77,28,49
1/5/2018 16:00,178,40,138
1/5/2018 17:00,311,73,238
1/5/2018 18:00,188,42,146
1/5/2018 19:00,66,20,46
1/5/2018 20:00,32,11,21
1/5/2018 21:00,22,10,12
1/5/2018 22:00,18,10,8
1/5/2018 23:00,12,7,5
1/6/2018 0:00,11,9,2
1/6/2018 1:00,5,2,3
1/6/2018 2:00,5,1,4
1/6/2018 3:00,2,1,1
1/6/2018 4:00,3,2,1
1/6/2018 5:00,3,2,1
1/6/2018 6:00,11,8,3
1/6/2018 7:00,13,6,7
1/6/2018 8:00,39,12,27
1/6/2018 9:00,38,19,19
1/6/2018 10:00,29,15,14
1/6/2018 11:00,36,22,14
1/6/2018 12:00,38,25,13
1/6/2018 13:00,53,27,26
1/6/2018 14:00,57,34,23
1/6/2018 15:00,60,30,30
1/6/2018 16:00,69,25,44
1/6/2018 17:00,31,15,16
1/6/2018 18:00,39,24,15
1/6/2018 19:00,28,12,16
1/6/2018 20:00,22,6,16
1/6/2018 21:00,12,6,6
1/6/2018 22:00,6,2,4
1/6/2018 23:00,19,8,11
1/7/2018 0:00,8,3,5
1/7/2018 1:00,8,1,7
1/7/2018 2:00,5,2,3
1/7/2018 3:00,1,1,0
1/7/2018 4:00,3,2,1
1/7/2018 5:00,4,1,3
1/7/2018 6:00,2,2,0
1/7/2018 7:00,6,4,2
1/7/2018 8:00,17,7,10
1/7/2018 9:00,19,10,9
1/7/2018 10:00,34,18,16
1/7/2018 11:00,60,38,22
1/7/2018 12:00,44,25,19
1/7/2018 13:00,54,22,32
1/7/2018 14:00,40,19,21
1/7/2018 15:00,38,18,20
1/7/2018 16:00,31,18,13
1/7/2018 17:00,19,8,11
1/7/2018 18:00,19,9,10
1/7/2018 19:00,14,6,8
1/7/2018 20:00,5,2,3
1/7/2018 21:00,4,3,1
1/7/2018 22:00,5,2,3
1/7/2018 23:00,8,3,5
1/8/2018 0:00,0,0,0
1/8/2018 1:00,4,3,1
1/8/2018 2:00,1,0,1
1/8/2018 3:00,0,0,0
1/8/2018 4:00,9,2,7
1/8/2018 5:00,36,19,17
1/8/2018 6:00,119,67,52
1/8/2018 7:00,300,145,155
1/8/2018 8:00,419,227,192
1/8/2018 9:00,245,124,121
1/8/2018 10:00,84,43,41
1/8/2018 11:00,65,39,26
1/8/2018 12:00,52,26,26
1/8/2018 13:00,57,25,32
1/8/2018 14:00,79,31,48
1/8/2018 15:00,96,39,57
1/8/2018 16:00,261,70,191
1/8/2018 17:00,497,106,391
1/8/2018 18:00,340,106,234
1/8/2018 19:00,118,38,80
1/8/2018 20:00,48,21,27
1/8/2018 21:00,50,15,35
1/8/2018 22:00,15,7,8
1/8/2018 23:00,14,4,10
1/9/2018 0:00,4,0,4
1/9/2018 1:00,2,1,1
1/9/2018 2:00,1,0,1
1/9/2018 3:00,2,2,0
1/9/2018 4:00,5,3,2
1/9/2018 5:00,31,19,12
1/9/2018 6:00,115,67,48
1/9/2018 7:00,251,136,115
1/9/2018 8:00,348,191,157
1/9/2018 9:00,179,91,88
1/9/2018 10:00,71,30,41
1/9/2018 11:00,43,24,19
1/9/2018 12:00,41,15,26
1/9/2018 13:00,24,9,15
1/9/2018 14:00,36,21,15
1/9/2018 15:00,75,31,44
1/9/2018 16:00,172,47,125
1/9/2018 17:00,404,73,331
1/9/2018 18:00,223,46,177
1/9/2018 19:00,86,28,58
1/9/2018 20:00,51,20,31
1/9/2018 21:00,22,7,15
1/9/2018 22:00,27,13,14
1/9/2018 23:00,2,1,1
1/10/2018 0:00,7,1,6
1/10/2018 1:00,1,1,0
1/10/2018 2:00,2,1,1
1/10/2018 3:00,3,2,1
1/10/2018 4:00,6,4,2
1/10/2018 5:00,32,18,14
1/10/2018 6:00,95,63,32
1/10/2018 7:00,270,155,115
1/10/2018 8:00,386,218,168
1/10/2018 9:00,191,93,98
1/10/2018 10:00,84,36,48
1/10/2018 11:00,37,21,16
1/10/2018 12:00,41,17,24
1/10/2018 13:00,47,22,25
1/10/2018 14:00,58,23,35
1/10/2018 15:00,80,30,50
1/10/2018 16:00,204,62,142
1/10/2018 17:00,426,96,330
1/10/2018 18:00,263,74,189
1/10/2018 19:00,104,33,71
1/10/2018 20:00,61,15,46
1/10/2018 21:00,33,17,16
1/10/2018 22:00,11,4,7
1/10/2018 23:00,8,2,6
1/11/2018 0:00,4,0,4
1/11/2018 1:00,2,0,2
1/11/2018 2:00,2,1,1
1/11/2018 3:00,1,1,0
1/11/2018 4:00,6,5,1
1/11/2018 5:00,25,17,8
1/11/2018 6:00,62,33,29
1/11/2018 7:00,180,99,81
1/11/2018 8:00,229,132,97
1/11/2018 9:00,145,62,83
1/11/2018 10:00,35,18,17
1/11/2018 11:00,23,9,14
1/11/2018 12:00,17,7,10
1/11/2018 13:00,24,13,11
1/11/2018 14:00,35,20,15
1/11/2018 15:00,69,25,44
1/11/2018 16:00,160,50,110
1/11/2018 17:00,281,48,233
1/11/2018 18:00,220,67,153
1/11/2018 19:00,115,31,84
1/11/2018 20:00,55,12,43
1/11/2018 21:00,18,5,13
1/11/2018 22:00,26,9,17
1/11/2018 23:00,22,6,16
1/12/2018 0:00,11,6,5
1/12/2018 1:00,4,1,3
1/12/2018 2:00,3,1,2
1/12/2018 3:00,10,6,4
1/12/2018 4:00,3,1,2
1/12/2018 5:00,23,10,13
1/12/2018 6:00,75,44,31
1/12/2018 7:00,206,107,99
1/12/2018 8:00,325,165,160
1/12/2018 9:00,180,93,87
1/12/2018 10:00,79,34,45
1/12/2018 11:00,60,30,30
1/12/2018 12:00,35,19,16
1/12/2018 13:00,67,25,42
1/12/2018 14:00,67,27,40
1/12/2018 15:00,102,29,73
1/12/2018 16:00,206,56,150
1/12/2018 17:00,335,71,264
1/12/2018 18:00,199,56,143
1/12/2018 19:00,63,21,42
1/12/2018 20:00,37,13,24
1/12/2018 21:00,14,3,11
1/12/2018 22:00,16,8,8
1/12/2018 23:00,20,7,13
1/13/2018 0:00,6,4,2
1/13/2018 1:00,6,4,2
1/13/2018 2:00,2,1,1
1/13/2018 3:00,1,0,1
1/13/2018 4:00,4,3,1
1/13/2018 5:00,2,2,0
1/13/2018 6:00,6,2,4
1/13/2018 7:00,31,12,19
1/13/2018 8:00,52,26,26
1/13/2018 9:00,56,26,30
1/13/2018 10:00,65,25,40
1/13/2018 11:00,90,54,36
1/13/2018 12:00,76,25,51
1/13/2018 13:00,108,53,55
1/13/2018 14:00,99,55,44
1/13/2018 15:00,137,76,61
1/13/2018 16:00,112,65,47
1/13/2018 17:00,69,34,35
1/13/2018 18:00,37,17,20
1/13/2018 19:00,27,18,9
1/13/2018 20:00,14,6,8
1/13/2018 21:00,21,7,14
1/13/2018 22:00,21,8,13
1/13/2018 23:00,16,7,9
1/14/2018 0:00,11,3,8
1/14/2018 1:00,6,3,3
1/14/2018 2:00,3,3,0
1/14/2018 3:00,2,1,1
1/14/2018 4:00,3,2,1
1/14/2018 5:00,3,2,1
1/14/2018 6:00,11,6,5
1/14/2018 7:00,20,12,8
1/14/2018 8:00,41,19,22
1/14/2018 9:00,74,33,41
1/14/2018 10:00,88,48,40
1/14/2018 11:00,153,81,72
1/14/2018 12:00,147,70,77
1/14/2018 13:00,238,129,109
1/14/2018 14:00,241,143,98
1/14/2018 15:00,200,101,99
1/14/2018 16:00,134,75,59
1/14/2018 17:00,68,33,35
1/14/2018 18:00,42,25,17
1/14/2018 19:00,28,17,11
1/14/2018 20:00,21,10,11
1/14/2018 21:00,18,7,11
1/14/2018 22:00,12,8,4
1/14/2018 23:00,15,4,11
1/15/2018 0:00,7,5,2
1/15/2018 1:00,4,1,3
1/15/2018 2:00,0,0,0
1/15/2018 3:00,0,0,0
1/15/2018 4:00,7,3,4
1/15/2018 5:00,21,10,11
1/15/2018 6:00,54,26,28
1/15/2018 7:00,122,55,67
1/15/2018 8:00,238,128,110
1/15/2018 9:00,173,74,99
1/15/2018 10:00,84,54,30
1/15/2018 11:00,108,62,46
1/15/2018 12:00,92,54,38
1/15/2018 13:00,129,55,74
1/15/2018 14:00,179,96,83
1/15/2018 15:00,143,79,64
1/15/2018 16:00,234,69,165
1/15/2018 17:00,271,58,213
1/15/2018 18:00,188,44,144
1/15/2018 19:00,74,20,54
1/15/2018 20:00,48,18,30
1/15/2018 21:00,22,8,14
1/15/2018 22:00,7,1,6
1/15/2018 23:00,15,7,8
1/16/2018 0:00,3,1,2
1/16/2018 1:00,1,0,1
1/16/2018 2:00,0,0,0
1/16/2018 3:00,3,3,0
1/16/2018 4:00,10,4,6
1/16/2018 5:00,28,17,11
1/16/2018 6:00,108,58,50
1/16/2018 7:00,287,157,130
1/16/2018 8:00,413,210,203
1/16/2018 9:00,244,117,127
1/16/2018 10:00,81,39,42
1/16/2018 11:00,53,25,28
1/16/2018 12:00,75,35,40
1/16/2018 13:00,64,34,30
1/16/2018 14:00,64,22,42
1/16/2018 15:00,118,53,65
1/16/2018 16:00,222,60,162
1/16/2018 17:00,462,88,374
1/16/2018 18:00,298,79,219
1/16/2018 19:00,129,28,101
1/16/2018 20:00,51,20,31
1/16/2018 21:00,38,19,19
1/16/2018 22:00,18,10,8
1/16/2018 23:00,12,7,5
1/17/2018 0:00,7,3,4
1/17/2018 1:00,2,0,2
1/17/2018 2:00,1,0,1
1/17/2018 3:00,2,0,2
1/17/2018 4:00,11,4,7
1/17/2018 5:00,31,15,16
1/17/2018 6:00,104,60,44
1/17/2018 7:00,255,138,117
1/17/2018 8:00,350,187,163
1/17/2018 9:00,214,101,113
1/17/2018 10:00,84,42,42
1/17/2018 11:00,43,17,26
1/17/2018 12:00,58,31,27
1/17/2018 13:00,42,14,28
1/17/2018 14:00,66,32,34
1/17/2018 15:00,71,25,46
1/17/2018 16:00,166,40,126
1/17/2018 17:00,371,76,295
1/17/2018 18:00,242,58,184
1/17/2018 19:00,95,28,67
1/17/2018 20:00,48,15,33
1/17/2018 21:00,24,11,13
1/17/2018 22:00,15,9,6
1/17/2018 23:00,11,4,7
1/18/2018 0:00,6,2,4
1/18/2018 1:00,1,0,1
1/18/2018 2:00,0,0,0
1/18/2018 3:00,3,3,0
1/18/2018 4:00,9,3,6
1/18/2018 5:00,27,17,10
1/18/2018 6:00,98,51,47
1/18/2018 7:00,216,119,97
1/18/2018 8:00,389,208,181
1/18/2018 9:00,201,95,106
1/18/2018 10:00,80,36,44
1/18/2018 11:00,53,26,27
1/18/2018 12:00,45,19,26
1/18/2018 13:00,46,22,24
1/18/2018 14:00,43,17,26
1/18/2018 15:00,60,22,38
1/18/2018 16:00,167,41,126
1/18/2018 17:00,373,79,294
1/18/2018 18:00,252,68,184
1/18/2018 19:00,81,29,52
1/18/2018 20:00,43,10,33
1/18/2018 21:00,45,11,34
1/18/2018 22:00,21,12,9
1/18/2018 23:00,10,2,8
1/19/2018 0:00,7,4,3
1/19/2018 1:00,4,1,3
1/19/2018 2:00,2,1,1
1/19/2018 3:00,2,1,1
1/19/2018 4:00,6,1,5
1/19/2018 5:00,26,13,13
1/19/2018 6:00,88,51,37
1/19/2018 7:00,214,124,90
1/19/2018 8:00,343,175,168
1/19/2018 9:00,180,83,97
1/19/2018 10:00,90,39,51
1/19/2018 11:00,48,20,28
1/19/2018 12:00,57,23,34
1/19/2018 13:00,60,28,32
1/19/2018 14:00,70,28,42
1/19/2018 15:00,90,29,61
1/19/2018 16:00,199,49,150
1/19/2018 17:00,381,93,288
1/19/2018 18:00,205,56,149
1/19/2018 19:00,72,22,50
1/19/2018 20:00,34,11,23
1/19/2018 21:00,33,18,15
1/19/2018 22:00,23,7,16
1/19/2018 23:00,17,11,6
1/20/2018 0:00,14,7,7
1/20/2018 1:00,6,2,4
1/20/2018 2:00,6,2,4
1/20/2018 3:00,1,0,1
1/20/2018 4:00,3,2,1
1/20/2018 5:00,8,4,4
1/20/2018 6:00,10,4,6
1/20/2018 7:00,20,6,14
1/20/2018 8:00,48,27,21
1/20/2018 9:00,57,37,20
1/20/2018 10:00,72,41,31
1/20/2018 11:00,86,45,41
1/20/2018 12:00,77,37,40
1/20/2018 13:00,107,41,66
1/20/2018 14:00,118,25,93
1/20/2018 15:00,99,41,58
1/20/2018 16:00,67,33,34
1/20/2018 17:00,44,18,26
1/20/2018 18:00,29,14,15
1/20/2018 19:00,16,10,6
1/20/2018 20:00,10,6,4
1/20/2018 21:00,15,8,7
1/20/2018 22:00,19,8,11
1/20/2018 23:00,12,4,8
1/21/2018 0:00,11,6,5
1/21/2018 1:00,6,5,1
1/21/2018 2:00,4,3,1
1/21/2018 3:00,4,1,3
1/21/2018 4:00,5,2,3
1/21/2018 5:00,2,0,2
1/21/2018 6:00,4,1,3
1/21/2018 7:00,12,10,2
1/21/2018 8:00,13,10,3
1/21/2018 9:00,18,8,10
1/21/2018 10:00,25,18,7
1/21/2018 11:00,19,14,5
1/21/2018 12:00,35,14,21
1/21/2018 13:00,51,24,27
1/21/2018 14:00,50,24,26
1/21/2018 15:00,34,20,14
1/21/2018 16:00,26,12,14
1/21/2018 17:00,24,7,17
1/21/2018 18:00,14,4,10
1/21/2018 19:00,16,6,10
1/21/2018 20:00,9,4,5
1/21/2018 21:00,8,3,5
1/21/2018 22:00,4,2,2
1/21/2018 23:00,8,5,3
1/22/2018 0:00,3,2,1
1/22/2018 1:00,2,1,1
1/22/2018 2:00,3,0,3
1/22/2018 3:00,0,0,0
1/22/2018 4:00,9,4,5
1/22/2018 5:00,26,14,12
1/22/2018 6:00,111,52,59
1/22/2018 7:00,260,149,111
1/22/2018 8:00,419,219,200
1/22/2018 9:00,245,118,127
1/22/2018 10:00,69,32,37
1/22/2018 11:00,70,32,38
1/22/2018 12:00,63,32,31
1/22/2018 13:00,61,26,35
1/22/2018 14:00,92,43,49
1/22/2018 15:00,113,48,65
1/22/2018 16:00,221,52,169
1/22/2018 17:00,486,113,373
1/22/2018 18:00,319,78,241
1/22/2018 19:00,122,31,91
1/22/2018 20:00,56,16,40
1/22/2018 21:00,36,10,26
1/22/2018 22:00,17,8,9
1/22/2018 23:00,8,3,5
1/23/2018 0:00,7,3,4
1/23/2018 1:00,1,1,0
1/23/2018 2:00,4,2,2
1/23/2018 3:00,0,0,0
1/23/2018 4:00,8,4,4
1/23/2018 5:00,28,19,9
1/23/2018 6:00,105,57,48
1/23/2018 7:00,227,126,101
1/23/2018 8:00,330,176,154
1/23/2018 9:00,158,81,77
1/23/2018 10:00,56,29,27
1/23/2018 11:00,33,14,19
1/23/2018 12:00,30,10,20
1/23/2018 13:00,23,9,14
1/23/2018 14:00,31,13,18
1/23/2018 15:00,53,24,29
1/23/2018 16:00,168,30,138
1/23/2018 17:00,329,52,277
1/23/2018 18:00,212,62,150
1/23/2018 19:00,76,23,53
1/23/2018 20:00,43,12,31
1/23/2018 21:00,24,8,16
1/23/2018 22:00,21,8,13
1/23/2018 23:00,9,6,3
1/24/2018 0:00,5,0,5
1/24/2018 1:00,2,1,1
1/24/2018 2:00,0,0,0
1/24/2018 3:00,4,2,2
1/24/2018 4:00,10,6,4
1/24/2018 5:00,32,21,11
1/24/2018 6:00,88,55,33
1/24/2018 7:00,238,135,103
1/24/2018 8:00,306,163,143
1/24/2018 9:00,181,87,94
1/24/2018 10:00,65,25,40
1/24/2018 11:00,27,13,14
1/24/2018 12:00,27,13,14
1/24/2018 13:00,34,18,16
1/24/2018 14:00,57,26,31
1/24/2018 15:00,50,19,31
1/24/2018 16:00,179,54,125
1/24/2018 17:00,344,62,282
1/24/2018 18:00,211,55,156
1/24/2018 19:00,87,25,62
1/24/2018 20:00,46,12,34
1/24/2018 21:00,27,9,18
1/24/2018 22:00,12,6,6
1/24/2018 23:00,15,5,10
1/25/2018 0:00,2,0,2
1/25/2018 1:00,2,2,0
1/25/2018 2:00,2,0,2
1/25/2018 3:00,3,1,2
1/25/2018 4:00,6,4,2
1/25/2018 5:00,35,23,12
1/25/2018 6:00,101,53,48
1/25/2018 7:00,224,114,110
1/25/2018 8:00,357,191,166
1/25/2018 9:00,168,77,91
1/25/2018 10:00,51,27,24
1/25/2018 11:00,29,16,13
1/25/2018 12:00,42,22,20
1/25/2018 13:00,27,13,14
1/25/2018 14:00,46,23,23
1/25/2018 15:00,89,33,56
1/25/2018 16:00,197,54,143
1/25/2018 17:00,399,86,313
1/25/2018 18:00,231,54,177
1/25/2018 19:00,138,32,106
1/25/2018 20:00,58,28,30
1/25/2018 21:00,28,9,19
1/25/2018 22:00,21,10,11
1/25/2018 23:00,19,11,8
1/26/2018 0:00,13,8,5
1/26/2018 1:00,9,4,5
1/26/2018 2:00,5,0,5
1/26/2018 3:00,3,2,1
1/26/2018 4:00,8,4,4
1/26/2018 5:00,27,17,10
1/26/2018 6:00,87,50,37
1/26/2018 7:00,194,111,83
1/26/2018 8:00,305,164,141
1/26/2018 9:00,179,89,90
1/26/2018 10:00,59,30,29
1/26/2018 11:00,43,19,24
1/26/2018 12:00,39,19,20
1/26/2018 13:00,51,25,26
1/26/2018 14:00,70,28,42
1/26/2018 15:00,87,32,55
1/26/2018 16:00,233,61,172
1/26/2018 17:00,329,68,261
1/26/2018 18:00,165,51,114
1/26/2018 19:00,65,17,48
1/26/2018 20:00,29,3,26
1/26/2018 21:00,20,4,16
1/26/2018 22:00,9,5,4
1/26/2018 23:00,16,5,11
1/27/2018 0:00,7,3,4
1/27/2018 1:00,2,1,1
1/27/2018 2:00,2,1,1
1/27/2018 3:00,4,1,3
1/27/2018 4:00,4,2,2
1/27/2018 5:00,1,0,1
1/27/2018 6:00,4,2,2
1/27/2018 7:00,20,5,15
1/27/2018 8:00,34,14,20
1/27/2018 9:00,32,16,16
1/27/2018 10:00,32,22,10
1/27/2018 11:00,41,24,17
1/27/2018 12:00,42,17,25
1/27/2018 13:00,52,23,29
1/27/2018 14:00,44,21,23
1/27/2018 15:00,50,21,29
1/27/2018 16:00,61,23,38
1/27/2018 17:00,41,18,23
1/27/2018 18:00,29,16,13
1/27/2018 19:00,14,7,7
1/27/2018 20:00,12,5,7
1/27/2018 21:00,12,5,7
1/27/2018 22:00,14,7,7
1/27/2018 23:00,11,3,8
1/28/2018 0:00,6,3,3
1/28/2018 1:00,6,1,5
1/28/2018 2:00,1,0,1
1/28/2018 3:00,2,2,0
1/28/2018 4:00,3,2,1
1/28/2018 5:00,1,1,0
1/28/2018 6:00,2,1,1
1/28/2018 7:00,14,9,5
1/28/2018 8:00,29,21,8
1/28/2018 9:00,30,16,14
1/28/2018 10:00,39,19,20
1/28/2018 11:00,52,29,23
1/28/2018 12:00,51,27,24
1/28/2018 13:00,83,44,39
1/28/2018 14:00,76,44,32
1/28/2018 15:00,80,36,44
1/28/2018 16:00,69,32,37
1/28/2018 17:00,41,20,21
1/28/2018 18:00,44,20,24
1/28/2018 19:00,15,8,7
1/28/2018 20:00,21,8,13
1/28/2018 21:00,4,3,1
1/28/2018 22:00,4,1,3
1/28/2018 23:00,5,2,3
1/29/2018 0:00,5,2,3
1/29/2018 1:00,4,0,4
1/29/2018 2:00,0,0,0
1/29/2018 3:00,3,2,1
1/29/2018 4:00,7,4,3
1/29/2018 5:00,34,22,12
1/29/2018 6:00,94,58,36
1/29/2018 7:00,195,110,85
1/29/2018 8:00,349,198,151
1/29/2018 9:00,167,94,73
1/29/2018 10:00,52,29,23
1/29/2018 11:00,28,14,14
1/29/2018 12:00,31,12,19
1/29/2018 13:00,19,8,11
1/29/2018 14:00,29,13,16
1/29/2018 15:00,42,15,27
1/29/2018 16:00,119,26,93
1/29/2018 17:00,362,70,292
1/29/2018 18:00,232,43,189
1/29/2018 19:00,103,26,77
1/29/2018 20:00,39,12,27
1/29/2018 21:00,25,11,14
1/29/2018 22:00,18,6,12
1/29/2018 23:00,15,8,7
1/30/2018 0:00,6,1,5
1/30/2018 1:00,1,1,0
1/30/2018 2:00,2,1,1
1/30/2018 3:00,3,1,2
1/30/2018 4:00,9,6,3
1/30/2018 5:00,39,20,19
1/30/2018 6:00,130,72,58
1/30/2018 7:00,294,172,122
1/30/2018 8:00,406,213,193
1/30/2018 9:00,219,111,108
1/30/2018 10:00,80,37,43
1/30/2018 11:00,58,29,29
1/30/2018 12:00,53,23,30
1/30/2018 13:00,59,30,29
1/30/2018 14:00,68,21,47
1/30/2018 15:00,128,60,68
1/30/2018 16:00,271,85,186
1/30/2018 17:00,495,107,388
1/30/2018 18:00,292,85,207
1/30/2018 19:00,120,32,88
1/30/2018 20:00,62,20,42
1/30/2018 21:00,50,20,30
1/30/2018 22:00,23,10,13
1/30/2018 23:00,10,5,5
1/31/2018 0:00,14,7,7
1/31/2018 1:00,2,0,2
1/31/2018 2:00,2,0,2
1/31/2018 3:00,4,1,3
1/31/2018 4:00,9,4,5
1/31/2018 5:00,36,19,17
1/31/2018 6:00,115,61,54
1/31/2018 7:00,270,144,126
1/31/2018 8:00,381,196,185
1/31/2018 9:00,199,99,100
1/31/2018 10:00,65,24,41
1/31/2018 11:00,53,24,29
1/31/2018 12:00,42,19,23
1/31/2018 13:00,51,26,25
1/31/2018 14:00,77,36,41
1/31/2018 15:00,78,31,47
1/31/2018 16:00,209,60,149
1/31/2018 17:00,412,88,324
1/31/2018 18:00,263,65,198
1/31/2018 19:00,113,36,77
1/31/2018 20:00,69,24,45
1/31/2018 21:00,37,15,22
1/31/2018 22:00,29,12,17
1/31/2018 23:00,6,2,4
2/1/2018 0:00,8,2,6
2/1/2018 1:00,3,2,1
2/1/2018 2:00,0,0,0
2/1/2018 3:00,6,3,3
2/1/2018 4:00,8,5,3
2/1/2018 5:00,36,21,15
2/1/2018 6:00,102,61,41
2/1/2018 7:00,233,124,109
2/1/2018 8:00,359,172,187
2/1/2018 9:00,196,98,98
2/1/2018 10:00,79,37,42
2/1/2018 11:00,45,19,26
2/1/2018 12:00,43,17,26
2/1/2018 13:00,43,20,23
2/1/2018 14:00,37,17,20
2/1/2018 15:00,68,23,45
2/1/2018 16:00,154,44,110
2/1/2018 17:00,390,71,319
2/1/2018 18:00,216,52,164
2/1/2018 19:00,99,18,81
2/1/2018 20:00,47,14,33
2/1/2018 21:00,25,10,15
2/1/2018 22:00,21,10,11
2/1/2018 23:00,9,4,5
2/2/2018 0:00,5,1,4
2/2/2018 1:00,1,0,1
2/2/2018 2:00,2,0,2
2/2/2018 3:00,6,2,4
2/2/2018 4:00,9,3,6
2/2/2018 5:00,33,19,14
2/2/2018 6:00,76,37,39
2/2/2018 7:00,216,124,92
2/2/2018 8:00,292,167,125
2/2/2018 9:00,148,69,79
2/2/2018 10:00,39,21,18
2/2/2018 11:00,54,30,24
2/2/2018 12:00,43,23,20
2/2/2018 13:00,84,39,45
2/2/2018 14:00,56,18,38
2/2/2018 15:00,110,47,63
2/2/2018 16:00,186,50,136
2/2/2018 17:00,371,96,275
2/2/2018 18:00,213,54,159
2/2/2018 19:00,71,24,47
2/2/2018 20:00,46,16,30
2/2/2018 21:00,32,14,18
2/2/2018 22:00,15,6,9
2/2/2018 23:00,20,12,8
2/3/2018 0:00,18,9,9
2/3/2018 1:00,11,10,1
2/3/2018 2:00,5,2,3
2/3/2018 3:00,3,0,3
2/3/2018 4:00,5,3,2
2/3/2018 5:00,4,2,2
2/3/2018 6:00,11,6,5
2/3/2018 7:00,21,8,13
2/3/2018 8:00,51,19,32
2/3/2018 9:00,52,25,27
2/3/2018 10:00,49,33,16
2/3/2018 11:00,71,35,36
2/3/2018 12:00,66,36,30
2/3/2018 13:00,73,36,37
2/3/2018 14:00,56,27,29
2/3/2018 15:00,53,22,31
2/3/2018 16:00,37,21,16
2/3/2018 17:00,41,14,27
2/3/2018 18:00,17,11,6
2/3/2018 19:00,15,9,6
2/3/2018 20:00,9,4,5
2/3/2018 21:00,12,5,7
2/3/2018 22:00,5,3,2
2/3/2018 23:00,11,4,7
2/4/2018 0:00,10,6,4
2/4/2018 1:00,4,1,3
2/4/2018 2:00,6,3,3
2/4/2018 3:00,0,0,0
2/4/2018 4:00,2,1,1
2/4/2018 5:00,5,4,1
2/4/2018 6:00,12,4,8
2/4/2018 7:00,8,5,3
2/4/2018 8:00,26,14,12
2/4/2018 9:00,42,23,19
2/4/2018 10:00,41,21,20
2/4/2018 11:00,62,33,29
2/4/2018 12:00,77,45,32
2/4/2018 13:00,112,64,48
2/4/2018 14:00,133,69,64
2/4/2018 15:00,150,66,84
2/4/2018 16:00,80,45,35
2/4/2018 17:00,45,27,18
2/4/2018 18:00,33,18,15
2/4/2018 19:00,27,11,16
2/4/2018 20:00,30,12,18
2/4/2018 21:00,15,9,6
2/4/2018 22:00,14,12,2
2/4/2018 23:00,4,2,2
2/5/2018 0:00,3,1,2
2/5/2018 1:00,2,0,2
2/5/2018 2:00,2,0,2
2/5/2018 3:00,0,0,0
2/5/2018 4:00,13,5,8
2/5/2018 5:00,42,26,16
2/5/2018 6:00,103,59,44
2/5/2018 7:00,293,159,134
2/5/2018 8:00,453,245,208
2/5/2018 9:00,218,96,122
2/5/2018 10:00,75,40,35
2/5/2018 11:00,50,22,28
2/5/2018 12:00,42,16,26
2/5/2018 13:00,50,24,26
2/5/2018 14:00,45,16,29
2/5/2018 15:00,94,39,55
2/5/2018 16:00,218,66,152
2/5/2018 17:00,502,102,400
2/5/2018 18:00,312,71,241
2/5/2018 19:00,122,30,92
2/5/2018 20:00,65,17,48
2/5/2018 21:00,35,13,22
2/5/2018 22:00,18,4,14
2/5/2018 23:00,10,4,6
2/6/2018 0:00,5,3,2
2/6/2018 1:00,6,5,1
2/6/2018 2:00,4,3,1
2/6/2018 3:00,2,1,1
2/6/2018 4:00,8,4,4
2/6/2018 5:00,37,17,20
2/6/2018 6:00,117,68,49
2/6/2018 7:00,322,176,146
2/6/2018 8:00,430,228,202
2/6/2018 9:00,200,92,108
2/6/2018 10:00,83,38,45
2/6/2018 11:00,52,23,29
2/6/2018 12:00,48,17,31
2/6/2018 13:00,65,28,37
2/6/2018 14:00,66,31,35
2/6/2018 15:00,97,40,57
2/6/2018 16:00,245,66,179
2/6/2018 17:00,455,89,366
2/6/2018 18:00,320,78,242
2/6/2018 19:00,119,43,76
2/6/2018 20:00,64,15,49
2/6/2018 21:00,47,17,30
2/6/2018 22:00,28,11,17
2/6/2018 23:00,10,2,8
2/7/2018 0:00,2,1,1
2/7/2018 1:00,0,0,0
2/7/2018 2:00,0,0,0
2/7/2018 3:00,4,2,2
2/7/2018 4:00,9,5,4
2/7/2018 5:00,35,20,15
2/7/2018 6:00,121,74,47
2/7/2018 7:00,302,155,147
2/7/2018 8:00,434,237,197
2/7/2018 9:00,219,97,122
2/7/2018 10:00,75,31,44
2/7/2018 11:00,69,41,28
2/7/2018 12:00,53,24,29
2/7/2018 13:00,67,39,28
2/7/2018 14:00,58,28,30
2/7/2018 15:00,110,47,63
2/7/2018 16:00,252,75,177
2/7/2018 17:00,420,94,326
2/7/2018 18:00,310,81,229
2/7/2018 19:00,129,50,79
2/7/2018 20:00,65,19,46
2/7/2018 21:00,48,19,29
2/7/2018 22:00,24,10,14
2/7/2018 23:00,12,3,9
2/8/2018 0:00,6,3,3
2/8/2018 1:00,4,2,2
2/8/2018 2:00,1,1,0
2/8/2018 3:00,2,1,1
2/8/2018 4:00,9,5,4
2/8/2018 5:00,32,20,12
2/8/2018 6:00,102,56,46
2/8/2018 7:00,266,156,110
2/8/2018 8:00,407,204,203
2/8/2018 9:00,219,112,107
2/8/2018 10:00,86,44,42
2/8/2018 11:00,59,21,38
2/8/2018 12:00,66,24,42
2/8/2018 13:00,62,27,35
2/8/2018 14:00,52,22,30
2/8/2018 15:00,87,37,50
2/8/2018 16:00,207,55,152
2/8/2018 17:00,371,88,283
2/8/2018 18:00,268,77,191
2/8/2018 19:00,98,28,70
2/8/2018 20:00,80,43,37
2/8/2018 21:00,44,17,27
2/8/2018 22:00,15,6,9
2/8/2018 23:00,10,2,8
2/9/2018 0:00,10,3,7
2/9/2018 1:00,0,0,0
2/9/2018 2:00,4,0,4
2/9/2018 3:00,4,2,2
2/9/2018 4:00,11,6,5
2/9/2018 5:00,28,11,17
2/9/2018 6:00,85,44,41
2/9/2018 7:00,213,118,95
2/9/2018 8:00,349,185,164
2/9/2018 9:00,187,83,104
2/9/2018 10:00,77,33,44
2/9/2018 11:00,54,23,31
2/9/2018 12:00,67,28,39
2/9/2018 13:00,78,41,37
2/9/2018 14:00,73,31,42
2/9/2018 15:00,138,51,87
2/9/2018 16:00,251,71,180
2/9/2018 17:00,374,87,287
2/9/2018 18:00,222,56,166
2/9/2018 19:00,84,38,46
2/9/2018 20:00,43,11,32
2/9/2018 21:00,31,11,20
2/9/2018 22:00,24,9,15
2/9/2018 23:00,17,7,10
2/10/2018 0:00,13,1,12
2/10/2018 1:00,1,1,0
2/10/2018 2:00,5,3,2
2/10/2018 3:00,2,0,2
2/10/2018 4:00,5,3,2
2/10/2018 5:00,4,1,3
2/10/2018 6:00,24,15,9
2/10/2018 7:00,29,15,14
2/10/2018 8:00,54,24,30
2/10/2018 9:00,68,38,30
2/10/2018 10:00,88,49,39
2/10/2018 11:00,141,67,74
2/10/2018 12:00,129,63,66
2/10/2018 13:00,182,111,71
2/10/2018 14:00,190,92,98
2/10/2018 15:00,174,89,85
2/10/2018 16:00,154,89,65
2/10/2018 17:00,89,45,44
2/10/2018 18:00,48,19,29
2/10/2018 19:00,37,17,20
2/10/2018 20:00,12,6,6
2/10/2018 21:00,24,16,8
2/10/2018 22:00,8,4,4
2/10/2018 23:00,14,5,9
2/11/2018 0:00,12,4,8
2/11/2018 1:00,6,4,2
2/11/2018 2:00,3,0,3
2/11/2018 3:00,1,1,0
2/11/2018 4:00,1,0,1
2/11/2018 5:00,2,2,0
2/11/2018 6:00,10,4,6
2/11/2018 7:00,18,10,8
2/11/2018 8:00,40,21,19
2/11/2018 9:00,50,25,25
2/11/2018 10:00,44,25,19
2/11/2018 11:00,109,50,59
2/11/2018 12:00,115,62,53
2/11/2018 13:00,140,71,69
2/11/2018 14:00,120,51,69
2/11/2018 15:00,124,69,55
2/11/2018 16:00,127,56,71
2/11/2018 17:00,80,41,39
2/11/2018 18:00,29,13,16
2/11/2018 19:00,18,9,9
2/11/2018 20:00,7,2,5
2/11/2018 21:00,12,8,4
2/11/2018 22:00,7,3,4
2/11/2018 23:00,13,7,6
2/12/2018 0:00,8,3,5
2/12/2018 1:00,2,1,1
2/12/2018 2:00,3,2,1
2/12/2018 3:00,1,1,0
2/12/2018 4:00,10,6,4
2/12/2018 5:00,34,18,16
2/12/2018 6:00,114,68,46
2/12/2018 7:00,284,154,130
2/12/2018 8:00,468,241,227
2/12/2018 9:00,252,120,132
2/12/2018 10:00,75,34,41
2/12/2018 11:00,62,32,30
2/12/2018 12:00,76,44,32
2/12/2018 13:00,65,34,31
2/12/2018 14:00,79,39,40
2/12/2018 15:00,120,58,62
2/12/2018 16:00,266,72,194
2/12/2018 17:00,499,118,381
2/12/2018 18:00,319,85,234
2/12/2018 19:00,139,37,102
2/12/2018 20:00,61,16,45
2/12/2018 21:00,37,12,25
2/12/2018 22:00,30,10,20
2/12/2018 23:00,7,4,3
2/13/2018 0:00,3,1,2
2/13/2018 1:00,2,2,0
2/13/2018 2:00,1,0,1
2/13/2018 3:00,3,2,1
2/13/2018 4:00,9,5,4
2/13/2018 5:00,27,13,14
2/13/2018 6:00,97,60,37
2/13/2018 7:00,280,141,139
2/13/2018 8:00,416,229,187
2/13/2018 9:00,224,99,125
2/13/2018 10:00,69,28,41
2/13/2018 11:00,61,25,36
2/13/2018 12:00,50,22,28
2/13/2018 13:00,74,38,36
2/13/2018 14:00,81,44,37
2/13/2018 15:00,110,37,73
2/13/2018 16:00,250,75,175
2/13/2018 17:00,471,91,380
2/13/2018 18:00,293,77,216
2/13/2018 19:00,133,33,100
2/13/2018 20:00,55,21,34
2/13/2018 21:00,45,13,32
2/13/2018 22:00,24,9,15
2/13/2018 23:00,4,1,3
2/14/2018 0:00,2,2,0
2/14/2018 1:00,5,2,3
2/14/2018 2:00,0,0,0
2/14/2018 3:00,1,0,1
2/14/2018 4:00,8,4,4
2/14/2018 5:00,39,17,22
2/14/2018 6:00,108,68,40
2/14/2018 7:00,227,128,99
2/14/2018 8:00,363,195,168
2/14/2018 9:00,184,93,91
2/14/2018 10:00,59,33,26
2/14/2018 11:00,31,16,15
2/14/2018 12:00,33,19,14
2/14/2018 13:00,52,27,25
2/14/2018 14:00,64,28,36
2/14/2018 15:00,70,28,42
2/14/2018 16:00,209,64,145
2/14/2018 17:00,433,90,343
2/14/2018 18:00,200,54,146
2/14/2018 19:00,87,30,57
2/14/2018 20:00,52,29,23
2/14/2018 21:00,31,13,18
2/14/2018 22:00,9,3,6
2/14/2018 23:00,13,7,6
2/15/2018 0:00,5,1,4
2/15/2018 1:00,3,1,2
2/15/2018 2:00,2,0,2
2/15/2018 3:00,3,1,2
2/15/2018 4:00,13,9,4
2/15/2018 5:00,30,16,14
2/15/2018 6:00,95,59,36
2/15/2018 7:00,269,139,130
2/15/2018 8:00,416,227,189
2/15/2018 9:00,193,99,94
2/15/2018 10:00,74,32,42
2/15/2018 11:00,70,34,36
2/15/2018 12:00,59,27,32
2/15/2018 13:00,66,31,35
2/15/2018 14:00,62,28,34
2/15/2018 15:00,106,44,62
2/15/2018 16:00,243,68,175
2/15/2018 17:00,419,95,324
2/15/2018 18:00,263,75,188
2/15/2018 19:00,115,38,77
2/15/2018 20:00,58,18,40
2/15/2018 21:00,47,16,31
2/15/2018 22:00,21,8,13
2/15/2018 23:00,12,6,6
2/16/2018 0:00,7,1,6
2/16/2018 1:00,3,1,2
2/16/2018 2:00,3,0,3
2/16/2018 3:00,3,1,2
2/16/2018 4:00,7,2,5
2/16/2018 5:00,21,13,8
2/16/2018 6:00,57,32,25
2/16/2018 7:00,189,107,82
2/16/2018 8:00,256,134,122
2/16/2018 9:00,150,74,76
2/16/2018 10:00,60,25,35
2/16/2018 11:00,42,22,20
2/16/2018 12:00,44,21,23
2/16/2018 13:00,38,14,24
2/16/2018 14:00,74,30,44
2/16/2018 15:00,78,27,51
2/16/2018 16:00,178,46,132
2/16/2018 17:00,312,75,237
2/16/2018 18:00,168,40,128
2/16/2018 19:00,63,16,47
2/16/2018 20:00,50,19,31
2/16/2018 21:00,22,10,12
2/16/2018 22:00,23,10,13
2/16/2018 23:00,12,6,6
2/17/2018 0:00,12,7,5
2/17/2018 1:00,6,5,1
2/17/2018 2:00,6,3,3
2/17/2018 3:00,1,1,0
2/17/2018 4:00,3,2,1
2/17/2018 5:00,3,0,3
2/17/2018 6:00,4,0,4
2/17/2018 7:00,8,3,5
2/17/2018 8:00,35,19,16
2/17/2018 9:00,22,10,12
2/17/2018 10:00,24,15,9
2/17/2018 11:00,38,21,17
2/17/2018 12:00,56,29,27
2/17/2018 13:00,78,37,41
2/17/2018 14:00,91,40,51
2/17/2018 15:00,107,53,54
2/17/2018 16:00,82,43,39
2/17/2018 17:00,72,38,34
2/17/2018 18:00,38,17,21
2/17/2018 19:00,21,12,9
2/17/2018 20:00,18,7,11
2/17/2018 21:00,16,8,8
2/17/2018 22:00,21,7,14
2/17/2018 23:00,6,4,2
2/18/2018 0:00,12,5,7
2/18/2018 1:00,5,0,5
2/18/2018 2:00,5,1,4
2/18/2018 3:00,3,3,0
2/18/2018 4:00,1,0,1
2/18/2018 5:00,4,4,0
2/18/2018 6:00,5,1,4
2/18/2018 7:00,6,2,4
2/18/2018 8:00,20,10,10
2/18/2018 9:00,28,14,14
2/18/2018 10:00,29,18,11
2/18/2018 11:00,39,13,26
2/18/2018 12:00,43,18,25
2/18/2018 13:00,19,11,8
2/18/2018 14:00,32,12,20
2/18/2018 15:00,42,23,19
2/18/2018 16:00,46,21,25
2/18/2018 17:00,24,8,16
2/18/2018 18:00,23,12,11
2/18/2018 19:00,13,7,6
2/18/2018 20:00,8,5,3
2/18/2018 21:00,7,3,4
2/18/2018 22:00,6,4,2
2/18/2018 23:00,6,3,3
2/19/2018 0:00,5,5,0
2/19/2018 1:00,3,1,2
2/19/2018 2:00,1,0,1
2/19/2018 3:00,0,0,0
2/19/2018 4:00,5,2,3
2/19/2018 5:00,16,12,4
2/19/2018 6:00,25,11,14
2/19/2018 7:00,73,34,39
2/19/2018 8:00,115,54,61
2/19/2018 9:00,99,47,52
2/19/2018 10:00,50,22,28
2/19/2018 11:00,50,21,29
2/19/2018 12:00,53,21,32
2/19/2018 13:00,73,33,40
2/19/2018 14:00,78,32,46
2/19/2018 15:00,86,38,48
2/19/2018 16:00,97,36,61
2/19/2018 17:00,186,44,142
2/19/2018 18:00,101,20,81
2/19/2018 19:00,36,8,28
2/19/2018 20:00,25,9,16
2/19/2018 21:00,9,1,8
2/19/2018 22:00,15,4,11
2/19/2018 23:00,5,3,2
2/20/2018 0:00,7,3,4
2/20/2018 1:00,6,3,3
2/20/2018 2:00,1,0,1
2/20/2018 3:00,2,1,1
2/20/2018 4:00,8,5,3
2/20/2018 5:00,24,14,10
2/20/2018 6:00,69,39,30
2/20/2018 7:00,186,103,83
2/20/2018 8:00,268,128,140
2/20/2018 9:00,154,73,81
2/20/2018 10:00,66,26,40
2/20/2018 11:00,37,15,22
2/20/2018 12:00,33,13,20
2/20/2018 13:00,36,13,23
2/20/2018 14:00,46,22,24
2/20/2018 15:00,62,22,40
2/20/2018 16:00,149,44,105
2/20/2018 17:00,316,78,238
2/20/2018 18:00,216,58,158
2/20/2018 19:00,107,33,74
2/20/2018 20:00,34,12,22
2/20/2018 21:00,25,6,19
2/20/2018 22:00,22,11,11
2/20/2018 23:00,11,6,5
2/21/2018 0:00,6,1,5
2/21/2018 1:00,4,3,1
2/21/2018 2:00,4,2,2
2/21/2018 3:00,2,1,1
2/21/2018 4:00,7,4,3
2/21/2018 5:00,32,20,12
2/21/2018 6:00,63,34,29
2/21/2018 7:00,179,83,96
2/21/2018 8:00,286,137,149
2/21/2018 9:00,159,82,77
2/21/2018 10:00,65,27,38
2/21/2018 11:00,42,22,20
2/21/2018 12:00,39,20,19
2/21/2018 13:00,34,15,19
2/21/2018 14:00,42,18,24
2/21/2018 15:00,83,31,52
2/21/2018 16:00,134,49,85
2/21/2018 17:00,295,61,234
2/21/2018 18:00,187,48,139
2/21/2018 19:00,75,18,57
2/21/2018 20:00,45,12,33
2/21/2018 21:00,22,11,11
2/21/2018 22:00,12,4,8
2/21/2018 23:00,5,3,2
2/22/2018 0:00,4,0,4
2/22/2018 1:00,4,1,3
2/22/2018 2:00,1,0,1
2/22/2018 3:00,3,2,1
2/22/2018 4:00,7,4,3
2/22/2018 5:00,13,6,7
2/22/2018 6:00,35,15,20
2/22/2018 7:00,65,29,36
2/22/2018 8:00,113,50,63
2/22/2018 9:00,86,42,44
2/22/2018 10:00,48,15,33
2/22/2018 11:00,32,16,16
2/22/2018 12:00,31,9,22
2/22/2018 13:00,30,11,19
2/22/2018 14:00,30,16,14
2/22/2018 15:00,41,16,25
2/22/2018 16:00,80,24,56
2/22/2018 17:00,160,38,122
2/22/2018 18:00,107,24,83
2/22/2018 19:00,48,17,31
2/22/2018 20:00,23,7,16
2/22/2018 21:00,29,10,19
2/22/2018 22:00,22,15,7
2/22/2018 23:00,10,6,4
2/23/2018 0:00,4,2,2
2/23/2018 1:00,1,1,0
2/23/2018 2:00,2,1,1
2/23/2018 3:00,3,2,1
2/23/2018 4:00,5,1,4
2/23/2018 5:00,11,6,5
2/23/2018 6:00,36,16,20
2/23/2018 7:00,100,57,43
2/23/2018 8:00,159,84,75
2/23/2018 9:00,107,47,60
2/23/2018 10:00,39,17,22
2/23/2018 11:00,26,10,16
2/23/2018 12:00,24,8,16
2/23/2018 13:00,25,10,15
2/23/2018 14:00,35,12,23
2/23/2018 15:00,61,13,48
2/23/2018 16:00,118,38,80
2/23/2018 17:00,170,40,130
2/23/2018 18:00,91,22,69
2/23/2018 19:00,37,10,27
2/23/2018 20:00,25,8,17
2/23/2018 21:00,23,8,15
2/23/2018 22:00,10,4,6
2/23/2018 23:00,14,7,7
2/24/2018 0:00,5,2,3
2/24/2018 1:00,2,1,1
2/24/2018 2:00,3,0,3
2/24/2018 3:00,5,1,4
2/24/2018 4:00,6,4,2
2/24/2018 5:00,3,1,2
2/24/2018 6:00,4,3,1
2/24/2018 7:00,9,4,5
2/24/2018 8:00,22,11,11
2/24/2018 9:00,28,13,15
2/24/2018 10:00,25,15,10
2/24/2018 11:00,36,21,15
2/24/2018 12:00,63,39,24
2/24/2018 13:00,87,42,45
2/24/2018 14:00,63,38,25
2/24/2018 15:00,84,32,52
2/24/2018 16:00,75,38,37
2/24/2018 17:00,57,26,31
2/24/2018 18:00,36,21,15
2/24/2018 19:00,18,8,10
2/24/2018 20:00,19,5,14
2/24/2018 21:00,9,4,5
2/24/2018 22:00,20,7,13
2/24/2018 23:00,7,0,7
2/25/2018 0:00,5,1,4
2/25/2018 1:00,8,4,4
2/25/2018 2:00,2,1,1
2/25/2018 3:00,1,0,1
2/25/2018 4:00,4,0,4
2/25/2018 5:00,2,1,1
2/25/2018 6:00,15,2,13
2/25/2018 7:00,47,31,16
2/25/2018 8:00,51,40,11
2/25/2018 9:00,34,23,11
2/25/2018 10:00,36,17,19
2/25/2018 11:00,41,20,21
2/25/2018 12:00,57,23,34
2/25/2018 13:00,66,28,38
2/25/2018 14:00,86,48,38
2/25/2018 15:00,62,33,29
2/25/2018 16:00,77,37,40
2/25/2018 17:00,29,8,21
2/25/2018 18:00,19,11,8
2/25/2018 19:00,20,5,15
2/25/2018 20:00,7,3,4
2/25/2018 21:00,17,13,4
2/25/2018 22:00,8,1,7
2/25/2018 23:00,4,2,2
2/26/2018 0:00,2,1,1
2/26/2018 1:00,3,0,3
2/26/2018 2:00,0,0,0
2/26/2018 3:00,5,3,2
2/26/2018 4:00,11,7,4
2/26/2018 5:00,22,15,7
2/26/2018 6:00,82,43,39
2/26/2018 7:00,205,118,87
2/26/2018 8:00,307,159,148
2/26/2018 9:00,180,81,99
2/26/2018 10:00,68,35,33
2/26/2018 11:00,41,16,25
2/26/2018 12:00,40,16,24
2/26/2018 13:00,59,25,34
2/26/2018 14:00,72,33,39
2/26/2018 15:00,99,43,56
2/26/2018 16:00,203,68,135
2/26/2018 17:00,377,99,278
2/26/2018 18:00,265,69,196
2/26/2018 19:00,118,31,87
2/26/2018 20:00,49,19,30
2/26/2018 21:00,37,11,26
2/26/2018 22:00,23,9,14
2/26/2018 23:00,10,3,7
2/27/2018 0:00,7,2,5
2/27/2018 1:00,1,1,0
2/27/2018 2:00,2,0,2
2/27/2018 3:00,3,3,0
2/27/2018 4:00,7,2,5
2/27/2018 5:00,26,14,12
2/27/2018 6:00,93,52,41
2/27/2018 7:00,258,149,109
2/27/2018 8:00,367,214,153
2/27/2018 9:00,189,92,97
2/27/2018 10:00,64,26,38
2/27/2018 11:00,43,15,28
2/27/2018 12:00,42,25,17
2/27/2018 13:00,49,17,32
2/27/2018 14:00,50,20,30
2/27/2018 15:00,82,30,52
2/27/2018 16:00,173,49,124
2/27/2018 17:00,339,69,270
2/27/2018 18:00,255,63,192
2/27/2018 19:00,83,21,62
2/27/2018 20:00,48,16,32
2/27/2018 21:00,33,10,23
2/27/2018 22:00,22,12,10
2/27/2018 23:00,11,4,7
2/28/2018 0:00,4,0,4
2/28/2018 1:00,1,0,1
2/28/2018 2:00,0,0,0
2/28/2018 3:00,4,2,2
2/28/2018 4:00,8,3,5
2/28/2018 5:00,25,11,14
2/28/2018 6:00,89,45,44
2/28/2018 7:00,240,123,117
2/28/2018 8:00,329,178,151
2/28/2018 9:00,179,86,93
2/28/2018 10:00,68,23,45
2/28/2018 11:00,40,15,25
2/28/2018 12:00,16,7,9
2/28/2018 13:00,35,14,21
2/28/2018 14:00,43,19,24
2/28/2018 15:00,50,15,35
2/28/2018 16:00,149,38,111
2/28/2018 17:00,334,78,256
2/28/2018 18:00,192,46,146
2/28/2018 19:00,77,17,60
2/28/2018 20:00,35,7,28
2/28/2018 21:00,32,14,18
2/28/2018 22:00,13,2,11
2/28/2018 23:00,9,3,6
3/1/2018 0:00,4,0,4
3/1/2018 1:00,2,0,2
3/1/2018 2:00,4,1,3
3/1/2018 3:00,1,1,0
3/1/2018 4:00,13,6,7
3/1/2018 5:00,33,17,16
3/1/2018 6:00,95,51,44
3/1/2018 7:00,275,139,136
3/1/2018 8:00,425,228,197
3/1/2018 9:00,197,80,117
3/1/2018 10:00,77,47,30
3/1/2018 11:00,69,34,35
3/1/2018 12:00,72,34,38
3/1/2018 13:00,72,34,38
3/1/2018 14:00,82,37,45
3/1/2018 15:00,137,52,85
3/1/2018 16:00,241,71,170
3/1/2018 17:00,492,114,378
3/1/2018 18:00,261,80,181
3/1/2018 19:00,127,41,86
3/1/2018 20:00,60,21,39
3/1/2018 21:00,35,14,21
3/1/2018 22:00,27,15,12
3/1/2018 23:00,9,4,5
3/2/2018 0:00,9,2,7
3/2/2018 1:00,2,1,1
3/2/2018 2:00,2,0,2
3/2/2018 3:00,4,2,2
3/2/2018 4:00,6,1,5
3/2/2018 5:00,22,15,7
3/2/2018 6:00,77,38,39
3/2/2018 7:00,212,108,104
3/2/2018 8:00,304,160,144
3/2/2018 9:00,192,87,105
3/2/2018 10:00,75,40,35
3/2/2018 11:00,64,32,32
3/2/2018 12:00,58,16,42
3/2/2018 13:00,65,33,32
3/2/2018 14:00,51,18,33
3/2/2018 15:00,112,39,73
3/2/2018 16:00,176,43,133
3/2/2018 17:00,378,93,285
3/2/2018 18:00,186,60,126
3/2/2018 19:00,83,16,67
3/2/2018 20:00,36,8,28
3/2/2018 21:00,34,10,24
3/2/2018 22:00,18,8,10
3/2/2018 23:00,15,5,10
3/3/2018 0:00,7,2,5
3/3/2018 1:00,5,3,2
3/3/2018 2:00,6,2,4
3/3/2018 3:00,2,2,0
3/3/2018 4:00,3,1,2
3/3/2018 5:00,5,4,1
3/3/2018 6:00,8,4,4
3/3/2018 7:00,26,13,13
3/3/2018 8:00,42,18,24
3/3/2018 9:00,65,29,36
3/3/2018 10:00,97,54,43
3/3/2018 11:00,107,64,43
3/3/2018 12:00,172,96,76
3/3/2018 13:00,174,87,87
3/3/2018 14:00,173,89,84
3/3/2018 15:00,226,128,98
3/3/2018 16:00,141,72,69
3/3/2018 17:00,93,44,49
3/3/2018 18:00,73,37,36
3/3/2018 19:00,13,6,7
3/3/2018 20:00,20,6,14
3/3/2018 21:00,16,6,10
3/3/2018 22:00,17,7,10
3/3/2018 23:00,17,4,13
3/4/2018 0:00,10,4,6
3/4/2018 1:00,9,4,5
3/4/2018 2:00,3,1,2
3/4/2018 3:00,4,3,1
3/4/2018 4:00,2,0,2
3/4/2018 5:00,5,4,1
3/4/2018 6:00,9,5,4
3/4/2018 7:00,18,12,6
3/4/2018 8:00,37,11,26
3/4/2018 9:00,42,17,25
3/4/2018 10:00,71,36,35
3/4/2018 11:00,99,50,49
3/4/2018 12:00,105,60,45
3/4/2018 13:00,89,46,43
3/4/2018 14:00,51,24,27
3/4/2018 15:00,47,26,21
3/4/2018 16:00,45,23,22
3/4/2018 17:00,43,24,19
3/4/2018 18:00,28,17,11
3/4/2018 19:00,23,7,16
3/4/2018 20:00,14,5,9
3/4/2018 21:00,13,5,8
3/4/2018 22:00,5,0,5
3/4/2018 23:00,5,2,3
3/5/2018 0:00,0,0,0
3/5/2018 1:00,3,1,2
3/5/2018 2:00,2,0,2
3/5/2018 3:00,2,0,2
3/5/2018 4:00,6,2,4
3/5/2018 5:00,38,17,21
3/5/2018 6:00,98,60,38
3/5/2018 7:00,306,164,142
3/5/2018 8:00,393,210,183
3/5/2018 9:00,245,113,132
3/5/2018 10:00,76,37,39
3/5/2018 11:00,52,30,22
3/5/2018 12:00,39,17,22
3/5/2018 13:00,69,37,32
3/5/2018 14:00,69,29,40
3/5/2018 15:00,78,30,48
3/5/2018 16:00,219,53,166
3/5/2018 17:00,493,117,376
3/5/2018 18:00,306,71,235
3/5/2018 19:00,118,31,87
3/5/2018 20:00,64,18,46
3/5/2018 21:00,38,15,23
3/5/2018 22:00,18,7,11
3/5/2018 23:00,10,4,6
3/6/2018 0:00,1,0,1
3/6/2018 1:00,4,2,2
3/6/2018 2:00,2,0,2
3/6/2018 3:00,1,1,0
3/6/2018 4:00,8,6,2
3/6/2018 5:00,33,17,16
3/6/2018 6:00,119,70,49
3/6/2018 7:00,361,192,169
3/6/2018 8:00,492,266,226
3/6/2018 9:00,241,109,132
3/6/2018 10:00,99,46,53
3/6/2018 11:00,70,31,39
3/6/2018 12:00,79,35,44
3/6/2018 13:00,114,57,57
3/6/2018 14:00,86,36,50
3/6/2018 15:00,166,80,86
3/6/2018 16:00,273,75,198
3/6/2018 17:00,556,112,444
3/6/2018 18:00,374,104,270
3/6/2018 19:00,134,37,97
3/6/2018 20:00,77,29,48
3/6/2018 21:00,36,19,17
3/6/2018 22:00,25,11,14
3/6/2018 23:00,15,6,9
3/7/2018 0:00,8,1,7
3/7/2018 1:00,2,0,2
3/7/2018 2:00,1,0,1
3/7/2018 3:00,2,1,1
3/7/2018 4:00,9,5,4
3/7/2018 5:00,30,16,14
3/7/2018 6:00,122,70,52
3/7/2018 7:00,298,157,141
3/7/2018 8:00,457,256,201
3/7/2018 9:00,242,109,133
3/7/2018 10:00,98,41,57
3/7/2018 11:00,65,32,33
3/7/2018 12:00,50,25,25
3/7/2018 13:00,72,33,39
3/7/2018 14:00,68,29,39
3/7/2018 15:00,111,41,70
3/7/2018 16:00,234,63,171
3/7/2018 17:00,478,117,361
3/7/2018 18:00,295,78,217
3/7/2018 19:00,152,43,109
3/7/2018 20:00,83,33,50
3/7/2018 21:00,57,21,36
3/7/2018 22:00,26,11,15
3/7/2018 23:00,13,4,9
3/8/2018 0:00,6,1,5
3/8/2018 1:00,2,1,1
3/8/2018 2:00,3,0,3
3/8/2018 3:00,3,1,2
3/8/2018 4:00,7,4,3
3/8/2018 5:00,30,18,12
3/8/2018 6:00,81,41,40
3/8/2018 7:00,180,97,83
3/8/2018 8:00,287,159,128
3/8/2018 9:00,151,72,79
3/8/2018 10:00,43,17,26
3/8/2018 11:00,24,16,8
3/8/2018 12:00,21,14,7
3/8/2018 13:00,21,13,8
3/8/2018 14:00,29,18,11
3/8/2018 15:00,52,18,34
3/8/2018 16:00,117,29,88
3/8/2018 17:00,291,63,228
3/8/2018 18:00,215,57,158
3/8/2018 19:00,91,28,63
3/8/2018 20:00,40,16,24
3/8/2018 21:00,20,10,10
3/8/2018 22:00,15,8,7
3/8/2018 23:00,8,2,6
3/9/2018 0:00,7,5,2
3/9/2018 1:00,8,3,5
3/9/2018 2:00,5,0,5
3/9/2018 3:00,5,3,2
3/9/2018 4:00,6,3,3
3/9/2018 5:00,30,18,12
3/9/2018 6:00,84,46,38
3/9/2018 7:00,243,141,102
3/9/2018 8:00,357,190,167
3/9/2018 9:00,208,109,99
3/9/2018 10:00,70,34,36
3/9/2018 11:00,56,20,36
3/9/2018 12:00,64,25,39
3/9/2018 13:00,69,30,39
3/9/2018 14:00,96,46,50
3/9/2018 15:00,151,52,99
3/9/2018 16:00,269,89,180
3/9/2018 17:00,407,84,323
3/9/2018 18:00,224,72,152
3/9/2018 19:00,90,23,67
3/9/2018 20:00,56,14,42
3/9/2018 21:00,41,15,26
3/9/2018 22:00,29,7,22
3/9/2018 23:00,23,9,14
3/10/2018 0:00,10,6,4
3/10/2018 1:00,4,3,1
3/10/2018 2:00,13,3,10
3/10/2018 3:00,4,2,2
3/10/2018 4:00,4,3,1
3/10/2018 5:00,5,3,2
3/10/2018 6:00,17,7,10
3/10/2018 7:00,30,14,16
3/10/2018 8:00,65,32,33
3/10/2018 9:00,91,35,56
3/10/2018 10:00,115,63,52
3/10/2018 11:00,139,68,71
3/10/2018 12:00,180,85,95
3/10/2018 13:00,209,116,93
3/10/2018 14:00,260,131,129
3/10/2018 15:00,201,99,102
3/10/2018 16:00,229,116,113
3/10/2018 17:00,130,65,65
3/10/2018 18:00,89,53,36
3/10/2018 19:00,50,30,20
3/10/2018 20:00,35,14,21
3/10/2018 21:00,39,18,21
3/10/2018 22:00,19,7,12
3/10/2018 23:00,19,5,14
3/11/2018 0:00,6,4,2
3/11/2018 1:00,9,2,7
3/11/2018 2:00,,,
3/11/2018 3:00,9,2,7
3/11/2018 4:00,4,2,2
3/11/2018 5:00,4,3,1
3/11/2018 6:00,5,0,5
3/11/2018 7:00,10,6,4
3/11/2018 8:00,35,19,16
3/11/2018 9:00,55,25,30
3/11/2018 10:00,84,35,49
3/11/2018 11:00,171,75,96
3/11/2018 12:00,251,132,119
3/11/2018 13:00,294,141,153
3/11/2018 14:00,333,178,155
3/11/2018 15:00,296,138,158
3/11/2018 16:00,282,148,134
3/11/2018 17:00,208,131,77
3/11/2018 18:00,141,70,71
3/11/2018 19:00,85,44,41
3/11/2018 20:00,35,18,17
3/11/2018 21:00,18,10,8
3/11/2018 22:00,21,9,12
3/11/2018 23:00,15,7,8
3/12/2018 0:00,7,2,5
3/12/2018 1:00,2,1,1
3/12/2018 2:00,1,0,1
3/12/2018 3:00,3,1,2
3/12/2018 4:00,13,6,7
3/12/2018 5:00,40,27,13
3/12/2018 6:00,123,65,58
3/12/2018 7:00,302,162,140
3/12/2018 8:00,539,303,236
3/12/2018 9:00,332,152,180
3/12/2018 10:00,142,71,71
3/12/2018 11:00,84,42,42
3/12/2018 12:00,120,60,60
3/12/2018 13:00,135,71,64
3/12/2018 14:00,142,75,67
3/12/2018 15:00,216,106,110
3/12/2018 16:00,453,125,328
3/12/2018 17:00,776,191,585
3/12/2018 18:00,480,172,308
3/12/2018 19:00,147,43,104
3/12/2018 20:00,83,25,58
3/12/2018 21:00,74,32,42
3/12/2018 22:00,21,8,13
3/12/2018 23:00,16,6,10
3/13/2018 0:00,9,4,5
3/13/2018 1:00,5,2,3
3/13/2018 2:00,5,2,3
3/13/2018 3:00,1,1,0
3/13/2018 4:00,6,4,2
3/13/2018 5:00,32,23,9
3/13/2018 6:00,103,52,51
3/13/2018 7:00,265,124,141
3/13/2018 8:00,372,194,178
3/13/2018 9:00,211,96,115
3/13/2018 10:00,78,30,48
3/13/2018 11:00,46,23,23
3/13/2018 12:00,41,21,20
3/13/2018 13:00,41,18,23
3/13/2018 14:00,46,19,27
3/13/2018 15:00,75,32,43
3/13/2018 16:00,188,44,144
3/13/2018 17:00,369,72,297
3/13/2018 18:00,263,64,199
3/13/2018 19:00,76,29,47
3/13/2018 20:00,51,17,34
3/13/2018 21:00,40,17,23
3/13/2018 22:00,17,7,10
3/13/2018 23:00,6,2,4
3/14/2018 0:00,8,4,4
3/14/2018 1:00,4,2,2
3/14/2018 2:00,0,0,0
3/14/2018 3:00,2,2,0
3/14/2018 4:00,13,6,7
3/14/2018 5:00,37,25,12
3/14/2018 6:00,106,59,47
3/14/2018 7:00,293,162,131
3/14/2018 8:00,396,210,186
3/14/2018 9:00,212,89,123
3/14/2018 10:00,73,25,48
3/14/2018 11:00,57,30,27
3/14/2018 12:00,72,36,36
3/14/2018 13:00,80,36,44
3/14/2018 14:00,85,39,46
3/14/2018 15:00,109,48,61
3/14/2018 16:00,259,74,185
3/14/2018 17:00,492,113,379
3/14/2018 18:00,388,116,272
3/14/2018 19:00,173,55,118
3/14/2018 20:00,90,27,63
3/14/2018 21:00,45,17,28
3/14/2018 22:00,30,15,15
3/14/2018 23:00,18,6,12
3/15/2018 0:00,3,1,2
3/15/2018 1:00,4,3,1
3/15/2018 2:00,2,1,1
3/15/2018 3:00,2,1,1
3/15/2018 4:00,9,6,3
3/15/2018 5:00,40,21,19
3/15/2018 6:00,119,67,52
3/15/2018 7:00,293,158,135
3/15/2018 8:00,482,266,216
3/15/2018 9:00,265,114,151
3/15/2018 10:00,95,57,38
3/15/2018 11:00,75,39,36
3/15/2018 12:00,99,57,42
3/15/2018 13:00,76,36,40
3/15/2018 14:00,114,55,59
3/15/2018 15:00,129,47,82
3/15/2018 16:00,299,84,215
3/15/2018 17:00,604,154,450
3/15/2018 18:00,432,131,301
3/15/2018 19:00,162,49,113
3/15/2018 20:00,91,33,58
3/15/2018 21:00,58,26,32
3/15/2018 22:00,25,8,17
3/15/2018 23:00,22,16,6
3/16/2018 0:00,11,5,6
3/16/2018 1:00,6,0,6
3/16/2018 2:00,5,0,5
3/16/2018 3:00,6,4,2
3/16/2018 4:00,9,5,4
3/16/2018 5:00,26,15,11
3/16/2018 6:00,95,47,48
3/16/2018 7:00,266,148,118
3/16/2018 8:00,436,225,211
3/16/2018 9:00,264,120,144
3/16/2018 10:00,98,41,57
3/16/2018 11:00,71,33,38
3/16/2018 12:00,87,35,52
3/16/2018 13:00,98,47,51
3/16/2018 14:00,152,60,92
3/16/2018 15:00,161,54,107
3/16/2018 16:00,336,97,239
3/16/2018 17:00,493,126,367
3/16/2018 18:00,319,103,216
3/16/2018 19:00,111,44,67
3/16/2018 20:00,64,16,48
3/16/2018 21:00,44,9,35
3/16/2018 22:00,32,15,17
3/16/2018 23:00,21,8,13
3/17/2018 0:00,16,6,10
3/17/2018 1:00,5,2,3
3/17/2018 2:00,8,7,1
3/17/2018 3:00,7,3,4
3/17/2018 4:00,2,1,1
3/17/2018 5:00,7,4,3
3/17/2018 6:00,20,13,7
3/17/2018 7:00,26,11,15
3/17/2018 8:00,53,23,30
3/17/2018 9:00,92,51,41
3/17/2018 10:00,121,51,70
3/17/2018 11:00,111,45,66
3/17/2018 12:00,131,58,73
3/17/2018 13:00,131,77,54
3/17/2018 14:00,118,52,66
3/17/2018 15:00,126,70,56
3/17/2018 16:00,124,68,56
3/17/2018 17:00,95,43,52
3/17/2018 18:00,64,31,33
3/17/2018 19:00,51,27,24
3/17/2018 20:00,35,15,20
3/17/2018 21:00,19,7,12
3/17/2018 22:00,25,12,13
3/17/2018 23:00,16,8,8
3/18/2018 0:00,14,11,3
3/18/2018 1:00,2,2,0
3/18/2018 2:00,1,0,1
3/18/2018 3:00,2,0,2
3/18/2018 4:00,5,2,3
3/18/2018 5:00,6,4,2
3/18/2018 6:00,4,3,1
3/18/2018 7:00,12,4,8
3/18/2018 8:00,40,22,18
3/18/2018 9:00,60,28,32
3/18/2018 10:00,96,47,49
3/18/2018 11:00,120,66,54
3/18/2018 12:00,155,71,84
3/18/2018 13:00,166,86,80
3/18/2018 14:00,189,103,86
3/18/2018 15:00,175,88,87
3/18/2018 16:00,193,93,100
3/18/2018 17:00,150,67,83
3/18/2018 18:00,108,46,62
3/18/2018 19:00,37,21,16
3/18/2018 20:00,21,7,14
3/18/2018 21:00,21,13,8
3/18/2018 22:00,14,7,7
3/18/2018 23:00,6,0,6
3/19/2018 0:00,5,2,3
3/19/2018 1:00,0,0,0
3/19/2018 2:00,1,1,0
3/19/2018 3:00,2,2,0
3/19/2018 4:00,12,6,6
3/19/2018 5:00,38,21,17
3/19/2018 6:00,135,80,55
3/19/2018 7:00,308,171,137
3/19/2018 8:00,492,277,215
3/19/2018 9:00,265,121,144
3/19/2018 10:00,83,39,44
3/19/2018 11:00,64,35,29
3/19/2018 12:00,79,35,44
3/19/2018 13:00,82,40,42
3/19/2018 14:00,90,35,55
3/19/2018 15:00,153,53,100
3/19/2018 16:00,281,83,198
3/19/2018 17:00,617,142,475
3/19/2018 18:00,419,127,292
3/19/2018 19:00,147,46,101
3/19/2018 20:00,68,15,53
3/19/2018 21:00,46,17,29
3/19/2018 22:00,25,9,16
3/19/2018 23:00,14,8,6
3/20/2018 0:00,6,2,4
3/20/2018 1:00,2,2,0
3/20/2018 2:00,0,0,0
3/20/2018 3:00,1,1,0
3/20/2018 4:00,10,5,5
3/20/2018 5:00,33,19,14
3/20/2018 6:00,127,73,54
3/20/2018 7:00,369,193,176
3/20/2018 8:00,489,259,230
3/20/2018 9:00,267,120,147
3/20/2018 10:00,101,46,55
3/20/2018 11:00,76,34,42
3/20/2018 12:00,89,48,41
3/20/2018 13:00,77,34,43
3/20/2018 14:00,103,39,64
3/20/2018 15:00,160,65,95
3/20/2018 16:00,331,118,213
3/20/2018 17:00,631,129,502
3/20/2018 18:00,428,131,297
3/20/2018 19:00,192,88,104
3/20/2018 20:00,64,21,43
3/20/2018 21:00,53,21,32
3/20/2018 22:00,26,10,16
3/20/2018 23:00,18,8,10
3/21/2018 0:00,4,1,3
3/21/2018 1:00,2,0,2
3/21/2018 2:00,2,1,1
3/21/2018 3:00,2,1,1
3/21/2018 4:00,10,6,4
3/21/2018 5:00,35,22,13
3/21/2018 6:00,115,65,50
3/21/2018 7:00,323,175,148
3/21/2018 8:00,475,257,218
3/21/2018 9:00,237,115,122
3/21/2018 10:00,102,46,56
3/21/2018 11:00,72,41,31
3/21/2018 12:00,73,33,40
3/21/2018 13:00,86,27,59
3/21/2018 14:00,96,45,51
3/21/2018 15:00,132,42,90
3/21/2018 16:00,331,104,227
3/21/2018 17:00,542,131,411
3/21/2018 18:00,353,90,263
3/21/2018 19:00,136,43,93
3/21/2018 20:00,85,23,62
3/21/2018 21:00,35,8,27
3/21/2018 22:00,22,8,14
3/21/2018 23:00,10,5,5
3/22/2018 0:00,3,2,1
3/22/2018 1:00,4,1,3
3/22/2018 2:00,3,0,3
3/22/2018 3:00,3,2,1
3/22/2018 4:00,9,7,2
3/22/2018 5:00,28,13,15
3/22/2018 6:00,86,48,38
3/22/2018 7:00,188,104,84
3/22/2018 8:00,273,133,140
3/22/2018 9:00,136,72,64
3/22/2018 10:00,51,19,32
3/22/2018 11:00,27,9,18
3/22/2018 12:00,32,16,16
3/22/2018 13:00,27,13,14
3/22/2018 14:00,31,14,17
3/22/2018 15:00,67,20,47
3/22/2018 16:00,155,41,114
3/22/2018 17:00,314,71,243
3/22/2018 18:00,221,65,156
3/22/2018 19:00,93,32,61
3/22/2018 20:00,48,18,30
3/22/2018 21:00,26,10,16
3/22/2018 22:00,14,4,10
3/22/2018 23:00,8,4,4
3/23/2018 0:00,12,3,9
3/23/2018 1:00,3,2,1
3/23/2018 2:00,0,0,0
3/23/2018 3:00,3,3,0
3/23/2018 4:00,3,2,1
3/23/2018 5:00,29,13,16
3/23/2018 6:00,67,32,35
3/23/2018 7:00,177,86,91
3/23/2018 8:00,240,125,115
3/23/2018 9:00,138,56,82
3/23/2018 10:00,38,18,20
3/23/2018 11:00,21,10,11
3/23/2018 12:00,24,10,14
3/23/2018 13:00,31,12,19
3/23/2018 14:00,57,27,30
3/23/2018 15:00,90,22,68
3/23/2018 16:00,161,32,129
3/23/2018 17:00,279,66,213
3/23/2018 18:00,181,48,133
3/23/2018 19:00,73,21,52
3/23/2018 20:00,41,14,27
3/23/2018 21:00,22,5,17
3/23/2018 22:00,26,11,15
3/23/2018 23:00,12,6,6
3/24/2018 0:00,11,4,7
3/24/2018 1:00,1,1,0
3/24/2018 2:00,2,2,0
3/24/2018 3:00,3,1,2
3/24/2018 4:00,4,4,0
3/24/2018 5:00,1,0,1
3/24/2018 6:00,7,3,4
3/24/2018 7:00,11,5,6
3/24/2018 8:00,30,15,15
3/24/2018 9:00,47,27,20
3/24/2018 10:00,69,36,33
3/24/2018 11:00,86,42,44
3/24/2018 12:00,136,55,81
3/24/2018 13:00,137,45,92
3/24/2018 14:00,137,52,85
3/24/2018 15:00,128,58,70
3/24/2018 16:00,138,60,78
3/24/2018 17:00,100,45,55
3/24/2018 18:00,72,33,39
3/24/2018 19:00,55,25,30
3/24/2018 20:00,23,13,10
3/24/2018 21:00,28,8,20
3/24/2018 22:00,16,8,8
3/24/2018 23:00,19,11,8
3/25/2018 0:00,12,3,9
3/25/2018 1:00,6,2,4
3/25/2018 2:00,3,1,2
3/25/2018 3:00,3,1,2
3/25/2018 4:00,1,0,1
3/25/2018 5:00,3,2,1
3/25/2018 6:00,10,6,4
3/25/2018 7:00,17,10,7
3/25/2018 8:00,38,20,18
3/25/2018 9:00,60,27,33
3/25/2018 10:00,99,38,61
3/25/2018 11:00,106,62,44
3/25/2018 12:00,132,69,63
3/25/2018 13:00,146,79,67
3/25/2018 14:00,168,79,89
3/25/2018 15:00,171,82,89
3/25/2018 16:00,149,63,86
3/25/2018 17:00,140,81,59
3/25/2018 18:00,92,51,41
3/25/2018 19:00,55,25,30
3/25/2018 20:00,24,17,7
3/25/2018 21:00,21,3,18
3/25/2018 22:00,7,3,4
3/25/2018 23:00,7,3,4
3/26/2018 0:00,4,1,3
3/26/2018 1:00,5,1,4
3/26/2018 2:00,0,0,0
3/26/2018 3:00,1,0,1
3/26/2018 4:00,8,4,4
3/26/2018 5:00,33,18,15
3/26/2018 6:00,70,35,35
3/26/2018 7:00,246,132,114
3/26/2018 8:00,382,212,170
3/26/2018 9:00,201,89,112
3/26/2018 10:00,78,39,39
3/26/2018 11:00,37,22,15
3/26/2018 12:00,34,15,19
3/26/2018 13:00,35,15,20
3/26/2018 14:00,48,21,27
3/26/2018 15:00,76,21,55
3/26/2018 16:00,203,62,141
3/26/2018 17:00,424,94,330
3/26/2018 18:00,259,81,178
3/26/2018 19:00,93,26,67
3/26/2018 20:00,45,10,35
3/26/2018 21:00,24,7,17
3/26/2018 22:00,15,5,10
3/26/2018 23:00,11,3,8
3/27/2018 0:00,3,3,0
3/27/2018 1:00,2,2,0
3/27/2018 2:00,3,2,1
3/27/2018 3:00,2,2,0
3/27/2018 4:00,8,5,3
3/27/2018 5:00,31,20,11
3/27/2018 6:00,96,52,44
3/27/2018 7:00,281,159,122
3/27/2018 8:00,370,199,171
3/27/2018 9:00,190,77,113
3/27/2018 10:00,73,38,35
3/27/2018 11:00,44,15,29
3/27/2018 12:00,42,22,20
3/27/2018 13:00,46,23,23
3/27/2018 14:00,58,25,33
3/27/2018 15:00,94,30,64
3/27/2018 16:00,219,72,147
3/27/2018 17:00,399,75,324
3/27/2018 18:00,302,79,223
3/27/2018 19:00,124,36,88
3/27/2018 20:00,55,19,36
3/27/2018 21:00,41,18,23
3/27/2018 22:00,26,13,13
3/27/2018 23:00,11,4,7
3/28/2018 0:00,6,3,3
3/28/2018 1:00,0,0,0
3/28/2018 2:00,0,0,0
3/28/2018 3:00,3,1,2
3/28/2018 4:00,7,4,3
3/28/2018 5:00,45,23,22
3/28/2018 6:00,127,67,60
3/28/2018 7:00,325,191,134
3/28/2018 8:00,462,245,217
3/28/2018 9:00,235,115,120
3/28/2018 10:00,111,52,59
3/28/2018 11:00,66,32,34
3/28/2018 12:00,75,32,43
3/28/2018 13:00,83,41,42
3/28/2018 14:00,104,39,65
3/28/2018 15:00,97,34,63
3/28/2018 16:00,304,87,217
3/28/2018 17:00,566,134,432
3/28/2018 18:00,347,92,255
3/28/2018 19:00,155,48,107
3/28/2018 20:00,84,28,56
3/28/2018 21:00,67,33,34
3/28/2018 22:00,37,22,15
3/28/2018 23:00,19,9,10
3/29/2018 0:00,10,4,6
3/29/2018 1:00,3,0,3
3/29/2018 2:00,3,1,2
3/29/2018 3:00,2,0,2
3/29/2018 4:00,7,5,2
3/29/2018 5:00,44,28,16
3/29/2018 6:00,110,61,49
3/29/2018 7:00,322,177,145
3/29/2018 8:00,444,230,214
3/29/2018 9:00,201,103,98
3/29/2018 10:00,116,63,53
3/29/2018 11:00,82,41,41
3/29/2018 12:00,78,39,39
3/29/2018 13:00,70,31,39
3/29/2018 14:00,86,40,46
3/29/2018 15:00,142,60,82
3/29/2018 16:00,276,69,207
3/29/2018 17:00,496,111,385
3/29/2018 18:00,368,112,256
3/29/2018 19:00,147,44,103
3/29/2018 20:00,106,28,78
3/29/2018 21:00,58,21,37
3/29/2018 22:00,45,11,34
3/29/2018 23:00,15,9,6
3/30/2018 0:00,9,4,5
3/30/2018 1:00,4,1,3
3/30/2018 2:00,3,1,2
3/30/2018 3:00,2,2,0
3/30/2018 4:00,12,6,6
3/30/2018 5:00,26,17,9
3/30/2018 6:00,70,48,22
3/30/2018 7:00,243,110,133
3/30/2018 8:00,354,187,167
3/30/2018 9:00,201,88,113
3/30/2018 10:00,106,46,60
3/30/2018 11:00,84,31,53
3/30/2018 12:00,94,43,51
3/30/2018 13:00,104,51,53
3/30/2018 14:00,121,52,69
3/30/2018 15:00,161,65,96
3/30/2018 16:00,288,84,204
3/30/2018 17:00,422,101,321
3/30/2018 18:00,262,89,173
3/30/2018 19:00,105,37,68
3/30/2018 20:00,73,30,43
3/30/2018 21:00,50,25,25
3/30/2018 22:00,27,14,13
3/30/2018 23:00,20,10,10
3/31/2018 0:00,21,6,15
3/31/2018 1:00,6,3,3
3/31/2018 2:00,7,3,4
3/31/2018 3:00,6,3,3
3/31/2018 4:00,2,1,1
3/31/2018 5:00,9,1,8
3/31/2018 6:00,21,9,12
3/31/2018 7:00,27,10,17
3/31/2018 8:00,58,27,31
3/31/2018 9:00,90,45,45
3/31/2018 10:00,123,63,60
3/31/2018 11:00,124,62,62
3/31/2018 12:00,164,100,64
3/31/2018 13:00,180,90,90
3/31/2018 14:00,202,87,115
3/31/2018 15:00,222,98,124
3/31/2018 16:00,208,103,105
3/31/2018 17:00,173,73,100
3/31/2018 18:00,160,72,88
3/31/2018 19:00,76,41,35
3/31/2018 20:00,35,23,12
3/31/2018 21:00,33,13,20
3/31/2018 22:00,32,15,17
3/31/2018 23:00,21,10,11
4/1/2018 0:00,10,4,6
4/1/2018 1:00,7,2,5
4/1/2018 2:00,6,4,2
4/1/2018 3:00,2,0,2
4/1/2018 4:00,1,0,1
4/1/2018 5:00,4,2,2
4/1/2018 6:00,14,5,9
4/1/2018 7:00,17,10,7
4/1/2018 8:00,31,15,16
4/1/2018 9:00,52,29,23
4/1/2018 10:00,41,25,16
4/1/2018 11:00,55,30,25
4/1/2018 12:00,48,29,19
4/1/2018 13:00,51,30,21
4/1/2018 14:00,60,31,29
4/1/2018 15:00,47,26,21
4/1/2018 16:00,40,19,21
4/1/2018 17:00,43,15,28
4/1/2018 18:00,45,18,27
4/1/2018 19:00,14,8,6
4/1/2018 20:00,14,4,10
4/1/2018 21:00,14,6,8
4/1/2018 22:00,4,1,3
4/1/2018 23:00,2,1,1
4/2/2018 0:00,3,1,2
4/2/2018 1:00,1,0,1
4/2/2018 2:00,1,1,0
4/2/2018 3:00,1,1,0
4/2/2018 4:00,9,5,4
4/2/2018 5:00,37,26,11
4/2/2018 6:00,120,70,50
4/2/2018 7:00,298,164,134
4/2/2018 8:00,513,267,246
4/2/2018 9:00,270,125,145
4/2/2018 10:00,118,54,64
4/2/2018 11:00,72,32,40
4/2/2018 12:00,87,48,39
4/2/2018 13:00,81,42,39
4/2/2018 14:00,87,37,50
4/2/2018 15:00,135,48,87
4/2/2018 16:00,253,79,174
4/2/2018 17:00,644,145,499
4/2/2018 18:00,389,116,273
4/2/2018 19:00,157,65,92
4/2/2018 20:00,73,20,53
4/2/2018 21:00,43,15,28
4/2/2018 22:00,20,9,11
4/2/2018 23:00,11,2,9
4/3/2018 0:00,4,1,3
4/3/2018 1:00,3,1,2
4/3/2018 2:00,3,0,3
4/3/2018 3:00,1,1,0
4/3/2018 4:00,4,2,2
4/3/2018 5:00,48,36,12
4/3/2018 6:00,131,68,63
4/3/2018 7:00,339,188,151
4/3/2018 8:00,459,231,228
4/3/2018 9:00,273,129,144
4/3/2018 10:00,106,48,58
4/3/2018 11:00,88,40,48
4/3/2018 12:00,76,39,37
4/3/2018 13:00,68,31,37
4/3/2018 14:00,84,40,44
4/3/2018 15:00,127,42,85
4/3/2018 16:00,283,81,202
4/3/2018 17:00,567,137,430
4/3/2018 18:00,391,113,278
4/3/2018 19:00,168,54,114
4/3/2018 20:00,80,28,52
4/3/2018 21:00,42,18,24
4/3/2018 22:00,32,10,22
4/3/2018 23:00,16,7,9
4/4/2018 0:00,11,3,8
4/4/2018 1:00,1,1,0
4/4/2018 2:00,0,0,0
4/4/2018 3:00,3,1,2
4/4/2018 4:00,8,4,4
4/4/2018 5:00,23,12,11
4/4/2018 6:00,98,62,36
4/4/2018 7:00,236,141,95
4/4/2018 8:00,362,193,169
4/4/2018 9:00,204,94,110
4/4/2018 10:00,77,43,34
4/4/2018 11:00,33,15,18
4/4/2018 12:00,27,14,13
4/4/2018 13:00,37,14,23
4/4/2018 14:00,39,22,17
4/4/2018 15:00,76,22,54
4/4/2018 16:00,162,43,119
4/4/2018 17:00,392,97,295
4/4/2018 18:00,237,73,164
4/4/2018 19:00,109,35,74
4/4/2018 20:00,56,14,42
4/4/2018 21:00,30,13,17
4/4/2018 22:00,15,7,8
4/4/2018 23:00,9,4,5
4/5/2018 0:00,7,3,4
4/5/2018 1:00,7,3,4
4/5/2018 2:00,0,0,0
4/5/2018 3:00,2,1,1
4/5/2018 4:00,2,1,1
4/5/2018 5:00,40,27,13
4/5/2018 6:00,91,49,42
4/5/2018 7:00,237,136,101
4/5/2018 8:00,362,192,170
4/5/2018 9:00,200,102,98
4/5/2018 10:00,75,34,41
4/5/2018 11:00,43,22,21
4/5/2018 12:00,38,16,22
4/5/2018 13:00,34,9,25
4/5/2018 14:00,32,13,19
4/5/2018 15:00,87,32,55
4/5/2018 16:00,156,45,111
4/5/2018 17:00,370,90,280
4/5/2018 18:00,217,56,161
4/5/2018 19:00,113,33,80
4/5/2018 20:00,57,16,41
4/5/2018 21:00,44,15,29
4/5/2018 22:00,26,10,16
4/5/2018 23:00,15,6,9
4/6/2018 0:00,10,5,5
4/6/2018 1:00,1,0,1
4/6/2018 2:00,0,0,0
4/6/2018 3:00,3,3,0
4/6/2018 4:00,10,2,8
4/6/2018 5:00,25,15,10
4/6/2018 6:00,94,50,44
4/6/2018 7:00,244,129,115
4/6/2018 8:00,362,209,153
4/6/2018 9:00,243,119,124
4/6/2018 10:00,83,33,50
4/6/2018 11:00,56,23,33
4/6/2018 12:00,69,30,39
4/6/2018 13:00,67,34,33
4/6/2018 14:00,101,49,52
4/6/2018 15:00,146,54,92
4/6/2018 16:00,322,83,239
4/6/2018 17:00,509,133,376
4/6/2018 18:00,336,116,220
4/6/2018 19:00,171,54,117
4/6/2018 20:00,91,38,53
4/6/2018 21:00,62,30,32
4/6/2018 22:00,32,22,10
4/6/2018 23:00,35,20,15
4/7/2018 0:00,15,6,9
4/7/2018 1:00,11,4,7
4/7/2018 2:00,4,1,3
4/7/2018 3:00,4,1,3
4/7/2018 4:00,4,2,2
4/7/2018 5:00,1,1,0
4/7/2018 6:00,9,2,7
4/7/2018 7:00,8,4,4
4/7/2018 8:00,28,13,15
4/7/2018 9:00,25,15,10
4/7/2018 10:00,51,30,21
4/7/2018 11:00,75,39,36
4/7/2018 12:00,75,35,40
4/7/2018 13:00,57,21,36
4/7/2018 14:00,62,28,34
4/7/2018 15:00,31,15,16
4/7/2018 16:00,53,28,25
4/7/2018 17:00,36,25,11
4/7/2018 18:00,33,14,19
4/7/2018 19:00,21,10,11
4/7/2018 20:00,18,11,7
4/7/2018 21:00,14,3,11
4/7/2018 22:00,14,10,4
4/7/2018 23:00,15,4,11
4/8/2018 0:00,3,2,1
4/8/2018 1:00,1,0,1
4/8/2018 2:00,6,1,5
4/8/2018 3:00,3,2,1
4/8/2018 4:00,5,3,2
4/8/2018 5:00,6,2,4
4/8/2018 6:00,112,84,28
4/8/2018 7:00,141,93,48
4/8/2018 8:00,43,26,17
4/8/2018 9:00,81,26,55
4/8/2018 10:00,126,43,83
4/8/2018 11:00,80,26,54
4/8/2018 12:00,53,22,31
4/8/2018 13:00,65,29,36
4/8/2018 14:00,50,23,27
4/8/2018 15:00,78,45,33
4/8/2018 16:00,48,19,29
4/8/2018 17:00,55,28,27
4/8/2018 18:00,37,24,13
4/8/2018 19:00,38,18,20
4/8/2018 20:00,15,9,6
4/8/2018 21:00,18,10,8
4/8/2018 22:00,11,5,6
4/8/2018 23:00,6,2,4
4/9/2018 0:00,3,1,2
4/9/2018 1:00,2,0,2
4/9/2018 2:00,2,1,1
4/9/2018 3:00,2,0,2
4/9/2018 4:00,8,5,3
4/9/2018 5:00,32,17,15
4/9/2018 6:00,133,66,67
4/9/2018 7:00,331,182,149
4/9/2018 8:00,477,250,227
4/9/2018 9:00,274,133,141
4/9/2018 10:00,124,49,75
4/9/2018 11:00,77,29,48
4/9/2018 12:00,102,59,43
4/9/2018 13:00,100,44,56
4/9/2018 14:00,116,51,65
4/9/2018 15:00,138,54,84
4/9/2018 16:00,332,106,226
4/9/2018 17:00,644,173,471
4/9/2018 18:00,442,119,323
4/9/2018 19:00,192,72,120
4/9/2018 20:00,94,42,52
4/9/2018 21:00,47,16,31
4/9/2018 22:00,41,18,23
4/9/2018 23:00,18,11,7
4/10/2018 0:00,9,4,5
4/10/2018 1:00,1,1,0
4/10/2018 2:00,0,0,0
4/10/2018 3:00,2,0,2
4/10/2018 4:00,7,3,4
4/10/2018 5:00,39,22,17
4/10/2018 6:00,93,43,50
4/10/2018 7:00,196,108,88
4/10/2018 8:00,260,128,132
4/10/2018 9:00,125,63,62
4/10/2018 10:00,55,27,28
4/10/2018 11:00,32,13,19
4/10/2018 12:00,45,17,28
4/10/2018 13:00,52,19,33
4/10/2018 14:00,81,34,47
4/10/2018 15:00,98,41,57
4/10/2018 16:00,189,66,123
4/10/2018 17:00,426,112,314
4/10/2018 18:00,319,106,213
4/10/2018 19:00,139,51,88
4/10/2018 20:00,92,47,45
4/10/2018 21:00,44,17,27
4/10/2018 22:00,34,10,24
4/10/2018 23:00,19,8,11
4/11/2018 0:00,2,0,2
4/11/2018 1:00,5,2,3
4/11/2018 2:00,4,1,3
4/11/2018 3:00,0,0,0
4/11/2018 4:00,7,4,3
4/11/2018 5:00,28,16,12
4/11/2018 6:00,103,59,44
4/11/2018 7:00,277,150,127
4/11/2018 8:00,390,199,191
4/11/2018 9:00,217,89,128
4/11/2018 10:00,109,54,55
4/11/2018 11:00,54,29,25
4/11/2018 12:00,42,13,29
4/11/2018 13:00,27,13,14
4/11/2018 14:00,46,25,21
4/11/2018 15:00,59,18,41
4/11/2018 16:00,166,34,132
4/11/2018 17:00,387,90,297
4/11/2018 18:00,271,75,196
4/11/2018 19:00,120,41,79
4/11/2018 20:00,65,15,50
4/11/2018 21:00,29,13,16
4/11/2018 22:00,16,8,8
4/11/2018 23:00,3,0,3
4/12/2018 0:00,2,1,1
4/12/2018 1:00,3,1,2
4/12/2018 2:00,0,0,0
4/12/2018 3:00,3,1,2
4/12/2018 4:00,7,4,3
4/12/2018 5:00,21,14,7
4/12/2018 6:00,100,46,54
4/12/2018 7:00,241,140,101
4/12/2018 8:00,349,191,158
4/12/2018 9:00,215,94,121
4/12/2018 10:00,73,37,36
4/12/2018 11:00,46,25,21
4/12/2018 12:00,31,17,14
4/12/2018 13:00,36,16,20
4/12/2018 14:00,42,20,22
4/12/2018 15:00,81,32,49
4/12/2018 16:00,182,49,133
4/12/2018 17:00,408,97,311
4/12/2018 18:00,274,71,203
4/12/2018 19:00,115,36,79
4/12/2018 20:00,80,26,54
4/12/2018 21:00,41,13,28
4/12/2018 22:00,25,11,14
4/12/2018 23:00,20,5,15
4/13/2018 0:00,5,1,4
4/13/2018 1:00,2,1,1
4/13/2018 2:00,1,0,1
4/13/2018 3:00,3,3,0
4/13/2018 4:00,5,1,4
4/13/2018 5:00,18,13,5
4/13/2018 6:00,75,44,31
4/13/2018 7:00,165,78,87
4/13/2018 8:00,249,141,108
4/13/2018 9:00,140,69,71
4/13/2018 10:00,57,19,38
4/13/2018 11:00,42,22,20
4/13/2018 12:00,40,26,14
4/13/2018 13:00,45,21,24
4/13/2018 14:00,41,19,22
4/13/2018 15:00,69,29,40
4/13/2018 16:00,152,31,121
4/13/2018 17:00,235,49,186
4/13/2018 18:00,146,45,101
4/13/2018 19:00,53,15,38
4/13/2018 20:00,35,8,27
4/13/2018 21:00,16,3,13
4/13/2018 22:00,21,8,13
4/13/2018 23:00,13,3,10
4/14/2018 0:00,2,0,2
4/14/2018 1:00,3,1,2
4/14/2018 2:00,2,1,1
4/14/2018 3:00,2,1,1
4/14/2018 4:00,3,1,2
4/14/2018 5:00,1,0,1
4/14/2018 6:00,12,1,11
4/14/2018 7:00,22,12,10
4/14/2018 8:00,35,18,17
4/14/2018 9:00,42,15,27
4/14/2018 10:00,34,17,17
4/14/2018 11:00,40,20,20
4/14/2018 12:00,40,14,26
4/14/2018 13:00,38,21,17
4/14/2018 14:00,31,11,20
4/14/2018 15:00,35,23,12
4/14/2018 16:00,23,12,11
4/14/2018 17:00,18,6,12
4/14/2018 18:00,14,7,7
4/14/2018 19:00,13,5,8
4/14/2018 20:00,12,6,6
4/14/2018 21:00,1,1,0
4/14/2018 22:00,3,1,2
4/14/2018 23:00,13,5,8
4/15/2018 0:00,4,2,2
4/15/2018 1:00,3,1,2
4/15/2018 2:00,1,0,1
4/15/2018 3:00,1,1,0
4/15/2018 4:00,2,0,2
4/15/2018 5:00,1,0,1
4/15/2018 6:00,6,1,5
4/15/2018 7:00,14,8,6
4/15/2018 8:00,47,28,19
4/15/2018 9:00,69,35,34
4/15/2018 10:00,66,33,33
4/15/2018 11:00,109,52,57
4/15/2018 12:00,118,72,46
4/15/2018 13:00,106,46,60
4/15/2018 14:00,82,35,47
4/15/2018 15:00,102,51,51
4/15/2018 16:00,72,38,34
4/15/2018 17:00,43,23,20
4/15/2018 18:00,34,20,14
4/15/2018 19:00,26,10,16
4/15/2018 20:00,22,13,9
4/15/2018 21:00,10,3,7
4/15/2018 22:00,9,4,5
4/15/2018 23:00,4,0,4
4/16/2018 0:00,3,1,2
4/16/2018 1:00,2,0,2
4/16/2018 2:00,3,3,0
4/16/2018 3:00,0,0,0
4/16/2018 4:00,9,3,6
4/16/2018 5:00,26,17,9
4/16/2018 6:00,103,52,51
4/16/2018 7:00,244,141,103
4/16/2018 8:00,330,173,157
4/16/2018 9:00,173,69,104
4/16/2018 10:00,42,12,30
4/16/2018 11:00,30,14,16
4/16/2018 12:00,30,17,13
4/16/2018 13:00,32,14,18
4/16/2018 14:00,41,26,15
4/16/2018 15:00,74,27,47
4/16/2018 16:00,176,37,139
4/16/2018 17:00,377,81,296
4/16/2018 18:00,234,58,176
4/16/2018 19:00,105,40,65
4/16/2018 20:00,46,17,29
4/16/2018 21:00,28,10,18
4/16/2018 22:00,17,9,8
4/16/2018 23:00,9,3,6
4/17/2018 0:00,2,2,0
4/17/2018 1:00,5,3,2
4/17/2018 2:00,4,0,4
4/17/2018 3:00,4,2,2
4/17/2018 4:00,9,3,6
4/17/2018 5:00,33,18,15
4/17/2018 6:00,131,63,68
4/17/2018 7:00,357,195,162
4/17/2018 8:00,453,239,214
4/17/2018 9:00,244,110,134
4/17/2018 10:00,78,29,49
4/17/2018 11:00,80,35,45
4/17/2018 12:00,83,49,34
4/17/2018 13:00,79,39,40
4/17/2018 14:00,82,35,47
4/17/2018 15:00,134,47,87
4/17/2018 16:00,275,65,210
4/17/2018 17:00,528,116,412
4/17/2018 18:00,385,114,271
4/17/2018 19:00,171,52,119
4/17/2018 20:00,93,45,48
4/17/2018 21:00,58,16,42
4/17/2018 22:00,32,10,22
4/17/2018 23:00,17,3,14
4/18/2018 0:00,7,6,1
4/18/2018 1:00,2,1,1
4/18/2018 2:00,3,0,3
4/18/2018 3:00,5,1,4
4/18/2018 4:00,11,5,6
4/18/2018 5:00,29,15,14
4/18/2018 6:00,145,85,60
4/18/2018 7:00,373,207,166
4/18/2018 8:00,545,282,263
4/18/2018 9:00,245,113,132
4/18/2018 10:00,91,31,60
4/18/2018 11:00,81,32,49
4/18/2018 12:00,70,36,34
4/18/2018 13:00,73,43,30
4/18/2018 14:00,84,45,39
4/18/2018 15:00,125,41,84
4/18/2018 16:00,282,85,197
4/18/2018 17:00,608,140,468
4/18/2018 18:00,485,163,322
4/18/2018 19:00,195,63,132
4/18/2018 20:00,107,36,71
4/18/2018 21:00,65,29,36
4/18/2018 22:00,43,23,20
4/18/2018 23:00,26,9,17
4/19/2018 0:00,8,3,5
4/19/2018 1:00,4,1,3
4/19/2018 2:00,3,0,3
4/19/2018 3:00,6,4,2
4/19/2018 4:00,9,4,5
4/19/2018 5:00,43,25,18
4/19/2018 6:00,146,81,65
4/19/2018 7:00,382,198,184
4/19/2018 8:00,538,293,245
4/19/2018 9:00,296,137,159
4/19/2018 10:00,110,50,60
4/19/2018 11:00,119,48,71
4/19/2018 12:00,95,53,42
4/19/2018 13:00,111,56,55
4/19/2018 14:00,116,56,60
4/19/2018 15:00,195,76,119
4/19/2018 16:00,348,90,258
4/19/2018 17:00,657,181,476
4/19/2018 18:00,441,153,288
4/19/2018 19:00,247,96,151
4/19/2018 20:00,135,55,80
4/19/2018 21:00,69,31,38
4/19/2018 22:00,39,17,22
4/19/2018 23:00,16,6,10
4/20/2018 0:00,10,1,9
4/20/2018 1:00,5,2,3
4/20/2018 2:00,2,1,1
4/20/2018 3:00,2,1,1
4/20/2018 4:00,8,4,4
4/20/2018 5:00,30,18,12
4/20/2018 6:00,118,66,52
4/20/2018 7:00,316,167,149
4/20/2018 8:00,468,246,222
4/20/2018 9:00,222,113,109
4/20/2018 10:00,104,53,51
4/20/2018 11:00,94,39,55
4/20/2018 12:00,81,32,49
4/20/2018 13:00,100,52,48
4/20/2018 14:00,118,54,64
4/20/2018 15:00,181,65,116
4/20/2018 16:00,332,87,245
4/20/2018 17:00,460,96,364
4/20/2018 18:00,305,94,211
4/20/2018 19:00,129,47,82
4/20/2018 20:00,88,20,68
4/20/2018 21:00,53,15,38
4/20/2018 22:00,52,19,33
4/20/2018 23:00,36,12,24
4/21/2018 0:00,18,7,11
4/21/2018 1:00,6,0,6
4/21/2018 2:00,3,1,2
4/21/2018 3:00,4,1,3
4/21/2018 4:00,4,2,2
4/21/2018 5:00,7,4,3
4/21/2018 6:00,20,12,8
4/21/2018 7:00,40,21,19
4/21/2018 8:00,80,36,44
4/21/2018 9:00,71,49,22
4/21/2018 10:00,140,62,78
4/21/2018 11:00,158,75,83
4/21/2018 12:00,176,80,96
4/21/2018 13:00,174,96,78
4/21/2018 14:00,139,78,61
4/21/2018 15:00,105,66,39
4/21/2018 16:00,98,56,42
4/21/2018 17:00,99,39,60
4/21/2018 18:00,81,40,41
4/21/2018 19:00,51,26,25
4/21/2018 20:00,50,25,25
4/21/2018 21:00,25,11,14
4/21/2018 22:00,22,12,10
4/21/2018 23:00,9,2,7
4/22/2018 0:00,19,3,16
4/22/2018 1:00,5,3,2
4/22/2018 2:00,7,3,4
4/22/2018 3:00,1,1,0
4/22/2018 4:00,1,0,1
4/22/2018 5:00,7,4,3
4/22/2018 6:00,23,13,10
4/22/2018 7:00,43,26,17
4/22/2018 8:00,56,31,25
4/22/2018 9:00,97,42,55
4/22/2018 10:00,118,71,47
4/22/2018 11:00,142,84,58
4/22/2018 12:00,202,117,85
4/22/2018 13:00,196,95,101
4/22/2018 14:00,231,123,108
4/22/2018 15:00,225,103,122
4/22/2018 16:00,199,85,114
4/22/2018 17:00,207,95,112
4/22/2018 18:00,115,54,61
4/22/2018 19:00,83,43,40
4/22/2018 20:00,56,26,30
4/22/2018 21:00,28,16,12
4/22/2018 22:00,15,8,7
4/22/2018 23:00,9,2,7
4/23/2018 0:00,7,2,5
4/23/2018 1:00,4,2,2
4/23/2018 2:00,2,2,0
4/23/2018 3:00,1,0,1
4/23/2018 4:00,13,5,8
4/23/2018 5:00,26,15,11
4/23/2018 6:00,167,91,76
4/23/2018 7:00,444,245,199
4/23/2018 8:00,612,336,276
4/23/2018 9:00,325,157,168
4/23/2018 10:00,115,49,66
4/23/2018 11:00,105,45,60
4/23/2018 12:00,121,60,61
4/23/2018 13:00,88,44,44
4/23/2018 14:00,139,67,72
4/23/2018 15:00,188,85,103
4/23/2018 16:00,401,117,284
4/23/2018 17:00,770,172,598
4/23/2018 18:00,467,161,306
4/23/2018 19:00,265,80,185
4/23/2018 20:00,102,35,67
4/23/2018 21:00,59,14,45
4/23/2018 22:00,24,11,13
4/23/2018 23:00,11,4,7
4/24/2018 0:00,5,3,2
4/24/2018 1:00,3,2,1
4/24/2018 2:00,2,0,2
4/24/2018 3:00,2,1,1
4/24/2018 4:00,9,4,5
4/24/2018 5:00,38,24,14
4/24/2018 6:00,230,135,95
4/24/2018 7:00,535,286,249
4/24/2018 8:00,697,356,341
4/24/2018 9:00,334,149,185
4/24/2018 10:00,134,67,67
4/24/2018 11:00,121,63,58
4/24/2018 12:00,84,44,40
4/24/2018 13:00,133,61,72
4/24/2018 14:00,129,54,75
4/24/2018 15:00,213,93,120
4/24/2018 16:00,444,124,320
4/24/2018 17:00,874,211,663
4/24/2018 18:00,610,190,420
4/24/2018 19:00,266,100,166
4/24/2018 20:00,165,65,100
4/24/2018 21:00,74,36,38
4/24/2018 22:00,66,37,29
4/24/2018 23:00,20,6,14
4/25/2018 0:00,7,5,2
4/25/2018 1:00,2,2,0
4/25/2018 2:00,4,2,2
4/25/2018 3:00,3,1,2
4/25/2018 4:00,10,4,6
4/25/2018 5:00,49,29,20
4/25/2018 6:00,190,101,89
4/25/2018 7:00,573,329,244
4/25/2018 8:00,646,328,318
4/25/2018 9:00,338,160,178
4/25/2018 10:00,146,68,78
4/25/2018 11:00,103,51,52
4/25/2018 12:00,142,61,81
4/25/2018 13:00,125,59,66
4/25/2018 14:00,153,71,82
4/25/2018 15:00,192,78,114
4/25/2018 16:00,452,146,306
4/25/2018 17:00,805,182,623
4/25/2018 18:00,528,175,353
4/25/2018 19:00,274,106,168
4/25/2018 20:00,170,67,103
4/25/2018 21:00,84,36,48
4/25/2018 22:00,45,16,29
4/25/2018 23:00,19,8,11
4/26/2018 0:00,12,8,4
4/26/2018 1:00,5,2,3
4/26/2018 2:00,1,1,0
4/26/2018 3:00,2,2,0
4/26/2018 4:00,8,3,5
4/26/2018 5:00,42,25,17
4/26/2018 6:00,195,103,92
4/26/2018 7:00,500,268,232
4/26/2018 8:00,679,354,325
4/26/2018 9:00,319,141,178
4/26/2018 10:00,168,76,92
4/26/2018 11:00,134,60,74
4/26/2018 12:00,125,52,73
4/26/2018 13:00,127,77,50
4/26/2018 14:00,164,88,76
4/26/2018 15:00,204,79,125
4/26/2018 16:00,450,114,336
4/26/2018 17:00,804,202,602
4/26/2018 18:00,573,201,372
4/26/2018 19:00,294,119,175
4/26/2018 20:00,185,71,114
4/26/2018 21:00,111,47,64
4/26/2018 22:00,50,23,27
4/26/2018 23:00,22,12,10
4/27/2018 0:00,18,2,16
4/27/2018 1:00,10,5,5
4/27/2018 2:00,0,0,0
4/27/2018 3:00,4,4,0
4/27/2018 4:00,9,4,5
4/27/2018 5:00,41,24,17
4/27/2018 6:00,131,70,61
4/27/2018 7:00,339,178,161
4/27/2018 8:00,485,250,235
4/27/2018 9:00,263,139,124
4/27/2018 10:00,95,46,49
4/27/2018 11:00,84,30,54
4/27/2018 12:00,78,38,40
4/27/2018 13:00,83,43,40
4/27/2018 14:00,97,47,50
4/27/2018 15:00,168,61,107
4/27/2018 16:00,329,78,251
4/27/2018 17:00,542,136,406
4/27/2018 18:00,341,95,246
4/27/2018 19:00,139,45,94
4/27/2018 20:00,78,28,50
4/27/2018 21:00,38,13,25
4/27/2018 22:00,25,10,15
4/27/2018 23:00,24,14,10
4/28/2018 0:00,16,6,10
4/28/2018 1:00,6,1,5
4/28/2018 2:00,3,1,2
4/28/2018 3:00,2,2,0
4/28/2018 4:00,2,1,1
4/28/2018 5:00,2,0,2
4/28/2018 6:00,7,4,3
4/28/2018 7:00,14,5,9
4/28/2018 8:00,25,10,15
4/28/2018 9:00,18,12,6
4/28/2018 10:00,18,12,6
4/28/2018 11:00,42,24,18
4/28/2018 12:00,49,24,25
4/28/2018 13:00,54,23,31
4/28/2018 14:00,55,26,29
4/28/2018 15:00,67,21,46
4/28/2018 16:00,67,36,31
4/28/2018 17:00,54,20,34
4/28/2018 18:00,44,21,23
4/28/2018 19:00,16,7,9
4/28/2018 20:00,35,13,22
4/28/2018 21:00,10,7,3
4/28/2018 22:00,14,7,7
4/28/2018 23:00,13,5,8
4/29/2018 0:00,20,5,15
4/29/2018 1:00,8,5,3
4/29/2018 2:00,7,5,2
4/29/2018 3:00,1,0,1
4/29/2018 4:00,3,2,1
4/29/2018 5:00,3,2,1
4/29/2018 6:00,21,9,12
4/29/2018 7:00,35,13,22
4/29/2018 8:00,52,24,28
4/29/2018 9:00,78,38,40
4/29/2018 10:00,96,57,39
4/29/2018 11:00,136,70,66
4/29/2018 12:00,181,89,92
4/29/2018 13:00,166,87,79
4/29/2018 14:00,124,69,55
4/29/2018 15:00,151,73,78
4/29/2018 16:00,118,64,54
4/29/2018 17:00,81,41,40
4/29/2018 18:00,61,25,36
4/29/2018 19:00,57,27,30
4/29/2018 20:00,52,23,29
4/29/2018 21:00,23,16,7
4/29/2018 22:00,15,3,12
4/29/2018 23:00,11,3,8
4/30/2018 0:00,2,1,1
4/30/2018 1:00,2,1,1
4/30/2018 2:00,4,4,0
4/30/2018 3:00,2,1,1
4/30/2018 4:00,7,1,6
4/30/2018 5:00,31,17,14
4/30/2018 6:00,145,80,65
4/30/2018 7:00,389,224,165
4/30/2018 8:00,541,272,269
4/30/2018 9:00,259,121,138
4/30/2018 10:00,94,38,56
4/30/2018 11:00,66,28,38
4/30/2018 12:00,55,27,28
4/30/2018 13:00,63,31,32
4/30/2018 14:00,81,33,48
4/30/2018 15:00,118,39,79
4/30/2018 16:00,288,81,207
4/30/2018 17:00,621,130,491
4/30/2018 18:00,410,115,295
4/30/2018 19:00,196,49,147
4/30/2018 20:00,98,34,64
4/30/2018 21:00,46,21,25
4/30/2018 22:00,23,9,14
4/30/2018 23:00,8,2,6
5/1/2018 0:00,7,4,3
5/1/2018 1:00,3,2,1
5/1/2018 2:00,4,2,2
5/1/2018 3:00,6,2,4
5/1/2018 4:00,9,3,6
5/1/2018 5:00,43,25,18
5/1/2018 6:00,209,122,87
5/1/2018 7:00,502,288,214
5/1/2018 8:00,660,345,315
5/1/2018 9:00,327,150,177
5/1/2018 10:00,123,54,69
5/1/2018 11:00,97,50,47
5/1/2018 12:00,91,53,38
5/1/2018 13:00,106,43,63
5/1/2018 14:00,118,46,72
5/1/2018 15:00,187,58,129
5/1/2018 16:00,414,102,312
5/1/2018 17:00,820,207,613
5/1/2018 18:00,489,141,348
5/1/2018 19:00,263,96,167
5/1/2018 20:00,149,60,89
5/1/2018 21:00,66,26,40
5/1/2018 22:00,57,23,34
5/1/2018 23:00,21,8,13
5/2/2018 0:00,11,4,7
5/2/2018 1:00,4,3,1
5/2/2018 2:00,2,1,1
5/2/2018 3:00,3,3,0
5/2/2018 4:00,7,4,3
5/2/2018 5:00,48,31,17
5/2/2018 6:00,214,114,100
5/2/2018 7:00,553,309,244
5/2/2018 8:00,766,399,367
5/2/2018 9:00,313,153,160
5/2/2018 10:00,149,66,83
5/2/2018 11:00,110,55,55
5/2/2018 12:00,102,44,58
5/2/2018 13:00,143,68,75
5/2/2018 14:00,150,71,79
5/2/2018 15:00,206,80,126
5/2/2018 16:00,450,130,320
5/2/2018 17:00,871,205,666
5/2/2018 18:00,606,191,415
5/2/2018 19:00,316,106,210
5/2/2018 20:00,138,47,91
5/2/2018 21:00,90,43,47
5/2/2018 22:00,50,20,30
5/2/2018 23:00,30,10,20
5/3/2018 0:00,7,4,3
5/3/2018 1:00,4,1,3
5/3/2018 2:00,5,4,1
5/3/2018 3:00,2,1,1
5/3/2018 4:00,13,7,6
5/3/2018 5:00,50,29,21
5/3/2018 6:00,170,98,72
5/3/2018 7:00,502,274,228
5/3/2018 8:00,715,367,348
5/3/2018 9:00,335,135,200
5/3/2018 10:00,108,55,53
5/3/2018 11:00,101,43,58
5/3/2018 12:00,114,54,60
5/3/2018 13:00,139,69,70
5/3/2018 14:00,114,41,73
5/3/2018 15:00,186,73,113
5/3/2018 16:00,474,151,323
5/3/2018 17:00,865,217,648
5/3/2018 18:00,487,172,315
5/3/2018 19:00,292,99,193
5/3/2018 20:00,138,54,84
5/3/2018 21:00,88,39,49
5/3/2018 22:00,45,15,30
5/3/2018 23:00,24,9,15
5/4/2018 0:00,14,2,12
5/4/2018 1:00,12,4,8
5/4/2018 2:00,5,2,3
5/4/2018 3:00,4,2,2
5/4/2018 4:00,9,4,5
5/4/2018 5:00,50,30,20
5/4/2018 6:00,151,83,68
5/4/2018 7:00,405,225,180
5/4/2018 8:00,550,283,267
5/4/2018 9:00,299,143,156
5/4/2018 10:00,99,37,62
5/4/2018 11:00,84,38,46
5/4/2018 12:00,114,59,55
5/4/2018 13:00,126,58,68
5/4/2018 14:00,142,52,90
5/4/2018 15:00,196,78,118
5/4/2018 16:00,395,104,291
5/4/2018 17:00,604,130,474
5/4/2018 18:00,387,102,285
5/4/2018 19:00,200,63,137
5/4/2018 20:00,89,37,52
5/4/2018 21:00,73,28,45
5/4/2018 22:00,51,21,30
5/4/2018 23:00,29,11,18
5/5/2018 0:00,15,7,8
5/5/2018 1:00,14,6,8
5/5/2018 2:00,5,3,2
5/5/2018 3:00,7,5,2
5/5/2018 4:00,3,1,2
5/5/2018 5:00,6,0,6
5/5/2018 6:00,26,16,10
5/5/2018 7:00,71,33,38
5/5/2018 8:00,123,60,63
5/5/2018 9:00,155,71,84
5/5/2018 10:00,186,104,82
5/5/2018 11:00,230,126,104
5/5/2018 12:00,249,139,110
5/5/2018 13:00,253,137,116
5/5/2018 14:00,214,112,102
5/5/2018 15:00,235,115,120
5/5/2018 16:00,197,93,104
5/5/2018 17:00,180,82,98
5/5/2018 18:00,125,74,51
5/5/2018 19:00,84,42,42
5/5/2018 20:00,43,22,21
5/5/2018 21:00,23,8,15
5/5/2018 22:00,26,11,15
5/5/2018 23:00,25,7,18
5/6/2018 0:00,11,6,5
5/6/2018 1:00,8,5,3
5/6/2018 2:00,3,2,1
5/6/2018 3:00,0,0,0
5/6/2018 4:00,3,1,2
5/6/2018 5:00,6,3,3
5/6/2018 6:00,22,8,14
5/6/2018 7:00,45,19,26
5/6/2018 8:00,85,43,42
5/6/2018 9:00,88,42,46
5/6/2018 10:00,164,88,76
5/6/2018 11:00,211,115,96
5/6/2018 12:00,209,115,94
5/6/2018 13:00,266,131,135
5/6/2018 14:00,280,139,141
5/6/2018 15:00,227,102,125
5/6/2018 16:00,232,112,120
5/6/2018 17:00,181,99,82
5/6/2018 18:00,123,69,54
5/6/2018 19:00,93,53,40
5/6/2018 20:00,48,23,25
5/6/2018 21:00,44,18,26
5/6/2018 22:00,19,7,12
5/6/2018 23:00,17,10,7
5/7/2018 0:00,10,6,4
5/7/2018 1:00,1,0,1
5/7/2018 2:00,0,0,0
5/7/2018 3:00,3,2,1
5/7/2018 4:00,11,6,5
5/7/2018 5:00,45,24,21
5/7/2018 6:00,195,104,91
5/7/2018 7:00,512,268,244
5/7/2018 8:00,719,381,338
5/7/2018 9:00,296,137,159
5/7/2018 10:00,118,46,72
5/7/2018 11:00,98,51,47
5/7/2018 12:00,85,40,45
5/7/2018 13:00,95,48,47
5/7/2018 14:00,108,39,69
5/7/2018 15:00,192,62,130
5/7/2018 16:00,408,104,304
5/7/2018 17:00,831,170,661
5/7/2018 18:00,540,169,371
5/7/2018 19:00,272,88,184
5/7/2018 20:00,146,62,84
5/7/2018 21:00,83,38,45
5/7/2018 22:00,30,11,19
5/7/2018 23:00,18,7,11
5/8/2018 0:00,7,3,4
5/8/2018 1:00,3,2,1
5/8/2018 2:00,0,0,0
5/8/2018 3:00,2,2,0
5/8/2018 4:00,11,4,7
5/8/2018 5:00,48,23,25
5/8/2018 6:00,225,129,96
5/8/2018 7:00,628,341,287
5/8/2018 8:00,731,405,326
5/8/2018 9:00,354,154,200
5/8/2018 10:00,142,62,80
5/8/2018 11:00,123,61,62
5/8/2018 12:00,121,59,62
5/8/2018 13:00,119,59,60
5/8/2018 14:00,136,65,71
5/8/2018 15:00,228,98,130
5/8/2018 16:00,459,121,338
5/8/2018 17:00,869,196,673
5/8/2018 18:00,485,144,341
5/8/2018 19:00,227,85,142
5/8/2018 20:00,96,33,63
5/8/2018 21:00,69,26,43
5/8/2018 22:00,44,12,32
5/8/2018 23:00,16,5,11
5/9/2018 0:00,15,8,7
5/9/2018 1:00,3,1,2
5/9/2018 2:00,2,0,2
5/9/2018 3:00,4,3,1
5/9/2018 4:00,7,4,3
5/9/2018 5:00,46,26,20
5/9/2018 6:00,199,113,86
5/9/2018 7:00,508,274,234
5/9/2018 8:00,669,355,314
5/9/2018 9:00,336,158,178
5/9/2018 10:00,140,65,75
5/9/2018 11:00,86,39,47
5/9/2018 12:00,86,44,42
5/9/2018 13:00,85,40,45
5/9/2018 14:00,116,46,70
5/9/2018 15:00,198,85,113
5/9/2018 16:00,386,95,291
5/9/2018 17:00,812,231,581
5/9/2018 18:00,520,143,377
5/9/2018 19:00,293,101,192
5/9/2018 20:00,172,65,107
5/9/2018 21:00,82,26,56
5/9/2018 22:00,44,17,27
5/9/2018 23:00,24,9,15
5/10/2018 0:00,12,4,8
5/10/2018 1:00,5,3,2
5/10/2018 2:00,5,0,5
5/10/2018 3:00,4,3,1
5/10/2018 4:00,9,3,6
5/10/2018 5:00,56,35,21
5/10/2018 6:00,143,77,66
5/10/2018 7:00,381,196,185
5/10/2018 8:00,550,297,253
5/10/2018 9:00,255,118,137
5/10/2018 10:00,91,38,53
5/10/2018 11:00,67,30,37
5/10/2018 12:00,73,34,39
5/10/2018 13:00,81,46,35
5/10/2018 14:00,85,32,53
5/10/2018 15:00,149,61,88
5/10/2018 16:00,298,81,217
5/10/2018 17:00,623,166,457
5/10/2018 18:00,441,139,302
5/10/2018 19:00,209,78,131
5/10/2018 20:00,125,46,79
5/10/2018 21:00,65,29,36
5/10/2018 22:00,28,10,18
5/10/2018 23:00,18,9,9
5/11/2018 0:00,11,3,8
5/11/2018 1:00,5,2,3
5/11/2018 2:00,6,1,5
5/11/2018 3:00,6,5,1
5/11/2018 4:00,9,4,5
5/11/2018 5:00,62,35,27
5/11/2018 6:00,180,96,84
5/11/2018 7:00,417,224,193
5/11/2018 8:00,573,310,263
5/11/2018 9:00,266,123,143
5/11/2018 10:00,115,50,65
5/11/2018 11:00,94,38,56
5/11/2018 12:00,90,35,55
5/11/2018 13:00,111,56,55
5/11/2018 14:00,165,57,108
5/11/2018 15:00,242,94,148
5/11/2018 16:00,447,108,339
5/11/2018 17:00,684,156,528
5/11/2018 18:00,393,143,250
5/11/2018 19:00,225,88,137
5/11/2018 20:00,142,57,85
5/11/2018 21:00,83,27,56
5/11/2018 22:00,46,26,20
5/11/2018 23:00,31,13,18
5/12/2018 0:00,35,17,18
5/12/2018 1:00,18,12,6
5/12/2018 2:00,5,2,3
5/12/2018 3:00,4,4,0
5/12/2018 4:00,6,2,4
5/12/2018 5:00,7,2,5
5/12/2018 6:00,38,15,23
5/12/2018 7:00,64,24,40
5/12/2018 8:00,104,53,51
5/12/2018 9:00,165,85,80
5/12/2018 10:00,163,71,92
5/12/2018 11:00,225,123,102
5/12/2018 12:00,199,97,102
5/12/2018 13:00,326,170,156
5/12/2018 14:00,235,117,118
5/12/2018 15:00,268,127,141
5/12/2018 16:00,242,101,141
5/12/2018 17:00,233,132,101
5/12/2018 18:00,217,115,102
5/12/2018 19:00,119,63,56
5/12/2018 20:00,107,54,53
5/12/2018 21:00,66,35,31
5/12/2018 22:00,62,28,34
5/12/2018 23:00,24,9,15
5/13/2018 0:00,24,10,14
5/13/2018 1:00,12,4,8
5/13/2018 2:00,3,0,3
5/13/2018 3:00,5,2,3
5/13/2018 4:00,5,2,3
5/13/2018 5:00,6,6,0
5/13/2018 6:00,35,13,22
5/13/2018 7:00,51,25,26
5/13/2018 8:00,84,52,32
5/13/2018 9:00,140,65,75
5/13/2018 10:00,172,82,90
5/13/2018 11:00,170,86,84
5/13/2018 12:00,258,128,130
5/13/2018 13:00,278,146,132
5/13/2018 14:00,247,134,113
5/13/2018 15:00,253,124,129
5/13/2018 16:00,232,93,139
5/13/2018 17:00,186,108,78
5/13/2018 18:00,150,93,57
5/13/2018 19:00,100,49,51
5/13/2018 20:00,90,35,55
5/13/2018 21:00,36,14,22
5/13/2018 22:00,28,11,17
5/13/2018 23:00,28,10,18
5/14/2018 0:00,2,1,1
5/14/2018 1:00,3,2,1
5/14/2018 2:00,2,0,2
5/14/2018 3:00,5,4,1
5/14/2018 4:00,9,4,5
5/14/2018 5:00,65,39,26
5/14/2018 6:00,191,102,89
5/14/2018 7:00,588,337,251
5/14/2018 8:00,811,438,373
5/14/2018 9:00,390,181,209
5/14/2018 10:00,138,66,72
5/14/2018 11:00,127,59,68
5/14/2018 12:00,127,64,63
5/14/2018 13:00,111,44,67
5/14/2018 14:00,115,39,76
5/14/2018 15:00,219,92,127
5/14/2018 16:00,495,111,384
5/14/2018 17:00,903,205,698
5/14/2018 18:00,567,181,386
5/14/2018 19:00,249,95,154
5/14/2018 20:00,162,60,102
5/14/2018 21:00,102,33,69
5/14/2018 22:00,40,19,21
5/14/2018 23:00,22,8,14
5/15/2018 0:00,11,4,7
5/15/2018 1:00,5,3,2
5/15/2018 2:00,2,2,0
5/15/2018 3:00,4,0,4
5/15/2018 4:00,12,5,7
5/15/2018 5:00,61,37,24
5/15/2018 6:00,267,144,123
5/15/2018 7:00,568,313,255
5/15/2018 8:00,730,368,362
5/15/2018 9:00,376,175,201
5/15/2018 10:00,141,56,85
5/15/2018 11:00,116,51,65
5/15/2018 12:00,88,58,30
5/15/2018 13:00,98,47,51
5/15/2018 14:00,166,65,101
5/15/2018 15:00,196,84,112
5/15/2018 16:00,474,128,346
5/15/2018 17:00,907,213,694
5/15/2018 18:00,619,198,421
5/15/2018 19:00,308,118,190
5/15/2018 20:00,150,50,100
5/15/2018 21:00,104,46,58
5/15/2018 22:00,50,16,34
5/15/2018 23:00,26,13,13
5/16/2018 0:00,10,1,9
5/16/2018 1:00,10,5,5
5/16/2018 2:00,1,1,0
5/16/2018 3:00,0,0,0
5/16/2018 4:00,14,8,6
5/16/2018 5:00,48,31,17
5/16/2018 6:00,230,124,106
5/16/2018 7:00,571,319,252
5/16/2018 8:00,704,357,347
5/16/2018 9:00,365,169,196
5/16/2018 10:00,144,76,68
5/16/2018 11:00,110,74,36
5/16/2018 12:00,95,48,47
5/16/2018 13:00,123,53,70
5/16/2018 14:00,117,56,61
5/16/2018 15:00,197,70,127
5/16/2018 16:00,500,139,361
5/16/2018 17:00,828,196,632
5/16/2018 18:00,531,146,385
5/16/2018 19:00,285,102,183
5/16/2018 20:00,168,79,89
5/16/2018 21:00,96,44,52
5/16/2018 22:00,54,24,30
5/16/2018 23:00,39,16,23
5/17/2018 0:00,12,3,9
5/17/2018 1:00,3,3,0
5/17/2018 2:00,3,0,3
5/17/2018 3:00,4,2,2
5/17/2018 4:00,11,7,4
5/17/2018 5:00,53,31,22
5/17/2018 6:00,196,112,84
5/17/2018 7:00,496,269,227
5/17/2018 8:00,668,346,322
5/17/2018 9:00,323,154,169
5/17/2018 10:00,145,69,76
5/17/2018 11:00,109,56,53
5/17/2018 12:00,91,46,45
5/17/2018 13:00,128,58,70
5/17/2018 14:00,117,53,64
5/17/2018 15:00,227,106,121
5/17/2018 16:00,407,123,284
5/17/2018 17:00,767,190,577
5/17/2018 18:00,510,153,357
5/17/2018 19:00,262,81,181
5/17/2018 20:00,162,79,83
5/17/2018 21:00,78,35,43
5/17/2018 22:00,53,23,30
5/17/2018 23:00,25,9,16
5/18/2018 0:00,13,5,8
5/18/2018 1:00,7,3,4
5/18/2018 2:00,0,0,0
5/18/2018 3:00,4,2,2
5/18/2018 4:00,9,3,6
5/18/2018 5:00,55,37,18
5/18/2018 6:00,265,158,107
5/18/2018 7:00,745,470,275
5/18/2018 8:00,822,495,327
5/18/2018 9:00,364,187,177
5/18/2018 10:00,141,55,86
5/18/2018 11:00,101,46,55
5/18/2018 12:00,135,60,75
5/18/2018 13:00,120,55,65
5/18/2018 14:00,133,55,78
5/18/2018 15:00,222,71,151
5/18/2018 16:00,543,137,406
5/18/2018 17:00,734,161,573
5/18/2018 18:00,397,131,266
5/18/2018 19:00,181,70,111
5/18/2018 20:00,109,53,56
5/18/2018 21:00,61,29,32
5/18/2018 22:00,47,15,32
5/18/2018 23:00,30,9,21
5/19/2018 0:00,23,8,15
5/19/2018 1:00,15,8,7
5/19/2018 2:00,4,1,3
5/19/2018 3:00,3,3,0
5/19/2018 4:00,4,1,3
5/19/2018 5:00,15,4,11
5/19/2018 6:00,23,8,15
5/19/2018 7:00,75,41,34
5/19/2018 8:00,106,47,59
5/19/2018 9:00,179,108,71
5/19/2018 10:00,153,85,68
5/19/2018 11:00,187,84,103
5/19/2018 12:00,228,102,126
5/19/2018 13:00,223,110,113
5/19/2018 14:00,212,93,119
5/19/2018 15:00,219,111,108
5/19/2018 16:00,210,98,112
5/19/2018 17:00,214,118,96
5/19/2018 18:00,151,81,70
5/19/2018 19:00,66,41,25
5/19/2018 20:00,36,10,26
5/19/2018 21:00,43,19,24
5/19/2018 22:00,35,18,17
5/19/2018 23:00,25,12,13
5/20/2018 0:00,14,3,11
5/20/2018 1:00,7,3,4
5/20/2018 2:00,6,2,4
5/20/2018 3:00,2,1,1
5/20/2018 4:00,2,0,2
5/20/2018 5:00,7,5,2
5/20/2018 6:00,14,7,7
5/20/2018 7:00,33,14,19
5/20/2018 8:00,74,33,41
5/20/2018 9:00,79,36,43
5/20/2018 10:00,119,68,51
5/20/2018 11:00,133,68,65
5/20/2018 12:00,159,73,86
5/20/2018 13:00,169,89,80
5/20/2018 14:00,175,91,84
5/20/2018 15:00,169,85,84
5/20/2018 16:00,172,98,74
5/20/2018 17:00,164,85,79
5/20/2018 18:00,110,68,42
5/20/2018 19:00,89,34,55
5/20/2018 20:00,51,17,34
5/20/2018 21:00,42,24,18
5/20/2018 22:00,22,11,11
5/20/2018 23:00,13,3,10
5/21/2018 0:00,7,1,6
5/21/2018 1:00,3,0,3
5/21/2018 2:00,3,1,2
5/21/2018 3:00,6,4,2
5/21/2018 4:00,12,3,9
5/21/2018 5:00,51,30,21
5/21/2018 6:00,189,102,87
5/21/2018 7:00,529,286,243
5/21/2018 8:00,685,354,331
5/21/2018 9:00,379,176,203
5/21/2018 10:00,149,78,71
5/21/2018 11:00,129,72,57
5/21/2018 12:00,108,45,63
5/21/2018 13:00,100,45,55
5/21/2018 14:00,116,52,64
5/21/2018 15:00,202,75,127
5/21/2018 16:00,438,117,321
5/21/2018 17:00,837,186,651
5/21/2018 18:00,606,177,429
5/21/2018 19:00,245,85,160
5/21/2018 20:00,165,66,99
5/21/2018 21:00,86,33,53
5/21/2018 22:00,46,25,21
5/21/2018 23:00,14,5,9
5/22/2018 0:00,9,5,4
5/22/2018 1:00,8,5,3
5/22/2018 2:00,3,3,0
5/22/2018 3:00,3,2,1
5/22/2018 4:00,17,9,8
5/22/2018 5:00,68,36,32
5/22/2018 6:00,249,132,117
5/22/2018 7:00,640,338,302
5/22/2018 8:00,748,400,348
5/22/2018 9:00,404,174,230
5/22/2018 10:00,157,75,82
5/22/2018 11:00,129,63,66
5/22/2018 12:00,134,58,76
5/22/2018 13:00,126,48,78
5/22/2018 14:00,158,79,79
5/22/2018 15:00,240,81,159
5/22/2018 16:00,528,148,380
5/22/2018 17:00,868,211,657
5/22/2018 18:00,567,193,374
5/22/2018 19:00,348,102,246
5/22/2018 20:00,187,65,122
5/22/2018 21:00,95,45,50
5/22/2018 22:00,60,28,32
5/22/2018 23:00,41,12,29
5/23/2018 0:00,13,8,5
5/23/2018 1:00,8,3,5
5/23/2018 2:00,3,0,3
5/23/2018 3:00,6,4,2
5/23/2018 4:00,18,9,9
5/23/2018 5:00,72,32,40
5/23/2018 6:00,215,111,104
5/23/2018 7:00,585,294,291
5/23/2018 8:00,714,376,338
5/23/2018 9:00,350,168,182
5/23/2018 10:00,132,57,75
5/23/2018 11:00,142,66,76
5/23/2018 12:00,115,58,57
5/23/2018 13:00,160,83,77
5/23/2018 14:00,172,81,91
5/23/2018 15:00,233,102,131
5/23/2018 16:00,502,146,356
5/23/2018 17:00,924,215,709
5/23/2018 18:00,561,177,384
5/23/2018 19:00,302,104,198
5/23/2018 20:00,210,90,120
5/23/2018 21:00,103,42,61
5/23/2018 22:00,60,21,39
5/23/2018 23:00,32,17,15
5/24/2018 0:00,20,6,14
5/24/2018 1:00,1,1,0
5/24/2018 2:00,4,2,2
5/24/2018 3:00,6,2,4
5/24/2018 4:00,12,10,2
5/24/2018 5:00,69,39,30
5/24/2018 6:00,182,94,88
5/24/2018 7:00,467,251,216
5/24/2018 8:00,696,374,322
5/24/2018 9:00,333,150,183
5/24/2018 10:00,135,63,72
5/24/2018 11:00,91,47,44
5/24/2018 12:00,112,68,44
5/24/2018 13:00,116,55,61
5/24/2018 14:00,129,51,78
5/24/2018 15:00,189,66,123
5/24/2018 16:00,418,125,293
5/24/2018 17:00,775,199,576
5/24/2018 18:00,533,170,363
5/24/2018 19:00,240,94,146
5/24/2018 20:00,149,63,86
5/24/2018 21:00,97,26,71
5/24/2018 22:00,46,22,24
5/24/2018 23:00,25,12,13
5/25/2018 0:00,12,5,7
5/25/2018 1:00,6,2,4
5/25/2018 2:00,2,0,2
5/25/2018 3:00,1,1,0
5/25/2018 4:00,14,10,4
5/25/2018 5:00,55,27,28
5/25/2018 6:00,157,69,88
5/25/2018 7:00,384,199,185
5/25/2018 8:00,534,273,261
5/25/2018 9:00,322,146,176
5/25/2018 10:00,137,60,77
5/25/2018 11:00,85,32,53
5/25/2018 12:00,133,52,81
5/25/2018 13:00,140,54,86
5/25/2018 14:00,169,52,117
5/25/2018 15:00,250,75,175
5/25/2018 16:00,393,95,298
5/25/2018 17:00,555,147,408
5/25/2018 18:00,285,85,200
5/25/2018 19:00,132,60,72
5/25/2018 20:00,84,41,43
5/25/2018 21:00,84,29,55
5/25/2018 22:00,68,31,37
5/25/2018 23:00,43,13,30
5/26/2018 0:00,18,9,9
5/26/2018 1:00,17,8,9
5/26/2018 2:00,8,5,3
5/26/2018 3:00,1,0,1
5/26/2018 4:00,6,3,3
5/26/2018 5:00,10,3,7
5/26/2018 6:00,23,9,14
5/26/2018 7:00,63,26,37
5/26/2018 8:00,79,37,42
5/26/2018 9:00,103,51,52
5/26/2018 10:00,130,57,73
5/26/2018 11:00,196,98,98
5/26/2018 12:00,206,123,83
5/26/2018 13:00,208,113,95
5/26/2018 14:00,179,90,89
5/26/2018 15:00,186,100,86
5/26/2018 16:00,192,89,103
5/26/2018 17:00,139,59,80
5/26/2018 18:00,119,52,67
5/26/2018 19:00,95,39,56
5/26/2018 20:00,66,21,45
5/26/2018 21:00,55,11,44
5/26/2018 22:00,50,20,30
5/26/2018 23:00,29,13,16
5/27/2018 0:00,5,2,3
5/27/2018 1:00,10,5,5
5/27/2018 2:00,7,4,3
5/27/2018 3:00,4,0,4
5/27/2018 4:00,2,1,1
5/27/2018 5:00,9,3,6
5/27/2018 6:00,17,8,9
5/27/2018 7:00,45,20,25
5/27/2018 8:00,83,43,40
5/27/2018 9:00,122,57,65
5/27/2018 10:00,149,66,83
5/27/2018 11:00,181,92,89
5/27/2018 12:00,236,109,127
5/27/2018 13:00,250,148,102
5/27/2018 14:00,271,127,144
5/27/2018 15:00,245,121,124
5/27/2018 16:00,231,115,116
5/27/2018 17:00,214,91,123
5/27/2018 18:00,195,102,93
5/27/2018 19:00,123,51,72
5/27/2018 20:00,98,36,62
5/27/2018 21:00,71,22,49
5/27/2018 22:00,45,14,31
5/27/2018 23:00,13,3,10
5/28/2018 0:00,18,11,7
5/28/2018 1:00,6,3,3
5/28/2018 2:00,4,4,0
5/28/2018 3:00,0,0,0
5/28/2018 4:00,3,0,3
5/28/2018 5:00,9,7,2
5/28/2018 6:00,29,13,16
5/28/2018 7:00,52,26,26
5/28/2018 8:00,85,43,42
5/28/2018 9:00,110,51,59
5/28/2018 10:00,167,85,82
5/28/2018 11:00,199,92,107
5/28/2018 12:00,195,81,114
5/28/2018 13:00,234,104,130
5/28/2018 14:00,263,119,144
5/28/2018 15:00,257,114,143
5/28/2018 16:00,255,135,120
5/28/2018 17:00,172,73,99
5/28/2018 18:00,122,57,65
5/28/2018 19:00,107,51,56
5/28/2018 20:00,68,27,41
5/28/2018 21:00,28,10,18
5/28/2018 22:00,28,9,19
5/28/2018 23:00,13,6,7
5/29/2018 0:00,12,7,5
5/29/2018 1:00,3,3,0
5/29/2018 2:00,0,0,0
5/29/2018 3:00,6,4,2
5/29/2018 4:00,10,4,6
5/29/2018 5:00,40,21,19
5/29/2018 6:00,190,93,97
5/29/2018 7:00,491,264,227
5/29/2018 8:00,679,355,324
5/29/2018 9:00,304,133,171
5/29/2018 10:00,132,49,83
5/29/2018 11:00,95,39,56
5/29/2018 12:00,70,30,40
5/29/2018 13:00,97,42,55
5/29/2018 14:00,97,52,45
5/29/2018 15:00,159,56,103
5/29/2018 16:00,383,103,280
5/29/2018 17:00,779,185,594
5/29/2018 18:00,455,142,313
5/29/2018 19:00,218,69,149
5/29/2018 20:00,127,44,83
5/29/2018 21:00,60,21,39
5/29/2018 22:00,25,9,16
5/29/2018 23:00,16,6,10
5/30/2018 0:00,5,0,5
5/30/2018 1:00,8,5,3
5/30/2018 2:00,1,0,1
5/30/2018 3:00,7,4,3
5/30/2018 4:00,13,7,6
5/30/2018 5:00,75,44,31
5/30/2018 6:00,204,114,90
5/30/2018 7:00,545,297,248
5/30/2018 8:00,687,364,323
5/30/2018 9:00,285,135,150
5/30/2018 10:00,146,70,76
5/30/2018 11:00,78,43,35
5/30/2018 12:00,95,45,50
5/30/2018 13:00,103,45,58
5/30/2018 14:00,115,45,70
5/30/2018 15:00,187,66,121
5/30/2018 16:00,462,121,341
5/30/2018 17:00,804,189,615
5/30/2018 18:00,660,203,457
5/30/2018 19:00,274,104,170
5/30/2018 20:00,167,60,107
5/30/2018 21:00,87,35,52
5/30/2018 22:00,46,22,24
5/30/2018 23:00,23,6,17
5/31/2018 0:00,9,7,2
5/31/2018 1:00,6,3,3
5/31/2018 2:00,4,4,0
5/31/2018 3:00,4,3,1
5/31/2018 4:00,13,10,3
5/31/2018 5:00,59,39,20
5/31/2018 6:00,178,92,86
5/31/2018 7:00,520,271,249
5/31/2018 8:00,659,345,314
5/31/2018 9:00,310,145,165
5/31/2018 10:00,96,48,48
5/31/2018 11:00,90,53,37
5/31/2018 12:00,75,27,48
5/31/2018 13:00,90,46,44
5/31/2018 14:00,108,42,66
5/31/2018 15:00,179,70,109
5/31/2018 16:00,379,97,282
5/31/2018 17:00,753,202,551
5/31/2018 18:00,500,156,344
5/31/2018 19:00,248,84,164
5/31/2018 20:00,120,27,93
5/31/2018 21:00,99,36,63
5/31/2018 22:00,51,21,30
5/31/2018 23:00,30,14,16
6/1/2018 0:00,7,4,3
6/1/2018 1:00,4,1,3
6/1/2018 2:00,0,0,0
6/1/2018 3:00,11,8,3
6/1/2018 4:00,8,4,4
6/1/2018 5:00,43,22,21
6/1/2018 6:00,132,62,70
6/1/2018 7:00,373,187,186
6/1/2018 8:00,555,284,271
6/1/2018 9:00,276,130,146
6/1/2018 10:00,137,73,64
6/1/2018 11:00,102,49,53
6/1/2018 12:00,92,38,54
6/1/2018 13:00,104,44,60
6/1/2018 14:00,143,60,83
6/1/2018 15:00,222,76,146
6/1/2018 16:00,387,109,278
6/1/2018 17:00,639,139,500
6/1/2018 18:00,423,142,281
6/1/2018 19:00,223,99,124
6/1/2018 20:00,120,49,71
6/1/2018 21:00,88,51,37
6/1/2018 22:00,48,21,27
6/1/2018 23:00,30,13,17
6/2/2018 0:00,38,10,28
6/2/2018 1:00,24,11,13
6/2/2018 2:00,12,6,6
6/2/2018 3:00,7,3,4
6/2/2018 4:00,8,4,4
6/2/2018 5:00,16,10,6
6/2/2018 6:00,31,13,18
6/2/2018 7:00,62,32,30
6/2/2018 8:00,88,44,44
6/2/2018 9:00,160,91,69
6/2/2018 10:00,180,87,93
6/2/2018 11:00,231,117,114
6/2/2018 12:00,236,112,124
6/2/2018 13:00,250,128,122
6/2/2018 14:00,271,140,131
6/2/2018 15:00,253,130,123
6/2/2018 16:00,245,131,114
6/2/2018 17:00,221,97,124
6/2/2018 18:00,194,101,93
6/2/2018 19:00,112,48,64
6/2/2018 20:00,125,53,72
6/2/2018 21:00,65,33,32
6/2/2018 22:00,54,23,31
6/2/2018 23:00,28,7,21
6/3/2018 0:00,16,4,12
6/3/2018 1:00,27,9,18
6/3/2018 2:00,12,5,7
6/3/2018 3:00,4,2,2
6/3/2018 4:00,7,2,5
6/3/2018 5:00,7,4,3
6/3/2018 6:00,24,13,11
6/3/2018 7:00,57,38,19
6/3/2018 8:00,82,41,41
6/3/2018 9:00,102,57,45
6/3/2018 10:00,148,79,69
6/3/2018 11:00,160,88,72
6/3/2018 12:00,154,93,61
6/3/2018 13:00,134,51,83
6/3/2018 14:00,84,35,49
6/3/2018 15:00,68,31,37
6/3/2018 16:00,63,27,36
6/3/2018 17:00,47,16,31
6/3/2018 18:00,43,23,20
6/3/2018 19:00,38,20,18
6/3/2018 20:00,28,18,10
6/3/2018 21:00,19,11,8
6/3/2018 22:00,14,7,7
6/3/2018 23:00,6,1,5
6/4/2018 0:00,3,3,0
6/4/2018 1:00,1,0,1
6/4/2018 2:00,5,2,3
6/4/2018 3:00,1,0,1
6/4/2018 4:00,14,7,7
6/4/2018 5:00,46,25,21
6/4/2018 6:00,144,82,62
6/4/2018 7:00,409,197,212
6/4/2018 8:00,570,295,275
6/4/2018 9:00,243,119,124
6/4/2018 10:00,76,36,40
6/4/2018 11:00,59,26,33
6/4/2018 12:00,63,30,33
6/4/2018 13:00,85,40,45
6/4/2018 14:00,89,47,42
6/4/2018 15:00,149,46,103
6/4/2018 16:00,329,91,238
6/4/2018 17:00,688,149,539
6/4/2018 18:00,416,135,281
6/4/2018 19:00,206,82,124
6/4/2018 20:00,109,44,65
6/4/2018 21:00,67,34,33
6/4/2018 22:00,35,17,18
6/4/2018 23:00,10,7,3
6/5/2018 0:00,11,7,4
6/5/2018 1:00,6,3,3
6/5/2018 2:00,3,0,3
6/5/2018 3:00,5,3,2
6/5/2018 4:00,8,5,3
6/5/2018 5:00,60,33,27
6/5/2018 6:00,202,93,109
6/5/2018 7:00,538,282,256
6/5/2018 8:00,695,357,338
6/5/2018 9:00,359,163,196
6/5/2018 10:00,134,67,67
6/5/2018 11:00,113,53,60
6/5/2018 12:00,86,38,48
6/5/2018 13:00,133,74,59
6/5/2018 14:00,121,62,59
6/5/2018 15:00,194,75,119
6/5/2018 16:00,415,114,301
6/5/2018 17:00,839,189,650
6/5/2018 18:00,496,161,335
6/5/2018 19:00,281,98,183
6/5/2018 20:00,172,70,102
6/5/2018 21:00,86,36,50
6/5/2018 22:00,45,12,33
6/5/2018 23:00,21,11,10
6/6/2018 0:00,9,4,5
6/6/2018 1:00,7,2,5
6/6/2018 2:00,2,0,2
6/6/2018 3:00,5,4,1
6/6/2018 4:00,12,6,6
6/6/2018 5:00,55,34,21
6/6/2018 6:00,213,110,103
6/6/2018 7:00,544,277,267
6/6/2018 8:00,638,330,308
6/6/2018 9:00,370,183,187
6/6/2018 10:00,166,67,99
6/6/2018 11:00,126,70,56
6/6/2018 12:00,118,61,57
6/6/2018 13:00,123,58,65
6/6/2018 14:00,142,65,77
6/6/2018 15:00,203,66,137
6/6/2018 16:00,479,147,332
6/6/2018 17:00,837,192,645
6/6/2018 18:00,542,175,367
6/6/2018 19:00,275,107,168
6/6/2018 20:00,143,61,82
6/6/2018 21:00,107,37,70
6/6/2018 22:00,57,21,36
6/6/2018 23:00,47,21,26
6/7/2018 0:00,20,5,15
6/7/2018 1:00,5,4,1
6/7/2018 2:00,3,0,3
6/7/2018 3:00,5,3,2
6/7/2018 4:00,12,6,6
6/7/2018 5:00,55,33,22
6/7/2018 6:00,196,91,105
6/7/2018 7:00,454,230,224
6/7/2018 8:00,597,299,298
6/7/2018 9:00,335,161,174
6/7/2018 10:00,149,83,66
6/7/2018 11:00,115,52,63
6/7/2018 12:00,110,46,64
6/7/2018 13:00,97,43,54
6/7/2018 14:00,118,61,57
6/7/2018 15:00,187,50,137
6/7/2018 16:00,404,114,290
6/7/2018 17:00,766,190,576
6/7/2018 18:00,474,158,316
6/7/2018 19:00,278,99,179
6/7/2018 20:00,160,57,103
6/7/2018 21:00,82,32,50
6/7/2018 22:00,59,22,37
6/7/2018 23:00,34,12,22
6/8/2018 0:00,14,5,9
6/8/2018 1:00,7,1,6
6/8/2018 2:00,4,1,3
6/8/2018 3:00,1,1,0
6/8/2018 4:00,8,2,6
6/8/2018 5:00,42,22,20
6/8/2018 6:00,115,54,61
6/8/2018 7:00,291,133,158
6/8/2018 8:00,467,250,217
6/8/2018 9:00,235,105,130
6/8/2018 10:00,123,49,74
6/8/2018 11:00,97,41,56
6/8/2018 12:00,61,26,35
6/8/2018 13:00,65,31,34
6/8/2018 14:00,72,20,52
6/8/2018 15:00,114,42,72
6/8/2018 16:00,269,66,203
6/8/2018 17:00,414,89,325
6/8/2018 18:00,234,69,165
6/8/2018 19:00,73,17,56
6/8/2018 20:00,46,16,30
6/8/2018 21:00,28,9,19
6/8/2018 22:00,16,6,10
6/8/2018 23:00,10,4,6
6/9/2018 0:00,9,3,6
6/9/2018 1:00,6,4,2
6/9/2018 2:00,4,1,3
6/9/2018 3:00,3,2,1
6/9/2018 4:00,2,1,1
6/9/2018 5:00,10,6,4
6/9/2018 6:00,15,10,5
6/9/2018 7:00,29,11,18
6/9/2018 8:00,54,25,29
6/9/2018 9:00,76,44,32
6/9/2018 10:00,106,63,43
6/9/2018 11:00,113,54,59
6/9/2018 12:00,139,67,72
6/9/2018 13:00,129,60,69
6/9/2018 14:00,118,51,67
6/9/2018 15:00,139,71,68
6/9/2018 16:00,112,70,42
6/9/2018 17:00,109,67,42
6/9/2018 18:00,101,55,46
6/9/2018 19:00,54,26,28
6/9/2018 20:00,35,20,15
6/9/2018 21:00,30,12,18
6/9/2018 22:00,15,8,7
6/9/2018 23:00,15,6,9
6/10/2018 0:00,8,4,4
6/10/2018 1:00,4,1,3
6/10/2018 2:00,4,0,4
6/10/2018 3:00,4,2,2
6/10/2018 4:00,2,1,1
6/10/2018 5:00,23,15,8
6/10/2018 6:00,30,13,17
6/10/2018 7:00,43,20,23
6/10/2018 8:00,93,37,56
6/10/2018 9:00,122,60,62
6/10/2018 10:00,155,81,74
6/10/2018 11:00,89,43,46
6/10/2018 12:00,112,73,39
6/10/2018 13:00,173,83,90
6/10/2018 14:00,153,75,78
6/10/2018 15:00,133,74,59
6/10/2018 16:00,142,60,82
6/10/2018 17:00,74,44,30
6/10/2018 18:00,53,24,29
6/10/2018 19:00,34,19,15
6/10/2018 20:00,23,16,7
6/10/2018 21:00,23,13,10
6/10/2018 22:00,15,7,8
6/10/2018 23:00,11,7,4
6/11/2018 0:00,3,2,1
6/11/2018 1:00,2,2,0
6/11/2018 2:00,0,0,0
6/11/2018 3:00,3,2,1
6/11/2018 4:00,15,8,7
6/11/2018 5:00,64,35,29
6/11/2018 6:00,207,102,105
6/11/2018 7:00,452,229,223
6/11/2018 8:00,617,311,306
6/11/2018 9:00,316,145,171
6/11/2018 10:00,133,66,67
6/11/2018 11:00,88,35,53
6/11/2018 12:00,113,48,65
6/11/2018 13:00,100,41,59
6/11/2018 14:00,146,61,85
6/11/2018 15:00,172,63,109
6/11/2018 16:00,379,111,268
6/11/2018 17:00,857,188,669
6/11/2018 18:00,570,139,431
6/11/2018 19:00,279,101,178
6/11/2018 20:00,155,59,96
6/11/2018 21:00,85,29,56
6/11/2018 22:00,38,15,23
6/11/2018 23:00,20,8,12
6/12/2018 0:00,8,3,5
6/12/2018 1:00,4,3,1
6/12/2018 2:00,5,3,2
6/12/2018 3:00,5,3,2
6/12/2018 4:00,5,3,2
6/12/2018 5:00,56,35,21
6/12/2018 6:00,208,101,107
6/12/2018 7:00,556,275,281
6/12/2018 8:00,705,375,330
6/12/2018 9:00,356,149,207
6/12/2018 10:00,135,69,66
6/12/2018 11:00,91,47,44
6/12/2018 12:00,91,45,46
6/12/2018 13:00,114,53,61
6/12/2018 14:00,127,47,80
6/12/2018 15:00,186,76,110
6/12/2018 16:00,441,118,323
6/12/2018 17:00,836,200,636
6/12/2018 18:00,510,148,362
6/12/2018 19:00,253,78,175
6/12/2018 20:00,139,37,102
6/12/2018 21:00,72,36,36
6/12/2018 22:00,49,24,25
6/12/2018 23:00,28,6,22
6/13/2018 0:00,6,3,3
6/13/2018 1:00,2,1,1
6/13/2018 2:00,6,1,5
6/13/2018 3:00,6,3,3
6/13/2018 4:00,13,12,1
6/13/2018 5:00,48,27,21
6/13/2018 6:00,92,46,46
6/13/2018 7:00,235,122,113
6/13/2018 8:00,387,195,192
6/13/2018 9:00,247,118,129
6/13/2018 10:00,98,39,59
6/13/2018 11:00,65,31,34
6/13/2018 12:00,85,48,37
6/13/2018 13:00,89,37,52
6/13/2018 14:00,68,31,37
6/13/2018 15:00,108,52,56
6/13/2018 16:00,225,62,163
6/13/2018 17:00,440,89,351
6/13/2018 18:00,290,79,211
6/13/2018 19:00,116,32,84
6/13/2018 20:00,64,26,38
6/13/2018 21:00,37,8,29
6/13/2018 22:00,21,11,10
6/13/2018 23:00,22,7,15
6/14/2018 0:00,10,3,7
6/14/2018 1:00,2,1,1
6/14/2018 2:00,6,4,2
6/14/2018 3:00,8,5,3
6/14/2018 4:00,12,7,5
6/14/2018 5:00,48,25,23
6/14/2018 6:00,141,61,80
6/14/2018 7:00,371,192,179
6/14/2018 8:00,544,255,289
6/14/2018 9:00,273,122,151
6/14/2018 10:00,129,55,74
6/14/2018 11:00,74,27,47
6/14/2018 12:00,91,45,46
6/14/2018 13:00,102,53,49
6/14/2018 14:00,102,51,51
6/14/2018 15:00,137,52,85
6/14/2018 16:00,365,104,261
6/14/2018 17:00,648,173,475
6/14/2018 18:00,467,144,323
6/14/2018 19:00,236,87,149
6/14/2018 20:00,130,37,93
6/14/2018 21:00,91,36,55
6/14/2018 22:00,55,18,37
6/14/2018 23:00,33,10,23
6/15/2018 0:00,9,2,7
6/15/2018 1:00,7,3,4
6/15/2018 2:00,2,1,1
6/15/2018 3:00,5,2,3
6/15/2018 4:00,14,8,6
6/15/2018 5:00,44,23,21
6/15/2018 6:00,148,67,81
6/15/2018 7:00,382,197,185
6/15/2018 8:00,547,293,254
6/15/2018 9:00,291,137,154
6/15/2018 10:00,127,49,78
6/15/2018 11:00,106,47,59
6/15/2018 12:00,127,60,67
6/15/2018 13:00,118,56,62
6/15/2018 14:00,182,91,91
6/15/2018 15:00,231,88,143
6/15/2018 16:00,458,122,336
6/15/2018 17:00,703,193,510
6/15/2018 18:00,376,122,254
6/15/2018 19:00,205,64,141
6/15/2018 20:00,124,52,72
6/15/2018 21:00,67,34,33
6/15/2018 22:00,58,19,39
6/15/2018 23:00,47,17,30
6/16/2018 0:00,20,8,12
6/16/2018 1:00,12,8,4
6/16/2018 2:00,9,2,7
6/16/2018 3:00,5,1,4
6/16/2018 4:00,4,2,2
6/16/2018 5:00,17,6,11
6/16/2018 6:00,38,11,27
6/16/2018 7:00,56,24,32
6/16/2018 8:00,115,56,59
6/16/2018 9:00,171,71,100
6/16/2018 10:00,228,88,140
6/16/2018 11:00,248,87,161
6/16/2018 12:00,53,18,35
6/16/2018 13:00,38,16,22
6/16/2018 14:00,57,23,34
6/16/2018 15:00,175,71,104
6/16/2018 16:00,266,133,133
6/16/2018 17:00,286,116,170
6/16/2018 18:00,198,105,93
6/16/2018 19:00,155,73,82
6/16/2018 20:00,140,63,77
6/16/2018 21:00,90,34,56
6/16/2018 22:00,85,48,37
6/16/2018 23:00,53,26,27
6/17/2018 0:00,20,7,13
6/17/2018 1:00,16,10,6
6/17/2018 2:00,8,3,5
6/17/2018 3:00,6,2,4
6/17/2018 4:00,6,3,3
6/17/2018 5:00,11,5,6
6/17/2018 6:00,25,9,16
6/17/2018 7:00,60,26,34
6/17/2018 8:00,115,60,55
6/17/2018 9:00,144,64,80
6/17/2018 10:00,178,80,98
6/17/2018 11:00,224,88,136
6/17/2018 12:00,235,113,122
6/17/2018 13:00,278,120,158
6/17/2018 14:00,217,111,106
6/17/2018 15:00,198,94,104
6/17/2018 16:00,230,101,129
6/17/2018 17:00,223,97,126
6/17/2018 18:00,177,91,86
6/17/2018 19:00,117,61,56
6/17/2018 20:00,92,55,37
6/17/2018 21:00,43,20,23
6/17/2018 22:00,35,14,21
6/17/2018 23:00,15,9,6
6/18/2018 0:00,7,5,2
6/18/2018 1:00,3,2,1
6/18/2018 2:00,3,1,2
6/18/2018 3:00,3,0,3
6/18/2018 4:00,13,9,4
6/18/2018 5:00,48,26,22
6/18/2018 6:00,196,102,94
6/18/2018 7:00,527,266,261
6/18/2018 8:00,725,352,373
6/18/2018 9:00,351,165,186
6/18/2018 10:00,132,68,64
6/18/2018 11:00,105,46,59
6/18/2018 12:00,104,54,50
6/18/2018 13:00,109,56,53
6/18/2018 14:00,131,55,76
6/18/2018 15:00,187,73,114
6/18/2018 16:00,437,100,337
6/18/2018 17:00,852,180,672
6/18/2018 18:00,561,166,395
6/18/2018 19:00,295,101,194
6/18/2018 20:00,165,67,98
6/18/2018 21:00,111,34,77
6/18/2018 22:00,57,24,33
6/18/2018 23:00,19,8,11
6/19/2018 0:00,11,5,6
6/19/2018 1:00,7,4,3
6/19/2018 2:00,3,1,2
6/19/2018 3:00,2,1,1
6/19/2018 4:00,10,4,6
6/19/2018 5:00,60,35,25
6/19/2018 6:00,221,111,110
6/19/2018 7:00,541,275,266
6/19/2018 8:00,751,364,387
6/19/2018 9:00,390,180,210
6/19/2018 10:00,164,79,85
6/19/2018 11:00,110,53,57
6/19/2018 12:00,125,65,60
6/19/2018 13:00,133,55,78
6/19/2018 14:00,148,67,81
6/19/2018 15:00,226,74,152
6/19/2018 16:00,475,112,363
6/19/2018 17:00,873,188,685
6/19/2018 18:00,554,163,391
6/19/2018 19:00,276,107,169
6/19/2018 20:00,193,64,129
6/19/2018 21:00,112,51,61
6/19/2018 22:00,59,28,31
6/19/2018 23:00,39,25,14
6/20/2018 0:00,10,5,5
6/20/2018 1:00,8,3,5
6/20/2018 2:00,3,2,1
6/20/2018 3:00,3,2,1
6/20/2018 4:00,14,5,9
6/20/2018 5:00,47,23,24
6/20/2018 6:00,220,110,110
6/20/2018 7:00,556,294,262
6/20/2018 8:00,662,303,359
6/20/2018 9:00,387,190,197
6/20/2018 10:00,144,63,81
6/20/2018 11:00,117,58,59
6/20/2018 12:00,105,59,46
6/20/2018 13:00,115,52,63
6/20/2018 14:00,117,37,80
6/20/2018 15:00,194,74,120
6/20/2018 16:00,412,108,304
6/20/2018 17:00,852,203,649
6/20/2018 18:00,570,169,401
6/20/2018 19:00,281,84,197
6/20/2018 20:00,209,90,119
6/20/2018 21:00,126,67,59
6/20/2018 22:00,62,34,28
6/20/2018 23:00,33,10,23
6/21/2018 0:00,21,9,12
6/21/2018 1:00,7,2,5
6/21/2018 2:00,3,2,1
6/21/2018 3:00,4,2,2
6/21/2018 4:00,9,4,5
6/21/2018 5:00,56,30,26
6/21/2018 6:00,177,100,77
6/21/2018 7:00,478,229,249
6/21/2018 8:00,620,288,332
6/21/2018 9:00,349,165,184
6/21/2018 10:00,138,66,72
6/21/2018 11:00,113,59,54
6/21/2018 12:00,91,47,44
6/21/2018 13:00,100,45,55
6/21/2018 14:00,123,54,69
6/21/2018 15:00,167,65,102
6/21/2018 16:00,435,123,312
6/21/2018 17:00,806,190,616
6/21/2018 18:00,529,144,385
6/21/2018 19:00,258,103,155
6/21/2018 20:00,157,55,102
6/21/2018 21:00,126,68,58
6/21/2018 22:00,92,38,54
6/21/2018 23:00,49,22,27
6/22/2018 0:00,23,9,14
6/22/2018 1:00,13,6,7
6/22/2018 2:00,8,6,2
6/22/2018 3:00,5,1,4
6/22/2018 4:00,12,6,6
6/22/2018 5:00,34,18,16
6/22/2018 6:00,151,86,65
6/22/2018 7:00,353,187,166
6/22/2018 8:00,542,255,287
6/22/2018 9:00,310,140,170
6/22/2018 10:00,128,53,75
6/22/2018 11:00,102,44,58
6/22/2018 12:00,104,51,53
6/22/2018 13:00,117,50,67
6/22/2018 14:00,151,72,79
6/22/2018 15:00,194,80,114
6/22/2018 16:00,421,128,293
6/22/2018 17:00,581,142,439
6/22/2018 18:00,328,105,223
6/22/2018 19:00,163,70,93
6/22/2018 20:00,103,35,68
6/22/2018 21:00,69,26,43
6/22/2018 22:00,41,17,24
6/22/2018 23:00,13,8,5
6/23/2018 0:00,9,4,5
6/23/2018 1:00,7,3,4
6/23/2018 2:00,4,3,1
6/23/2018 3:00,5,4,1
6/23/2018 4:00,8,4,4
6/23/2018 5:00,14,6,8
6/23/2018 6:00,15,9,6
6/23/2018 7:00,46,18,28
6/23/2018 8:00,110,64,46
6/23/2018 9:00,91,53,38
6/23/2018 10:00,139,63,76
6/23/2018 11:00,138,62,76
6/23/2018 12:00,183,103,80
6/23/2018 13:00,200,104,96
6/23/2018 14:00,150,63,87
6/23/2018 15:00,203,87,116
6/23/2018 16:00,214,84,130
6/23/2018 17:00,174,85,89
6/23/2018 18:00,173,80,93
6/23/2018 19:00,150,70,80
6/23/2018 20:00,102,55,47
6/23/2018 21:00,95,33,62
6/23/2018 22:00,43,20,23
6/23/2018 23:00,38,13,25
6/24/2018 0:00,19,11,8
6/24/2018 1:00,8,3,5
6/24/2018 2:00,5,2,3
6/24/2018 3:00,4,2,2
6/24/2018 4:00,6,1,5
6/24/2018 5:00,17,13,4
6/24/2018 6:00,20,12,8
6/24/2018 7:00,45,19,26
6/24/2018 8:00,86,37,49
6/24/2018 9:00,88,47,41
6/24/2018 10:00,178,87,91
6/24/2018 11:00,219,95,124
6/24/2018 12:00,238,114,124
6/24/2018 13:00,258,107,151
6/24/2018 14:00,250,106,144
6/24/2018 15:00,285,138,147
6/24/2018 16:00,225,104,121
6/24/2018 17:00,212,90,122
6/24/2018 18:00,164,64,100
6/24/2018 19:00,133,58,75
6/24/2018 20:00,82,42,40
6/24/2018 21:00,39,11,28
6/24/2018 22:00,24,10,14
6/24/2018 23:00,18,5,13
6/25/2018 0:00,6,3,3
6/25/2018 1:00,4,3,1
6/25/2018 2:00,3,0,3
6/25/2018 3:00,3,1,2
6/25/2018 4:00,8,3,5
6/25/2018 5:00,41,24,17
6/25/2018 6:00,139,75,64
6/25/2018 7:00,304,151,153
6/25/2018 8:00,498,234,264
6/25/2018 9:00,306,144,162
6/25/2018 10:00,96,44,52
6/25/2018 11:00,69,24,45
6/25/2018 12:00,66,29,37
6/25/2018 13:00,70,36,34
6/25/2018 14:00,82,41,41
6/25/2018 15:00,145,54,91
6/25/2018 16:00,304,84,220
6/25/2018 17:00,570,129,441
6/25/2018 18:00,386,124,262
6/25/2018 19:00,235,83,152
6/25/2018 20:00,100,33,67
6/25/2018 21:00,64,29,35
6/25/2018 22:00,40,21,19
6/25/2018 23:00,19,7,12
6/26/2018 0:00,21,13,8
6/26/2018 1:00,2,2,0
6/26/2018 2:00,3,1,2
6/26/2018 3:00,2,2,0
6/26/2018 4:00,13,7,6
6/26/2018 5:00,56,31,25
6/26/2018 6:00,165,90,75
6/26/2018 7:00,389,203,186
6/26/2018 8:00,599,289,310
6/26/2018 9:00,371,152,219
6/26/2018 10:00,125,56,69
6/26/2018 11:00,110,58,52
6/26/2018 12:00,109,55,54
6/26/2018 13:00,109,45,64
6/26/2018 14:00,113,55,58
6/26/2018 15:00,182,74,108
6/26/2018 16:00,361,114,247
6/26/2018 17:00,807,180,627
6/26/2018 18:00,487,161,326
6/26/2018 19:00,316,111,205
6/26/2018 20:00,229,92,137
6/26/2018 21:00,104,30,74
6/26/2018 22:00,66,26,40
6/26/2018 23:00,32,10,22
6/27/2018 0:00,11,4,7
6/27/2018 1:00,3,2,1
6/27/2018 2:00,3,1,2
6/27/2018 3:00,5,4,1
6/27/2018 4:00,22,11,11
6/27/2018 5:00,77,43,34
6/27/2018 6:00,184,98,86
6/27/2018 7:00,528,262,266
6/27/2018 8:00,626,312,314
6/27/2018 9:00,376,163,213
6/27/2018 10:00,138,61,77
6/27/2018 11:00,125,63,62
6/27/2018 12:00,105,55,50
6/27/2018 13:00,113,46,67
6/27/2018 14:00,127,56,71
6/27/2018 15:00,180,64,116
6/27/2018 16:00,399,99,300
6/27/2018 17:00,804,181,623
6/27/2018 18:00,492,151,341
6/27/2018 19:00,300,101,199
6/27/2018 20:00,148,59,89
6/27/2018 21:00,84,38,46
6/27/2018 22:00,63,34,29
6/27/2018 23:00,29,15,14
6/28/2018 0:00,11,5,6
6/28/2018 1:00,1,0,1
6/28/2018 2:00,1,1,0
6/28/2018 3:00,4,2,2
6/28/2018 4:00,10,5,5
6/28/2018 5:00,56,27,29
6/28/2018 6:00,179,97,82
6/28/2018 7:00,444,202,242
6/28/2018 8:00,565,272,293
6/28/2018 9:00,327,153,174
6/28/2018 10:00,139,69,70
6/28/2018 11:00,99,50,49
6/28/2018 12:00,78,31,47
6/28/2018 13:00,113,47,66
6/28/2018 14:00,102,43,59
6/28/2018 15:00,149,65,84
6/28/2018 16:00,403,102,301
6/28/2018 17:00,710,169,541
6/28/2018 18:00,502,162,340
6/28/2018 19:00,222,67,155
6/28/2018 20:00,129,47,82
6/28/2018 21:00,75,36,39
6/28/2018 22:00,41,18,23
6/28/2018 23:00,27,10,17
6/29/2018 0:00,9,3,6
6/29/2018 1:00,6,2,4
6/29/2018 2:00,6,3,3
6/29/2018 3:00,4,2,2
6/29/2018 4:00,11,6,5
6/29/2018 5:00,48,22,26
6/29/2018 6:00,121,62,59
6/29/2018 7:00,349,173,176
6/29/2018 8:00,474,207,267
6/29/2018 9:00,269,129,140
6/29/2018 10:00,137,52,85
6/29/2018 11:00,102,60,42
6/29/2018 12:00,111,49,62
6/29/2018 13:00,127,48,79
6/29/2018 14:00,172,70,102
6/29/2018 15:00,191,64,127
6/29/2018 16:00,368,97,271
6/29/2018 17:00,550,121,429
6/29/2018 18:00,296,82,214
6/29/2018 19:00,192,54,138
6/29/2018 20:00,135,45,90
6/29/2018 21:00,565,521,44
6/29/2018 22:00,460,32,428
6/29/2018 23:00,216,24,192
6/30/2018 0:00,45,21,24
6/30/2018 1:00,17,10,7
6/30/2018 2:00,6,3,3
6/30/2018 3:00,6,2,4
6/30/2018 4:00,5,2,3
6/30/2018 5:00,14,11,3
6/30/2018 6:00,25,9,16
6/30/2018 7:00,53,26,27
6/30/2018 8:00,95,40,55
6/30/2018 9:00,143,56,87
6/30/2018 10:00,133,48,85
6/30/2018 11:00,126,58,68
6/30/2018 12:00,177,74,103
6/30/2018 13:00,166,97,69
6/30/2018 14:00,119,63,56
6/30/2018 15:00,98,34,64
6/30/2018 16:00,118,48,70
6/30/2018 17:00,103,39,64
6/30/2018 18:00,88,43,45
6/30/2018 19:00,70,31,39
6/30/2018 20:00,43,13,30
6/30/2018 21:00,34,13,21
6/30/2018 22:00,21,10,11
6/30/2018 23:00,26,14,12
7/1/2018 0:00,13,7,6
7/1/2018 1:00,5,2,3
7/1/2018 2:00,8,5,3
7/1/2018 3:00,6,2,4
7/1/2018 4:00,4,0,4
7/1/2018 5:00,8,6,2
7/1/2018 6:00,18,6,12
7/1/2018 7:00,47,25,22
7/1/2018 8:00,78,37,41
7/1/2018 9:00,84,30,54
7/1/2018 10:00,121,54,67
7/1/2018 11:00,127,68,59
7/1/2018 12:00,126,52,74
7/1/2018 13:00,140,58,82
7/1/2018 14:00,166,71,95
7/1/2018 15:00,177,92,85
7/1/2018 16:00,148,65,83
7/1/2018 17:00,127,67,60
7/1/2018 18:00,122,62,60
7/1/2018 19:00,78,30,48
7/1/2018 20:00,65,26,39
7/1/2018 21:00,42,13,29
7/1/2018 22:00,12,3,9
7/1/2018 23:00,11,1,10
7/2/2018 0:00,8,4,4
7/2/2018 1:00,2,1,1
7/2/2018 2:00,4,2,2
7/2/2018 3:00,1,0,1
7/2/2018 4:00,17,7,10
7/2/2018 5:00,42,18,24
7/2/2018 6:00,150,74,76
7/2/2018 7:00,394,185,209
7/2/2018 8:00,577,295,282
7/2/2018 9:00,314,143,171
7/2/2018 10:00,130,58,72
7/2/2018 11:00,106,48,58
7/2/2018 12:00,93,49,44
7/2/2018 13:00,106,42,64
7/2/2018 14:00,121,63,58
7/2/2018 15:00,178,76,102
7/2/2018 16:00,367,99,268
7/2/2018 17:00,745,176,569
7/2/2018 18:00,471,131,340
7/2/2018 19:00,245,82,163
7/2/2018 20:00,152,55,97
7/2/2018 21:00,75,36,39
7/2/2018 22:00,22,15,7
7/2/2018 23:00,24,7,17
7/3/2018 0:00,12,5,7
7/3/2018 1:00,8,7,1
7/3/2018 2:00,5,3,2
7/3/2018 3:00,7,2,5
7/3/2018 4:00,13,7,6
7/3/2018 5:00,52,27,25
7/3/2018 6:00,177,91,86
7/3/2018 7:00,433,209,224
7/3/2018 8:00,578,298,280
7/3/2018 9:00,361,168,193
7/3/2018 10:00,157,76,81
7/3/2018 11:00,140,66,74
7/3/2018 12:00,113,48,65
7/3/2018 13:00,146,52,94
7/3/2018 14:00,179,74,105
7/3/2018 15:00,263,83,180
7/3/2018 16:00,493,137,356
7/3/2018 17:00,701,186,515
7/3/2018 18:00,444,136,308
7/3/2018 19:00,281,109,172
7/3/2018 20:00,156,64,92
7/3/2018 21:00,117,60,57
7/3/2018 22:00,55,19,36
7/3/2018 23:00,41,20,21
7/4/2018 0:00,29,6,23
7/4/2018 1:00,9,4,5
7/4/2018 2:00,5,3,2
7/4/2018 3:00,4,1,3
7/4/2018 4:00,7,4,3
7/4/2018 5:00,18,8,10
7/4/2018 6:00,35,13,22
7/4/2018 7:00,73,32,41
7/4/2018 8:00,161,98,63
7/4/2018 9:00,130,59,71
7/4/2018 10:00,176,91,85
7/4/2018 11:00,236,117,119
7/4/2018 12:00,248,120,128
7/4/2018 13:00,319,146,173
7/4/2018 14:00,295,126,169
7/4/2018 15:00,284,146,138
7/4/2018 16:00,226,91,135
7/4/2018 17:00,246,138,108
7/4/2018 18:00,265,133,132
7/4/2018 19:00,236,104,132
7/4/2018 20:00,201,92,109
7/4/2018 21:00,183,99,84
7/4/2018 22:00,129,58,71
7/4/2018 23:00,264,114,150
7/5/2018 0:00,53,14,39
7/5/2018 1:00,15,6,9
7/5/2018 2:00,7,2,5
7/5/2018 3:00,6,3,3
7/5/2018 4:00,20,11,9
7/5/2018 5:00,44,20,24
7/5/2018 6:00,124,65,59
7/5/2018 7:00,327,153,174
7/5/2018 8:00,475,216,259
7/5/2018 9:00,302,133,169
7/5/2018 10:00,169,77,92
7/5/2018 11:00,141,81,60
7/5/2018 12:00,123,54,69
7/5/2018 13:00,150,72,78
7/5/2018 14:00,163,64,99
7/5/2018 15:00,196,72,124
7/5/2018 16:00,352,88,264
7/5/2018 17:00,634,155,479
7/5/2018 18:00,448,140,308
7/5/2018 19:00,237,94,143
7/5/2018 20:00,136,41,95
7/5/2018 21:00,82,38,44
7/5/2018 22:00,66,27,39
7/5/2018 23:00,41,18,23
7/6/2018 0:00,4,2,2
7/6/2018 1:00,7,1,6
7/6/2018 2:00,3,2,1
7/6/2018 3:00,2,1,1
7/6/2018 4:00,15,7,8
7/6/2018 5:00,36,17,19
7/6/2018 6:00,121,61,60
7/6/2018 7:00,334,166,168
7/6/2018 8:00,488,266,222
7/6/2018 9:00,304,144,160
7/6/2018 10:00,140,67,73
7/6/2018 11:00,127,60,67
7/6/2018 12:00,126,63,63
7/6/2018 13:00,130,51,79
7/6/2018 14:00,180,65,115
7/6/2018 15:00,236,74,162
7/6/2018 16:00,392,131,261
7/6/2018 17:00,526,132,394
7/6/2018 18:00,374,126,248
7/6/2018 19:00,197,75,122
7/6/2018 20:00,161,68,93
7/6/2018 21:00,88,45,43
7/6/2018 22:00,55,27,28
7/6/2018 23:00,46,25,21
7/7/2018 0:00,23,10,13
7/7/2018 1:00,12,4,8
7/7/2018 2:00,9,2,7
7/7/2018 3:00,4,4,0
7/7/2018 4:00,6,1,5
7/7/2018 5:00,20,11,9
7/7/2018 6:00,24,8,16
7/7/2018 7:00,42,17,25
7/7/2018 8:00,99,41,58
7/7/2018 9:00,128,53,75
7/7/2018 10:00,160,77,83
7/7/2018 11:00,171,62,109
7/7/2018 12:00,187,93,94
7/7/2018 13:00,186,98,88
7/7/2018 14:00,235,102,133
7/7/2018 15:00,193,85,108
7/7/2018 16:00,239,117,122
7/7/2018 17:00,237,109,128
7/7/2018 18:00,225,104,121
7/7/2018 19:00,100,37,63
7/7/2018 20:00,124,56,68
7/7/2018 21:00,107,36,71
7/7/2018 22:00,54,19,35
7/7/2018 23:00,41,21,20
7/8/2018 0:00,24,12,12
7/8/2018 1:00,8,2,6
7/8/2018 2:00,8,4,4
7/8/2018 3:00,2,1,1
7/8/2018 4:00,4,1,3
7/8/2018 5:00,9,4,5
7/8/2018 6:00,23,9,14
7/8/2018 7:00,49,18,31
7/8/2018 8:00,87,51,36
7/8/2018 9:00,157,67,90
7/8/2018 10:00,177,77,100
7/8/2018 11:00,242,142,100
7/8/2018 12:00,246,129,117
7/8/2018 13:00,299,155,144
7/8/2018 14:00,284,144,140
7/8/2018 15:00,257,141,116
7/8/2018 16:00,263,120,143
7/8/2018 17:00,170,97,73
7/8/2018 18:00,155,84,71
7/8/2018 19:00,104,54,50
7/8/2018 20:00,96,46,50
7/8/2018 21:00,54,26,28
7/8/2018 22:00,24,10,14
7/8/2018 23:00,15,5,10
7/9/2018 0:00,11,4,7
7/9/2018 1:00,2,2,0
7/9/2018 2:00,3,2,1
7/9/2018 3:00,2,1,1
7/9/2018 4:00,10,4,6
7/9/2018 5:00,57,32,25
7/9/2018 6:00,193,95,98
7/9/2018 7:00,529,248,281
7/9/2018 8:00,657,328,329
7/9/2018 9:00,346,153,193
7/9/2018 10:00,139,66,73
7/9/2018 11:00,111,48,63
7/9/2018 12:00,129,67,62
7/9/2018 13:00,110,53,57
7/9/2018 14:00,145,64,81
7/9/2018 15:00,166,56,110
7/9/2018 16:00,416,114,302
7/9/2018 17:00,793,174,619
7/9/2018 18:00,509,145,364
7/9/2018 19:00,209,68,141
7/9/2018 20:00,119,38,81
7/9/2018 21:00,69,21,48
7/9/2018 22:00,46,23,23
7/9/2018 23:00,27,11,16
7/10/2018 0:00,13,6,7
7/10/2018 1:00,2,1,1
7/10/2018 2:00,4,3,1
7/10/2018 3:00,3,1,2
7/10/2018 4:00,13,7,6
7/10/2018 5:00,64,33,31
7/10/2018 6:00,205,99,106
7/10/2018 7:00,492,242,250
7/10/2018 8:00,674,322,352
7/10/2018 9:00,360,163,197
7/10/2018 10:00,141,56,85
7/10/2018 11:00,91,53,38
7/10/2018 12:00,99,50,49
7/10/2018 13:00,129,69,60
7/10/2018 14:00,121,57,64
7/10/2018 15:00,185,73,112
7/10/2018 16:00,404,112,292
7/10/2018 17:00,813,202,611
7/10/2018 18:00,560,196,364
7/10/2018 19:00,321,126,195
7/10/2018 20:00,204,58,146
7/10/2018 21:00,131,56,75
7/10/2018 22:00,50,21,29
7/10/2018 23:00,23,16,7
7/11/2018 0:00,8,5,3
7/11/2018 1:00,5,3,2
7/11/2018 2:00,8,5,3
7/11/2018 3:00,5,2,3
7/11/2018 4:00,18,7,11
7/11/2018 5:00,54,29,25
7/11/2018 6:00,182,93,89
7/11/2018 7:00,525,247,278
7/11/2018 8:00,656,319,337
7/11/2018 9:00,386,182,204
7/11/2018 10:00,181,93,88
7/11/2018 11:00,141,82,59
7/11/2018 12:00,111,56,55
7/11/2018 13:00,113,60,53
7/11/2018 14:00,164,75,89
7/11/2018 15:00,201,83,118
7/11/2018 16:00,437,113,324
7/11/2018 17:00,839,210,629
7/11/2018 18:00,591,197,394
7/11/2018 19:00,324,106,218
7/11/2018 20:00,222,96,126
7/11/2018 21:00,131,53,78
7/11/2018 22:00,65,22,43
7/11/2018 23:00,36,15,21
7/12/2018 0:00,11,6,5
7/12/2018 1:00,7,2,5
7/12/2018 2:00,3,1,2
7/12/2018 3:00,4,2,2
7/12/2018 4:00,19,7,12
7/12/2018 5:00,61,31,30
7/12/2018 6:00,192,101,91
7/12/2018 7:00,495,245,250
7/12/2018 8:00,653,326,327
7/12/2018 9:00,412,181,231
7/12/2018 10:00,179,76,103
7/12/2018 11:00,122,57,65
7/12/2018 12:00,108,51,57
7/12/2018 13:00,99,52,47
7/12/2018 14:00,139,52,87
7/12/2018 15:00,212,60,152
7/12/2018 16:00,436,125,311
7/12/2018 17:00,830,198,632
7/12/2018 18:00,534,187,347
7/12/2018 19:00,309,103,206
7/12/2018 20:00,225,98,127
7/12/2018 21:00,153,84,69
7/12/2018 22:00,80,33,47
7/12/2018 23:00,49,16,33
7/13/2018 0:00,16,7,9
7/13/2018 1:00,9,4,5
7/13/2018 2:00,4,1,3
7/13/2018 3:00,6,4,2
7/13/2018 4:00,12,5,7
7/13/2018 5:00,37,19,18
7/13/2018 6:00,154,69,85
7/13/2018 7:00,433,207,226
7/13/2018 8:00,539,284,255
7/13/2018 9:00,322,134,188
7/13/2018 10:00,154,70,84
7/13/2018 11:00,117,57,60
7/13/2018 12:00,110,53,57
7/13/2018 13:00,109,48,61
7/13/2018 14:00,191,56,135
7/13/2018 15:00,241,91,150
7/13/2018 16:00,402,126,276
7/13/2018 17:00,647,152,495
7/13/2018 18:00,401,138,263
7/13/2018 19:00,236,82,154
7/13/2018 20:00,183,68,115
7/13/2018 21:00,87,43,44
7/13/2018 22:00,61,30,31
7/13/2018 23:00,42,18,24
7/14/2018 0:00,25,16,9
7/14/2018 1:00,11,3,8
7/14/2018 2:00,7,4,3
7/14/2018 3:00,15,4,11
7/14/2018 4:00,48,11,37
7/14/2018 5:00,31,13,18
7/14/2018 6:00,63,26,37
7/14/2018 7:00,52,29,23
7/14/2018 8:00,107,54,53
7/14/2018 9:00,130,59,71
7/14/2018 10:00,151,80,71
7/14/2018 11:00,192,91,101
7/14/2018 12:00,202,83,119
7/14/2018 13:00,201,98,103
7/14/2018 14:00,205,113,92
7/14/2018 15:00,224,108,116
7/14/2018 16:00,207,92,115
7/14/2018 17:00,165,95,70
7/14/2018 18:00,164,87,77
7/14/2018 19:00,123,61,62
7/14/2018 20:00,128,59,69
7/14/2018 21:00,91,53,38
7/14/2018 22:00,46,30,16
7/14/2018 23:00,43,14,29
7/15/2018 0:00,29,19,10
7/15/2018 1:00,12,3,9
7/15/2018 2:00,7,4,3
7/15/2018 3:00,6,1,5
7/15/2018 4:00,6,3,3
7/15/2018 5:00,14,7,7
7/15/2018 6:00,33,13,20
7/15/2018 7:00,80,34,46
7/15/2018 8:00,101,46,55
7/15/2018 9:00,106,45,61
7/15/2018 10:00,175,97,78
7/15/2018 11:00,208,94,114
7/15/2018 12:00,190,95,95
7/15/2018 13:00,183,88,95
7/15/2018 14:00,196,102,94
7/15/2018 15:00,182,102,80
7/15/2018 16:00,126,66,60
7/15/2018 17:00,142,75,67
7/15/2018 18:00,105,44,61
7/15/2018 19:00,83,37,46
7/15/2018 20:00,79,34,45
7/15/2018 21:00,68,38,30
7/15/2018 22:00,41,28,13
7/15/2018 23:00,21,12,9
7/16/2018 0:00,6,3,3
7/16/2018 1:00,0,0,0
7/16/2018 2:00,7,3,4
7/16/2018 3:00,5,1,4
7/16/2018 4:00,15,6,9
7/16/2018 5:00,53,33,20
7/16/2018 6:00,180,97,83
7/16/2018 7:00,494,246,248
7/16/2018 8:00,647,295,352
7/16/2018 9:00,342,152,190
7/16/2018 10:00,154,67,87
7/16/2018 11:00,102,52,50
7/16/2018 12:00,115,52,63
7/16/2018 13:00,108,45,63
7/16/2018 14:00,109,45,64
7/16/2018 15:00,201,76,125
7/16/2018 16:00,387,102,285
7/16/2018 17:00,789,188,601
7/16/2018 18:00,542,139,403
7/16/2018 19:00,284,112,172
7/16/2018 20:00,127,39,88
7/16/2018 21:00,120,42,78
7/16/2018 22:00,49,25,24
7/16/2018 23:00,28,7,21
7/17/2018 0:00,14,8,6
7/17/2018 1:00,3,2,1
7/17/2018 2:00,4,1,3
7/17/2018 3:00,1,1,0
7/17/2018 4:00,20,7,13
7/17/2018 5:00,61,32,29
7/17/2018 6:00,239,119,120
7/17/2018 7:00,522,261,261
7/17/2018 8:00,736,361,375
7/17/2018 9:00,401,170,231
7/17/2018 10:00,157,75,82
7/17/2018 11:00,103,47,56
7/17/2018 12:00,120,65,55
7/17/2018 13:00,121,42,79
7/17/2018 14:00,132,50,82
7/17/2018 15:00,195,74,121
7/17/2018 16:00,461,113,348
7/17/2018 17:00,889,240,649
7/17/2018 18:00,527,177,350
7/17/2018 19:00,281,104,177
7/17/2018 20:00,173,64,109
7/17/2018 21:00,113,38,75
7/17/2018 22:00,63,25,38
7/17/2018 23:00,23,9,14
7/18/2018 0:00,8,2,6
7/18/2018 1:00,2,0,2
7/18/2018 2:00,3,1,2
7/18/2018 3:00,2,1,1
7/18/2018 4:00,17,10,7
7/18/2018 5:00,61,37,24
7/18/2018 6:00,197,102,95
7/18/2018 7:00,521,257,264
7/18/2018 8:00,646,334,312
7/18/2018 9:00,391,171,220
7/18/2018 10:00,173,70,103
7/18/2018 11:00,122,57,65
7/18/2018 12:00,118,69,49
7/18/2018 13:00,114,41,73
7/18/2018 14:00,125,53,72
7/18/2018 15:00,207,74,133
7/18/2018 16:00,409,122,287
7/18/2018 17:00,824,236,588
7/18/2018 18:00,567,157,410
7/18/2018 19:00,363,137,226
7/18/2018 20:00,198,79,119
7/18/2018 21:00,134,74,60
7/18/2018 22:00,60,26,34
7/18/2018 23:00,24,7,17
7/19/2018 0:00,14,5,9
7/19/2018 1:00,7,4,3
7/19/2018 2:00,1,0,1
7/19/2018 3:00,6,2,4
7/19/2018 4:00,14,5,9
7/19/2018 5:00,57,37,20
7/19/2018 6:00,169,93,76
7/19/2018 7:00,443,208,235
7/19/2018 8:00,632,317,315
7/19/2018 9:00,336,158,178
7/19/2018 10:00,156,72,84
7/19/2018 11:00,114,55,59
7/19/2018 12:00,90,47,43
7/19/2018 13:00,142,60,82
7/19/2018 14:00,136,66,70
7/19/2018 15:00,181,67,114
7/19/2018 16:00,442,128,314
7/19/2018 17:00,752,193,559
7/19/2018 18:00,475,123,352
7/19/2018 19:00,256,93,163
7/19/2018 20:00,152,67,85
7/19/2018 21:00,93,37,56
7/19/2018 22:00,66,32,34
7/19/2018 23:00,25,10,15
7/20/2018 0:00,24,7,17
7/20/2018 1:00,7,4,3
7/20/2018 2:00,8,2,6
7/20/2018 3:00,4,3,1
7/20/2018 4:00,18,11,7
7/20/2018 5:00,44,24,20
7/20/2018 6:00,145,79,66
7/20/2018 7:00,377,169,208
7/20/2018 8:00,527,278,249
7/20/2018 9:00,278,140,138
7/20/2018 10:00,133,61,72
7/20/2018 11:00,111,49,62
7/20/2018 12:00,106,45,61
7/20/2018 13:00,120,58,62
7/20/2018 14:00,191,68,123
7/20/2018 15:00,271,103,168
7/20/2018 16:00,418,127,291
7/20/2018 17:00,567,135,432
7/20/2018 18:00,391,131,260
7/20/2018 19:00,204,73,131
7/20/2018 20:00,141,41,100
7/20/2018 21:00,73,38,35
7/20/2018 22:00,60,26,34
7/20/2018 23:00,31,11,20
7/21/2018 0:00,27,16,11
7/21/2018 1:00,17,7,10
7/21/2018 2:00,8,2,6
7/21/2018 3:00,7,2,5
7/21/2018 4:00,9,2,7
7/21/2018 5:00,12,7,5
7/21/2018 6:00,30,15,15
7/21/2018 7:00,53,20,33
7/21/2018 8:00,118,55,63
7/21/2018 9:00,173,109,64
7/21/2018 10:00,137,67,70
7/21/2018 11:00,239,127,112
7/21/2018 12:00,231,109,122
7/21/2018 13:00,226,110,116
7/21/2018 14:00,241,109,132
7/21/2018 15:00,246,116,130
7/21/2018 16:00,194,81,113
7/21/2018 17:00,202,81,121
7/21/2018 18:00,168,71,97
7/21/2018 19:00,104,60,44
7/21/2018 20:00,89,44,45
7/21/2018 21:00,69,33,36
7/21/2018 22:00,35,19,16
7/21/2018 23:00,34,13,21
7/22/2018 0:00,20,10,10
7/22/2018 1:00,11,6,5
7/22/2018 2:00,3,1,2
7/22/2018 3:00,4,0,4
7/22/2018 4:00,10,4,6
7/22/2018 5:00,7,4,3
7/22/2018 6:00,29,14,15
7/22/2018 7:00,48,26,22
7/22/2018 8:00,109,49,60
7/22/2018 9:00,124,54,70
7/22/2018 10:00,210,113,97
7/22/2018 11:00,188,93,95
7/22/2018 12:00,229,119,110
7/22/2018 13:00,231,112,119
7/22/2018 14:00,190,99,91
7/22/2018 15:00,164,86,78
7/22/2018 16:00,176,77,99
7/22/2018 17:00,160,79,81
7/22/2018 18:00,121,55,66
7/22/2018 19:00,122,59,63
7/22/2018 20:00,77,39,38
7/22/2018 21:00,60,35,25
7/22/2018 22:00,22,11,11
7/22/2018 23:00,21,10,11
7/23/2018 0:00,5,2,3
7/23/2018 1:00,9,1,8
7/23/2018 2:00,5,2,3
7/23/2018 3:00,4,0,4
7/23/2018 4:00,14,3,11
7/23/2018 5:00,57,33,24
7/23/2018 6:00,172,82,90
7/23/2018 7:00,493,236,257
7/23/2018 8:00,673,334,339
7/23/2018 9:00,348,169,179
7/23/2018 10:00,182,89,93
7/23/2018 11:00,94,40,54
7/23/2018 12:00,121,57,64
7/23/2018 13:00,113,48,65
7/23/2018 14:00,117,48,69
7/23/2018 15:00,190,63,127
7/23/2018 16:00,407,120,287
7/23/2018 17:00,871,198,673
7/23/2018 18:00,505,147,358
7/23/2018 19:00,234,86,148
7/23/2018 20:00,182,66,116
7/23/2018 21:00,83,31,52
7/23/2018 22:00,43,20,23
7/23/2018 23:00,29,9,20
7/24/2018 0:00,6,3,3
7/24/2018 1:00,4,3,1
7/24/2018 2:00,3,1,2
7/24/2018 3:00,4,1,3
7/24/2018 4:00,15,4,11
7/24/2018 5:00,69,43,26
7/24/2018 6:00,208,97,111
7/24/2018 7:00,583,293,290
7/24/2018 8:00,745,355,390
7/24/2018 9:00,382,178,204
7/24/2018 10:00,155,70,85
7/24/2018 11:00,125,65,60
7/24/2018 12:00,112,57,55
7/24/2018 13:00,125,67,58
7/24/2018 14:00,124,53,71
7/24/2018 15:00,219,72,147
7/24/2018 16:00,455,124,331
7/24/2018 17:00,891,200,691
7/24/2018 18:00,543,152,391
7/24/2018 19:00,276,106,170
7/24/2018 20:00,205,76,129
7/24/2018 21:00,97,40,57
7/24/2018 22:00,67,26,41
7/24/2018 23:00,37,11,26
7/25/2018 0:00,17,7,10
7/25/2018 1:00,5,2,3
7/25/2018 2:00,10,3,7
7/25/2018 3:00,5,4,1
7/25/2018 4:00,17,5,12
7/25/2018 5:00,59,28,31
7/25/2018 6:00,197,88,109
7/25/2018 7:00,514,249,265
7/25/2018 8:00,714,367,347
7/25/2018 9:00,363,182,181
7/25/2018 10:00,148,65,83
7/25/2018 11:00,121,55,66
7/25/2018 12:00,107,56,51
7/25/2018 13:00,103,43,60
7/25/2018 14:00,110,41,69
7/25/2018 15:00,212,71,141
7/25/2018 16:00,422,114,308
7/25/2018 17:00,773,167,606
7/25/2018 18:00,557,162,395
7/25/2018 19:00,317,116,201
7/25/2018 20:00,198,73,125
7/25/2018 21:00,110,43,67
7/25/2018 22:00,63,28,35
7/25/2018 23:00,29,14,15
7/26/2018 0:00,7,1,6
7/26/2018 1:00,6,5,1
7/26/2018 2:00,3,2,1
7/26/2018 3:00,3,1,2
7/26/2018 4:00,13,5,8
7/26/2018 5:00,57,33,24
7/26/2018 6:00,197,91,106
7/26/2018 7:00,510,253,257
7/26/2018 8:00,718,337,381
7/26/2018 9:00,360,173,187
7/26/2018 10:00,153,84,69
7/26/2018 11:00,119,61,58
7/26/2018 12:00,126,60,66
7/26/2018 13:00,112,53,59
7/26/2018 14:00,133,53,80
7/26/2018 15:00,196,72,124
7/26/2018 16:00,432,110,322
7/26/2018 17:00,823,184,639
7/26/2018 18:00,479,152,327
7/26/2018 19:00,308,94,214
7/26/2018 20:00,180,69,111
7/26/2018 21:00,85,35,50
7/26/2018 22:00,83,35,48
7/26/2018 23:00,37,20,17
7/27/2018 0:00,11,4,7
7/27/2018 1:00,13,5,8
7/27/2018 2:00,5,2,3
7/27/2018 3:00,6,3,3
7/27/2018 4:00,12,4,8
7/27/2018 5:00,42,23,19
7/27/2018 6:00,155,75,80
7/27/2018 7:00,413,207,206
7/27/2018 8:00,590,260,330
7/27/2018 9:00,325,163,162
7/27/2018 10:00,150,69,81
7/27/2018 11:00,104,54,50
7/27/2018 12:00,115,52,63
7/27/2018 13:00,147,66,81
7/27/2018 14:00,191,76,115
7/27/2018 15:00,257,86,171
7/27/2018 16:00,447,138,309
7/27/2018 17:00,645,145,500
7/27/2018 18:00,372,117,255
7/27/2018 19:00,178,66,112
7/27/2018 20:00,154,61,93
7/27/2018 21:00,86,34,52
7/27/2018 22:00,56,29,27
7/27/2018 23:00,35,15,20
7/28/2018 0:00,21,12,9
7/28/2018 1:00,21,4,17
7/28/2018 2:00,4,2,2
7/28/2018 3:00,8,4,4
7/28/2018 4:00,6,2,4
7/28/2018 5:00,20,10,10
7/28/2018 6:00,41,22,19
7/28/2018 7:00,67,36,31
7/28/2018 8:00,111,46,65
7/28/2018 9:00,151,72,79
7/28/2018 10:00,170,89,81
7/28/2018 11:00,232,100,132
7/28/2018 12:00,229,118,111
7/28/2018 13:00,215,106,109
7/28/2018 14:00,200,90,110
7/28/2018 15:00,170,90,80
7/28/2018 16:00,190,86,104
7/28/2018 17:00,183,96,87
7/28/2018 18:00,134,65,69
7/28/2018 19:00,125,64,61
7/28/2018 20:00,78,39,39
7/28/2018 21:00,74,33,41
7/28/2018 22:00,59,28,31
7/28/2018 23:00,26,14,12
7/29/2018 0:00,27,20,7
7/29/2018 1:00,16,11,5
7/29/2018 2:00,14,9,5
7/29/2018 3:00,8,3,5
7/29/2018 4:00,12,6,6
7/29/2018 5:00,14,8,6
7/29/2018 6:00,21,7,14
7/29/2018 7:00,70,38,32
7/29/2018 8:00,101,52,49
7/29/2018 9:00,134,64,70
7/29/2018 10:00,173,84,89
7/29/2018 11:00,204,98,106
7/29/2018 12:00,199,115,84
7/29/2018 13:00,215,103,112
7/29/2018 14:00,157,56,101
7/29/2018 15:00,165,75,90
7/29/2018 16:00,171,59,112
7/29/2018 17:00,133,66,67
7/29/2018 18:00,140,69,71
7/29/2018 19:00,108,45,63
7/29/2018 20:00,95,41,54
7/29/2018 21:00,48,25,23
7/29/2018 22:00,22,11,11
7/29/2018 23:00,19,5,14
7/30/2018 0:00,5,1,4
7/30/2018 1:00,9,5,4
7/30/2018 2:00,4,2,2
7/30/2018 3:00,3,2,1
7/30/2018 4:00,15,5,10
7/30/2018 5:00,48,33,15
7/30/2018 6:00,172,79,93
7/30/2018 7:00,511,257,254
7/30/2018 8:00,682,357,325
7/30/2018 9:00,375,164,211
7/30/2018 10:00,126,53,73
7/30/2018 11:00,119,59,60
7/30/2018 12:00,103,48,55
7/30/2018 13:00,103,49,54
7/30/2018 14:00,133,51,82
7/30/2018 15:00,191,57,134
7/30/2018 16:00,370,98,272
7/30/2018 17:00,735,156,579
7/30/2018 18:00,519,140,379
7/30/2018 19:00,232,70,162
7/30/2018 20:00,177,70,107
7/30/2018 21:00,86,45,41
7/30/2018 22:00,50,20,30
7/30/2018 23:00,33,15,18
7/31/2018 0:00,8,4,4
7/31/2018 1:00,8,3,5
7/31/2018 2:00,3,2,1
7/31/2018 3:00,6,3,3
7/31/2018 4:00,16,7,9
7/31/2018 5:00,60,35,25
7/31/2018 6:00,200,93,107
7/31/2018 7:00,507,254,253
7/31/2018 8:00,718,381,337
7/31/2018 9:00,343,142,201
7/31/2018 10:00,188,74,114
7/31/2018 11:00,89,36,53
7/31/2018 12:00,85,42,43
7/31/2018 13:00,107,50,57
7/31/2018 14:00,123,51,72
7/31/2018 15:00,192,71,121
7/31/2018 16:00,480,135,345
7/31/2018 17:00,811,213,598
7/31/2018 18:00,509,156,353
7/31/2018 19:00,277,100,177
7/31/2018 20:00,176,79,97
7/31/2018 21:00,111,47,64
7/31/2018 22:00,81,39,42
7/31/2018 23:00,29,10,19
8/1/2018 0:00,13,4,9
8/1/2018 1:00,8,2,6
8/1/2018 2:00,5,4,1
8/1/2018 3:00,7,5,2
8/1/2018 4:00,14,9,5
8/1/2018 5:00,52,29,23
8/1/2018 6:00,198,97,101
8/1/2018 7:00,490,250,240
8/1/2018 8:00,701,351,350
8/1/2018 9:00,322,158,164
8/1/2018 10:00,152,52,100
8/1/2018 11:00,97,42,55
8/1/2018 12:00,85,36,49
8/1/2018 13:00,88,44,44
8/1/2018 14:00,97,44,53
8/1/2018 15:00,202,68,134
8/1/2018 16:00,451,122,329
8/1/2018 17:00,835,187,648
8/1/2018 18:00,551,159,392
8/1/2018 19:00,351,119,232
8/1/2018 20:00,170,71,99
8/1/2018 21:00,99,35,64
8/1/2018 22:00,41,15,26
8/1/2018 23:00,29,14,15
8/2/2018 0:00,10,4,6
8/2/2018 1:00,8,3,5
8/2/2018 2:00,3,0,3
8/2/2018 3:00,3,1,2
8/2/2018 4:00,10,4,6
8/2/2018 5:00,55,30,25
8/2/2018 6:00,159,88,71
8/2/2018 7:00,389,202,187
8/2/2018 8:00,575,273,302
8/2/2018 9:00,331,141,190
8/2/2018 10:00,131,45,86
8/2/2018 11:00,107,51,56
8/2/2018 12:00,76,35,41
8/2/2018 13:00,64,31,33
8/2/2018 14:00,121,50,71
8/2/2018 15:00,154,55,99
8/2/2018 16:00,395,105,290
8/2/2018 17:00,689,160,529
8/2/2018 18:00,440,132,308
8/2/2018 19:00,234,83,151
8/2/2018 20:00,129,46,83
8/2/2018 21:00,95,44,51
8/2/2018 22:00,54,21,33
8/2/2018 23:00,21,12,9
8/3/2018 0:00,9,3,6
8/3/2018 1:00,6,3,3
8/3/2018 2:00,1,1,0
8/3/2018 3:00,9,6,3
8/3/2018 4:00,17,9,8
8/3/2018 5:00,37,21,16
8/3/2018 6:00,116,62,54
8/3/2018 7:00,287,142,145
8/3/2018 8:00,448,228,220
8/3/2018 9:00,246,114,132
8/3/2018 10:00,110,41,69
8/3/2018 11:00,110,42,68
8/3/2018 12:00,117,56,61
8/3/2018 13:00,127,68,59
8/3/2018 14:00,127,59,68
8/3/2018 15:00,193,90,103
8/3/2018 16:00,372,86,286
8/3/2018 17:00,528,155,373
8/3/2018 18:00,314,93,221
8/3/2018 19:00,206,64,142
8/3/2018 20:00,125,57,68
8/3/2018 21:00,75,26,49
8/3/2018 22:00,52,27,25
8/3/2018 23:00,43,19,24
8/4/2018 0:00,18,4,14
8/4/2018 1:00,10,6,4
8/4/2018 2:00,11,7,4
8/4/2018 3:00,3,2,1
8/4/2018 4:00,7,2,5
8/4/2018 5:00,12,6,6
8/4/2018 6:00,40,18,22
8/4/2018 7:00,40,11,29
8/4/2018 8:00,92,44,48
8/4/2018 9:00,97,53,44
8/4/2018 10:00,114,56,58
8/4/2018 11:00,194,94,100
8/4/2018 12:00,220,120,100
8/4/2018 13:00,198,98,100
8/4/2018 14:00,228,114,114
8/4/2018 15:00,263,129,134
8/4/2018 16:00,196,103,93
8/4/2018 17:00,177,97,80
8/4/2018 18:00,139,65,74
8/4/2018 19:00,94,53,41
8/4/2018 20:00,106,51,55
8/4/2018 21:00,64,21,43
8/4/2018 22:00,42,23,19
8/4/2018 23:00,32,8,24
8/5/2018 0:00,33,7,26
8/5/2018 1:00,18,6,12
8/5/2018 2:00,18,3,15
8/5/2018 3:00,8,2,6
8/5/2018 4:00,3,1,2
8/5/2018 5:00,7,1,6
8/5/2018 6:00,28,9,19
8/5/2018 7:00,57,23,34
8/5/2018 8:00,92,50,42
8/5/2018 9:00,113,55,58
8/5/2018 10:00,150,70,80
8/5/2018 11:00,204,90,114
8/5/2018 12:00,201,101,100
8/5/2018 13:00,214,106,108
8/5/2018 14:00,212,119,93
8/5/2018 15:00,182,99,83
8/5/2018 16:00,191,86,105
8/5/2018 17:00,135,62,73
8/5/2018 18:00,115,56,59
8/5/2018 19:00,122,56,66
8/5/2018 20:00,83,38,45
8/5/2018 21:00,39,22,17
8/5/2018 22:00,32,15,17
8/5/2018 23:00,17,3,14
8/6/2018 0:00,6,3,3
8/6/2018 1:00,4,2,2
8/6/2018 2:00,6,4,2
8/6/2018 3:00,2,1,1
8/6/2018 4:00,14,6,8
8/6/2018 5:00,43,21,22
8/6/2018 6:00,187,92,95
8/6/2018 7:00,520,247,273
8/6/2018 8:00,701,337,364
8/6/2018 9:00,339,168,171
8/6/2018 10:00,173,74,99
8/6/2018 11:00,118,47,71
8/6/2018 12:00,108,48,60
8/6/2018 13:00,133,65,68
8/6/2018 14:00,123,55,68
8/6/2018 15:00,187,61,126
8/6/2018 16:00,434,106,328
8/6/2018 17:00,828,176,652
8/6/2018 18:00,519,157,362
8/6/2018 19:00,259,97,162
8/6/2018 20:00,165,68,97
8/6/2018 21:00,88,38,50
8/6/2018 22:00,51,25,26
8/6/2018 23:00,22,8,14
8/7/2018 0:00,11,5,6
8/7/2018 1:00,6,0,6
8/7/2018 2:00,0,0,0
8/7/2018 3:00,6,3,3
8/7/2018 4:00,17,8,9
8/7/2018 5:00,59,31,28
8/7/2018 6:00,198,97,101
8/7/2018 7:00,594,317,277
8/7/2018 8:00,746,359,387
8/7/2018 9:00,381,156,225
8/7/2018 10:00,141,68,73
8/7/2018 11:00,116,51,65
8/7/2018 12:00,121,45,76
8/7/2018 13:00,104,46,58
8/7/2018 14:00,119,50,69
8/7/2018 15:00,200,67,133
8/7/2018 16:00,459,120,339
8/7/2018 17:00,906,203,703
8/7/2018 18:00,548,154,394
8/7/2018 19:00,260,100,160
8/7/2018 20:00,190,74,116
8/7/2018 21:00,110,48,62
8/7/2018 22:00,65,18,47
8/7/2018 23:00,26,7,19
8/8/2018 0:00,17,11,6
8/8/2018 1:00,3,1,2
8/8/2018 2:00,5,1,4
8/8/2018 3:00,5,2,3
8/8/2018 4:00,19,11,8
8/8/2018 5:00,65,31,34
8/8/2018 6:00,179,96,83
8/8/2018 7:00,502,255,247
8/8/2018 8:00,728,359,369
8/8/2018 9:00,357,161,196
8/8/2018 10:00,158,80,78
8/8/2018 11:00,131,80,51
8/8/2018 12:00,133,68,65
8/8/2018 13:00,115,48,67
8/8/2018 14:00,105,50,55
8/8/2018 15:00,180,66,114
8/8/2018 16:00,473,129,344
8/8/2018 17:00,814,192,622
8/8/2018 18:00,518,177,341
8/8/2018 19:00,311,127,184
8/8/2018 20:00,190,65,125
8/8/2018 21:00,102,49,53
8/8/2018 22:00,55,16,39
8/8/2018 23:00,47,20,27
8/9/2018 0:00,24,8,16
8/9/2018 1:00,12,3,9
8/9/2018 2:00,3,3,0
8/9/2018 3:00,4,1,3
8/9/2018 4:00,13,6,7
8/9/2018 5:00,46,23,23
8/9/2018 6:00,174,85,89
8/9/2018 7:00,444,216,228
8/9/2018 8:00,681,322,359
8/9/2018 9:00,332,162,170
8/9/2018 10:00,145,61,84
8/9/2018 11:00,120,64,56
8/9/2018 12:00,113,49,64
8/9/2018 13:00,123,53,70
8/9/2018 14:00,103,49,54
8/9/2018 15:00,173,62,111
8/9/2018 16:00,412,135,277
8/9/2018 17:00,782,195,587
8/9/2018 18:00,488,141,347
8/9/2018 19:00,267,95,172
8/9/2018 20:00,166,61,105
8/9/2018 21:00,105,41,64
8/9/2018 22:00,62,27,35
8/9/2018 23:00,58,28,30
8/10/2018 0:00,17,5,12
8/10/2018 1:00,5,1,4
8/10/2018 2:00,3,1,2
8/10/2018 3:00,4,1,3
8/10/2018 4:00,12,3,9
8/10/2018 5:00,48,22,26
8/10/2018 6:00,133,63,70
8/10/2018 7:00,406,200,206
8/10/2018 8:00,550,276,274
8/10/2018 9:00,303,134,169
8/10/2018 10:00,162,67,95
8/10/2018 11:00,122,56,66
8/10/2018 12:00,97,32,65
8/10/2018 13:00,131,56,75
8/10/2018 14:00,174,79,95
8/10/2018 15:00,232,90,142
8/10/2018 16:00,453,139,314
8/10/2018 17:00,658,162,496
8/10/2018 18:00,411,132,279
8/10/2018 19:00,232,89,143
8/10/2018 20:00,154,63,91
8/10/2018 21:00,100,28,72
8/10/2018 22:00,70,21,49
8/10/2018 23:00,79,18,61
8/11/2018 0:00,44,24,20
8/11/2018 1:00,19,4,15
8/11/2018 2:00,12,3,9
8/11/2018 3:00,10,5,5
8/11/2018 4:00,9,7,2
8/11/2018 5:00,9,5,4
8/11/2018 6:00,35,10,25
8/11/2018 7:00,80,28,52
8/11/2018 8:00,78,32,46
8/11/2018 9:00,100,47,53
8/11/2018 10:00,155,53,102
8/11/2018 11:00,474,64,410
8/11/2018 12:00,496,86,410
8/11/2018 13:00,254,71,183
8/11/2018 14:00,254,91,163
8/11/2018 15:00,237,71,166
8/11/2018 16:00,260,106,154
8/11/2018 17:00,169,80,89
8/11/2018 18:00,127,74,53
8/11/2018 19:00,75,34,41
8/11/2018 20:00,53,22,31
8/11/2018 21:00,38,15,23
8/11/2018 22:00,51,23,28
8/11/2018 23:00,41,11,30
8/12/2018 0:00,19,4,15
8/12/2018 1:00,12,6,6
8/12/2018 2:00,6,1,5
8/12/2018 3:00,7,1,6
8/12/2018 4:00,4,2,2
8/12/2018 5:00,7,3,4
8/12/2018 6:00,23,10,13
8/12/2018 7:00,34,17,17
8/12/2018 8:00,111,72,39
8/12/2018 9:00,101,41,60
8/12/2018 10:00,146,74,72
8/12/2018 11:00,174,87,87
8/12/2018 12:00,209,103,106
8/12/2018 13:00,175,84,91
8/12/2018 14:00,175,91,84
8/12/2018 15:00,179,78,101
8/12/2018 16:00,179,75,104
8/12/2018 17:00,159,89,70
8/12/2018 18:00,114,58,56
8/12/2018 19:00,113,43,70
8/12/2018 20:00,56,26,30
8/12/2018 21:00,56,29,27
8/12/2018 22:00,44,17,27
8/12/2018 23:00,17,7,10
8/13/2018 0:00,15,7,8
8/13/2018 1:00,8,8,0
8/13/2018 2:00,3,1,2
8/13/2018 3:00,2,2,0
8/13/2018 4:00,9,3,6
8/13/2018 5:00,54,28,26
8/13/2018 6:00,171,91,80
8/13/2018 7:00,478,214,264
8/13/2018 8:00,695,345,350
8/13/2018 9:00,344,149,195
8/13/2018 10:00,146,62,84
8/13/2018 11:00,88,39,49
8/13/2018 12:00,115,59,56
8/13/2018 13:00,135,52,83
8/13/2018 14:00,121,61,60
8/13/2018 15:00,209,75,134
8/13/2018 16:00,410,105,305
8/13/2018 17:00,795,174,621
8/13/2018 18:00,544,159,385
8/13/2018 19:00,258,82,176
8/13/2018 20:00,151,52,99
8/13/2018 21:00,62,28,34
8/13/2018 22:00,34,15,19
8/13/2018 23:00,22,5,17
8/14/2018 0:00,23,6,17
8/14/2018 1:00,5,3,2
8/14/2018 2:00,5,4,1
8/14/2018 3:00,6,2,4
8/14/2018 4:00,12,7,5
8/14/2018 5:00,53,26,27
8/14/2018 6:00,188,106,82
8/14/2018 7:00,480,225,255
8/14/2018 8:00,636,312,324
8/14/2018 9:00,340,151,189
8/14/2018 10:00,126,58,68
8/14/2018 11:00,88,43,45
8/14/2018 12:00,95,41,54
8/14/2018 13:00,106,42,64
8/14/2018 14:00,98,42,56
8/14/2018 15:00,161,52,109
8/14/2018 16:00,395,110,285
8/14/2018 17:00,766,165,601
8/14/2018 18:00,439,140,299
8/14/2018 19:00,232,89,143
8/14/2018 20:00,144,54,90
8/14/2018 21:00,76,26,50
8/14/2018 22:00,51,19,32
8/14/2018 23:00,27,12,15
8/15/2018 0:00,12,3,9
8/15/2018 1:00,5,2,3
8/15/2018 2:00,4,3,1
8/15/2018 3:00,1,1,0
8/15/2018 4:00,21,10,11
8/15/2018 5:00,55,30,25
8/15/2018 6:00,174,79,95
8/15/2018 7:00,443,210,233
8/15/2018 8:00,538,256,282
8/15/2018 9:00,303,121,182
8/15/2018 10:00,143,73,70
8/15/2018 11:00,99,59,40
8/15/2018 12:00,85,47,38
8/15/2018 13:00,98,45,53
8/15/2018 14:00,124,48,76
8/15/2018 15:00,173,55,118
8/15/2018 16:00,348,102,246
8/15/2018 17:00,650,175,475
8/15/2018 18:00,395,154,241
8/15/2018 19:00,248,89,159
8/15/2018 20:00,139,49,90
8/15/2018 21:00,74,28,46
8/15/2018 22:00,57,23,34
8/15/2018 23:00,35,11,24
8/16/2018 0:00,12,3,9
8/16/2018 1:00,6,6,0
8/16/2018 2:00,3,1,2
8/16/2018 3:00,5,4,1
8/16/2018 4:00,12,6,6
8/16/2018 5:00,58,29,29
8/16/2018 6:00,135,72,63
8/16/2018 7:00,376,186,190
8/16/2018 8:00,554,249,305
8/16/2018 9:00,269,120,149
8/16/2018 10:00,126,56,70
8/16/2018 11:00,98,48,50
8/16/2018 12:00,91,38,53
8/16/2018 13:00,93,41,52
8/16/2018 14:00,85,28,57
8/16/2018 15:00,186,62,124
8/16/2018 16:00,336,85,251
8/16/2018 17:00,650,160,490
8/16/2018 18:00,484,177,307
8/16/2018 19:00,233,85,148
8/16/2018 20:00,169,66,103
8/16/2018 21:00,86,35,51
8/16/2018 22:00,56,16,40
8/16/2018 23:00,22,14,8
8/17/2018 0:00,13,6,7
8/17/2018 1:00,7,4,3
8/17/2018 2:00,0,0,0
8/17/2018 3:00,6,3,3
8/17/2018 4:00,9,4,5
8/17/2018 5:00,47,25,22
8/17/2018 6:00,161,60,101
8/17/2018 7:00,338,148,190
8/17/2018 8:00,504,250,254
8/17/2018 9:00,277,119,158
8/17/2018 10:00,116,53,63
8/17/2018 11:00,106,58,48
8/17/2018 12:00,123,58,65
8/17/2018 13:00,138,68,70
8/17/2018 14:00,138,61,77
8/17/2018 15:00,192,62,130
8/17/2018 16:00,429,136,293
8/17/2018 17:00,571,154,417
8/17/2018 18:00,342,136,206
8/17/2018 19:00,211,88,123
8/17/2018 20:00,128,60,68
8/17/2018 21:00,105,34,71
8/17/2018 22:00,64,27,37
8/17/2018 23:00,36,10,26
8/18/2018 0:00,11,7,4
8/18/2018 1:00,14,4,10
8/18/2018 2:00,4,4,0
8/18/2018 3:00,4,4,0
8/18/2018 4:00,12,4,8
8/18/2018 5:00,5,3,2
8/18/2018 6:00,24,13,11
8/18/2018 7:00,29,15,14
8/18/2018 8:00,76,36,40
8/18/2018 9:00,120,55,65
8/18/2018 10:00,177,92,85
8/18/2018 11:00,187,100,87
8/18/2018 12:00,182,97,85
8/18/2018 13:00,203,94,109
8/18/2018 14:00,168,73,95
8/18/2018 15:00,156,66,90
8/18/2018 16:00,225,98,127
8/18/2018 17:00,162,83,79
8/18/2018 18:00,191,77,114
8/18/2018 19:00,101,42,59
8/18/2018 20:00,64,28,36
8/18/2018 21:00,50,19,31
8/18/2018 22:00,39,19,20
8/18/2018 23:00,39,11,28
8/19/2018 0:00,20,3,17
8/19/2018 1:00,5,2,3
8/19/2018 2:00,10,4,6
8/19/2018 3:00,4,2,2
8/19/2018 4:00,3,0,3
8/19/2018 5:00,5,3,2
8/19/2018 6:00,14,9,5
8/19/2018 7:00,33,20,13
8/19/2018 8:00,76,42,34
8/19/2018 9:00,102,50,52
8/19/2018 10:00,142,64,78
8/19/2018 11:00,185,99,86
8/19/2018 12:00,189,79,110
8/19/2018 13:00,193,83,110
8/19/2018 14:00,212,104,108
8/19/2018 15:00,184,99,85
8/19/2018 16:00,169,82,87
8/19/2018 17:00,143,67,76
8/19/2018 18:00,75,37,38
8/19/2018 19:00,79,43,36
8/19/2018 20:00,44,22,22
8/19/2018 21:00,19,12,7
8/19/2018 22:00,26,12,14
8/19/2018 23:00,13,3,10
8/20/2018 0:00,2,1,1
8/20/2018 1:00,2,0,2
8/20/2018 2:00,3,1,2
8/20/2018 3:00,5,1,4
8/20/2018 4:00,11,7,4
8/20/2018 5:00,45,25,20
8/20/2018 6:00,113,54,59
8/20/2018 7:00,330,161,169
8/20/2018 8:00,448,206,242
8/20/2018 9:00,221,94,127
8/20/2018 10:00,113,39,74
8/20/2018 11:00,74,27,47
8/20/2018 12:00,68,26,42
8/20/2018 13:00,66,37,29
8/20/2018 14:00,68,20,48
8/20/2018 15:00,119,34,85
8/20/2018 16:00,244,72,172
8/20/2018 17:00,461,97,364
8/20/2018 18:00,286,77,209
8/20/2018 19:00,132,41,91
8/20/2018 20:00,79,24,55
8/20/2018 21:00,49,13,36
8/20/2018 22:00,23,6,17
8/20/2018 23:00,18,5,13
8/21/2018 0:00,5,1,4
8/21/2018 1:00,3,0,3
8/21/2018 2:00,6,0,6
8/21/2018 3:00,4,3,1
8/21/2018 4:00,11,6,5
8/21/2018 5:00,34,19,15
8/21/2018 6:00,111,57,54
8/21/2018 7:00,238,111,127
8/21/2018 8:00,311,139,172
8/21/2018 9:00,158,70,88
8/21/2018 10:00,65,20,45
8/21/2018 11:00,70,25,45
8/21/2018 12:00,62,29,33
8/21/2018 13:00,51,29,22
8/21/2018 14:00,67,25,42
8/21/2018 15:00,94,38,56
8/21/2018 16:00,188,57,131
8/21/2018 17:00,387,86,301
8/21/2018 18:00,210,79,131
8/21/2018 19:00,116,34,82
8/21/2018 20:00,81,35,46
8/21/2018 21:00,41,20,21
8/21/2018 22:00,31,10,21
8/21/2018 23:00,17,6,11
8/22/2018 0:00,4,3,1
8/22/2018 1:00,6,3,3
8/22/2018 2:00,2,0,2
8/22/2018 3:00,8,2,6
8/22/2018 4:00,16,9,7
8/22/2018 5:00,34,13,21
8/22/2018 6:00,89,40,49
8/22/2018 7:00,220,97,123
8/22/2018 8:00,326,151,175
8/22/2018 9:00,156,71,85
8/22/2018 10:00,80,36,44
8/22/2018 11:00,70,30,40
8/22/2018 12:00,51,23,28
8/22/2018 13:00,61,21,40
8/22/2018 14:00,78,25,53
8/22/2018 15:00,79,25,54
8/22/2018 16:00,181,46,135
8/22/2018 17:00,373,78,295
8/22/2018 18:00,234,73,161
8/22/2018 19:00,125,38,87
8/22/2018 20:00,84,29,55
8/22/2018 21:00,42,18,24
8/22/2018 22:00,24,10,14
8/22/2018 23:00,18,7,11
8/23/2018 0:00,5,4,1
8/23/2018 1:00,3,0,3
8/23/2018 2:00,9,3,6
8/23/2018 3:00,7,3,4
8/23/2018 4:00,12,10,2
8/23/2018 5:00,31,11,20
8/23/2018 6:00,97,40,57
8/23/2018 7:00,247,115,132
8/23/2018 8:00,389,190,199
8/23/2018 9:00,211,93,118
8/23/2018 10:00,85,33,52
8/23/2018 11:00,79,46,33
8/23/2018 12:00,61,30,31
8/23/2018 13:00,92,41,51
8/23/2018 14:00,98,36,62
8/23/2018 15:00,124,53,71
8/23/2018 16:00,274,85,189
8/23/2018 17:00,524,129,395
8/23/2018 18:00,351,108,243
8/23/2018 19:00,229,90,139
8/23/2018 20:00,142,57,85
8/23/2018 21:00,67,35,32
8/23/2018 22:00,50,14,36
8/23/2018 23:00,14,8,6
8/24/2018 0:00,13,2,11
8/24/2018 1:00,4,1,3
8/24/2018 2:00,2,1,1
8/24/2018 3:00,8,1,7
8/24/2018 4:00,10,7,3
8/24/2018 5:00,29,13,16
8/24/2018 6:00,118,55,63
8/24/2018 7:00,334,176,158
8/24/2018 8:00,465,207,258
8/24/2018 9:00,268,117,151
8/24/2018 10:00,130,67,63
8/24/2018 11:00,95,47,48
8/24/2018 12:00,89,43,46
8/24/2018 13:00,95,52,43
8/24/2018 14:00,134,55,79
8/24/2018 15:00,209,76,133
8/24/2018 16:00,360,92,268
8/24/2018 17:00,536,147,389
8/24/2018 18:00,284,99,185
8/24/2018 19:00,150,59,91
8/24/2018 20:00,102,34,68
8/24/2018 21:00,67,27,40
8/24/2018 22:00,39,15,24
8/24/2018 23:00,19,4,15
8/25/2018 0:00,19,6,13
8/25/2018 1:00,19,7,12
8/25/2018 2:00,5,2,3
8/25/2018 3:00,3,1,2
8/25/2018 4:00,6,2,4
8/25/2018 5:00,5,2,3
8/25/2018 6:00,16,3,13
8/25/2018 7:00,35,17,18
8/25/2018 8:00,50,19,31
8/25/2018 9:00,99,50,49
8/25/2018 10:00,92,49,43
8/25/2018 11:00,78,41,37
8/25/2018 12:00,105,55,50
8/25/2018 13:00,130,49,81
8/25/2018 14:00,107,41,66
8/25/2018 15:00,104,51,53
8/25/2018 16:00,123,55,68
8/25/2018 17:00,101,47,54
8/25/2018 18:00,72,27,45
8/25/2018 19:00,55,26,29
8/25/2018 20:00,35,20,15
8/25/2018 21:00,29,13,16
8/25/2018 22:00,21,4,17
8/25/2018 23:00,23,10,13
8/26/2018 0:00,11,3,8
8/26/2018 1:00,10,4,6
8/26/2018 2:00,4,2,2
8/26/2018 3:00,7,5,2
8/26/2018 4:00,4,1,3
8/26/2018 5:00,5,1,4
8/26/2018 6:00,8,4,4
8/26/2018 7:00,28,15,13
8/26/2018 8:00,51,23,28
8/26/2018 9:00,68,42,26
8/26/2018 10:00,109,61,48
8/26/2018 11:00,168,84,84
8/26/2018 12:00,125,59,66
8/26/2018 13:00,143,74,69
8/26/2018 14:00,143,91,52
8/26/2018 15:00,147,78,69
8/26/2018 16:00,117,61,56
8/26/2018 17:00,112,57,55
8/26/2018 18:00,73,31,42
8/26/2018 19:00,39,19,20
8/26/2018 20:00,31,10,21
8/26/2018 21:00,7,2,5
8/26/2018 22:00,9,6,3
8/26/2018 23:00,9,2,7
8/27/2018 0:00,7,2,5
8/27/2018 1:00,2,1,1
8/27/2018 2:00,0,0,0
8/27/2018 3:00,3,1,2
8/27/2018 4:00,13,5,8
8/27/2018 5:00,48,21,27
8/27/2018 6:00,136,58,78
8/27/2018 7:00,409,202,207
8/27/2018 8:00,569,277,292
8/27/2018 9:00,290,131,159
8/27/2018 10:00,115,52,63
8/27/2018 11:00,82,43,39
8/27/2018 12:00,93,35,58
8/27/2018 13:00,104,47,57
8/27/2018 14:00,125,53,72
8/27/2018 15:00,196,73,123
8/27/2018 16:00,369,100,269
8/27/2018 17:00,685,180,505
8/27/2018 18:00,479,135,344
8/27/2018 19:00,257,100,157
8/27/2018 20:00,112,50,62
8/27/2018 21:00,50,16,34
8/27/2018 22:00,37,14,23
8/27/2018 23:00,22,4,18
8/28/2018 0:00,5,1,4
8/28/2018 1:00,2,1,1
8/28/2018 2:00,4,3,1
8/28/2018 3:00,6,3,3
8/28/2018 4:00,13,6,7
8/28/2018 5:00,58,30,28
8/28/2018 6:00,176,75,101
8/28/2018 7:00,526,276,250
8/28/2018 8:00,690,305,385
8/28/2018 9:00,317,139,178
8/28/2018 10:00,160,83,77
8/28/2018 11:00,96,45,51
8/28/2018 12:00,129,62,67
8/28/2018 13:00,103,47,56
8/28/2018 14:00,132,62,70
8/28/2018 15:00,191,88,103
8/28/2018 16:00,456,139,317
8/28/2018 17:00,855,225,630
8/28/2018 18:00,540,189,351
8/28/2018 19:00,272,77,195
8/28/2018 20:00,162,67,95
8/28/2018 21:00,84,33,51
8/28/2018 22:00,45,16,29
8/28/2018 23:00,22,13,9
8/29/2018 0:00,14,6,8
8/29/2018 1:00,4,3,1
8/29/2018 2:00,2,0,2
8/29/2018 3:00,3,3,0
8/29/2018 4:00,18,7,11
8/29/2018 5:00,48,25,23
8/29/2018 6:00,192,85,107
8/29/2018 7:00,489,258,231
8/29/2018 8:00,596,283,313
8/29/2018 9:00,290,137,153
8/29/2018 10:00,128,51,77
8/29/2018 11:00,100,49,51
8/29/2018 12:00,105,53,52
8/29/2018 13:00,115,57,58
8/29/2018 14:00,109,49,60
8/29/2018 15:00,190,67,123
8/29/2018 16:00,399,119,280
8/29/2018 17:00,726,185,541
8/29/2018 18:00,444,132,312
8/29/2018 19:00,284,102,182
8/29/2018 20:00,118,46,72
8/29/2018 21:00,56,24,32
8/29/2018 22:00,32,13,19
8/29/2018 23:00,23,7,16
8/30/2018 0:00,6,0,6
8/30/2018 1:00,3,1,2
8/30/2018 2:00,6,2,4
8/30/2018 3:00,3,1,2
8/30/2018 4:00,9,5,4
8/30/2018 5:00,44,21,23
8/30/2018 6:00,143,61,82
8/30/2018 7:00,366,180,186
8/30/2018 8:00,493,226,267
8/30/2018 9:00,270,128,142
8/30/2018 10:00,136,64,72
8/30/2018 11:00,88,47,41
8/30/2018 12:00,68,32,36
8/30/2018 13:00,88,45,43
8/30/2018 14:00,95,37,58
8/30/2018 15:00,147,48,99
8/30/2018 16:00,339,105,234
8/30/2018 17:00,569,139,430
8/30/2018 18:00,373,101,272
8/30/2018 19:00,192,54,138
8/30/2018 20:00,120,49,71
8/30/2018 21:00,58,20,38
8/30/2018 22:00,40,18,22
8/30/2018 23:00,20,5,15
8/31/2018 0:00,15,3,12
8/31/2018 1:00,6,2,4
8/31/2018 2:00,3,0,3
8/31/2018 3:00,2,1,1
8/31/2018 4:00,9,3,6
8/31/2018 5:00,25,11,14
8/31/2018 6:00,99,47,52
8/31/2018 7:00,237,116,121
8/31/2018 8:00,364,164,200
8/31/2018 9:00,229,108,121
8/31/2018 10:00,108,44,64
8/31/2018 11:00,123,56,67
8/31/2018 12:00,125,53,72
8/31/2018 13:00,128,51,77
8/31/2018 14:00,157,52,105
8/31/2018 15:00,238,79,159
8/31/2018 16:00,346,100,246
8/31/2018 17:00,453,123,330
8/31/2018 18:00,286,84,202
8/31/2018 19:00,128,50,78
8/31/2018 20:00,81,21,60
8/31/2018 21:00,35,11,24
8/31/2018 22:00,31,9,22
8/31/2018 23:00,23,6,17
9/1/2018 0:00,14,8,6
9/1/2018 1:00,10,1,9
9/1/2018 2:00,9,4,5
9/1/2018 3:00,4,1,3
9/1/2018 4:00,6,2,4
9/1/2018 5:00,2,0,2
9/1/2018 6:00,15,4,11
9/1/2018 7:00,53,20,33
9/1/2018 8:00,84,43,41
9/1/2018 9:00,94,35,59
9/1/2018 10:00,100,58,42
9/1/2018 11:00,161,83,78
9/1/2018 12:00,132,78,54
9/1/2018 13:00,153,79,74
9/1/2018 14:00,142,79,63
9/1/2018 15:00,140,52,88
9/1/2018 16:00,218,113,105
9/1/2018 17:00,151,97,54
9/1/2018 18:00,113,58,55
9/1/2018 19:00,64,31,33
9/1/2018 20:00,56,30,26
9/1/2018 21:00,23,9,14
9/1/2018 22:00,28,10,18
9/1/2018 23:00,23,7,16
9/2/2018 0:00,19,3,16
9/2/2018 1:00,10,6,4
9/2/2018 2:00,3,2,1
9/2/2018 3:00,3,2,1
9/2/2018 4:00,3,1,2
9/2/2018 5:00,9,3,6
9/2/2018 6:00,12,3,9
9/2/2018 7:00,37,22,15
9/2/2018 8:00,71,30,41
9/2/2018 9:00,107,49,58
9/2/2018 10:00,136,69,67
9/2/2018 11:00,212,103,109
9/2/2018 12:00,181,98,83
9/2/2018 13:00,180,82,98
9/2/2018 14:00,228,115,113
9/2/2018 15:00,225,132,93
9/2/2018 16:00,191,99,92
9/2/2018 17:00,153,71,82
9/2/2018 18:00,137,58,79
9/2/2018 19:00,74,33,41
9/2/2018 20:00,62,30,32
9/2/2018 21:00,41,20,21
9/2/2018 22:00,22,5,17
9/2/2018 23:00,22,8,14
9/3/2018 0:00,10,2,8
9/3/2018 1:00,3,1,2
9/3/2018 2:00,2,2,0
9/3/2018 3:00,2,0,2
9/3/2018 4:00,4,0,4
9/3/2018 5:00,8,5,3
9/3/2018 6:00,29,9,20
9/3/2018 7:00,28,12,16
9/3/2018 8:00,69,29,40
9/3/2018 9:00,121,61,60
9/3/2018 10:00,128,68,60
9/3/2018 11:00,178,101,77
9/3/2018 12:00,174,63,111
9/3/2018 13:00,229,108,121
9/3/2018 14:00,226,113,113
9/3/2018 15:00,209,101,108
9/3/2018 16:00,242,126,116
9/3/2018 17:00,177,90,87
9/3/2018 18:00,153,57,96
9/3/2018 19:00,118,60,58
9/3/2018 20:00,54,23,31
9/3/2018 21:00,27,12,15
9/3/2018 22:00,15,9,6
9/3/2018 23:00,19,7,12
9/4/2018 0:00,4,1,3
9/4/2018 1:00,5,1,4
9/4/2018 2:00,1,1,0
9/4/2018 3:00,1,1,0
9/4/2018 4:00,14,5,9
9/4/2018 5:00,39,22,17
9/4/2018 6:00,181,72,109
9/4/2018 7:00,466,222,244
9/4/2018 8:00,600,253,347
9/4/2018 9:00,275,94,181
9/4/2018 10:00,124,49,75
9/4/2018 11:00,106,49,57
9/4/2018 12:00,103,41,62
9/4/2018 13:00,93,39,54
9/4/2018 14:00,109,42,67
9/4/2018 15:00,155,51,104
9/4/2018 16:00,377,102,275
9/4/2018 17:00,730,145,585
9/4/2018 18:00,480,125,355
9/4/2018 19:00,243,75,168
9/4/2018 20:00,103,44,59
9/4/2018 21:00,62,25,37
9/4/2018 22:00,37,13,24
9/4/2018 23:00,14,4,10
9/5/2018 0:00,5,1,4
9/5/2018 1:00,3,2,1
9/5/2018 2:00,5,2,3
9/5/2018 3:00,2,1,1
9/5/2018 4:00,20,9,11
9/5/2018 5:00,48,27,21
9/5/2018 6:00,192,100,92
9/5/2018 7:00,498,239,259
9/5/2018 8:00,748,370,378
9/5/2018 9:00,318,142,176
9/5/2018 10:00,136,57,79
9/5/2018 11:00,110,57,53
9/5/2018 12:00,86,35,51
9/5/2018 13:00,101,39,62
9/5/2018 14:00,139,54,85
9/5/2018 15:00,181,70,111
9/5/2018 16:00,424,122,302
9/5/2018 17:00,792,179,613
9/5/2018 18:00,537,168,369
9/5/2018 19:00,269,103,166
9/5/2018 20:00,125,47,78
9/5/2018 21:00,52,21,31
9/5/2018 22:00,39,20,19
9/5/2018 23:00,20,4,16
9/6/2018 0:00,6,2,4
9/6/2018 1:00,3,1,2
9/6/2018 2:00,1,1,0
9/6/2018 3:00,2,1,1
9/6/2018 4:00,18,7,11
9/6/2018 5:00,47,26,21
9/6/2018 6:00,187,105,82
9/6/2018 7:00,512,256,256
9/6/2018 8:00,721,342,379
9/6/2018 9:00,332,134,198
9/6/2018 10:00,145,65,80
9/6/2018 11:00,119,59,60
9/6/2018 12:00,94,38,56
9/6/2018 13:00,108,52,56
9/6/2018 14:00,138,63,75
9/6/2018 15:00,193,69,124
9/6/2018 16:00,418,113,305
9/6/2018 17:00,773,220,553
9/6/2018 18:00,487,139,348
9/6/2018 19:00,266,76,190
9/6/2018 20:00,138,49,89
9/6/2018 21:00,80,23,57
9/6/2018 22:00,58,25,33
9/6/2018 23:00,36,5,31
9/7/2018 0:00,15,6,9
9/7/2018 1:00,3,3,0
9/7/2018 2:00,1,0,1
9/7/2018 3:00,4,1,3
9/7/2018 4:00,11,4,7
9/7/2018 5:00,29,15,14
9/7/2018 6:00,149,75,74
9/7/2018 7:00,392,203,189
9/7/2018 8:00,578,292,286
9/7/2018 9:00,284,124,160
9/7/2018 10:00,119,62,57
9/7/2018 11:00,115,49,66
9/7/2018 12:00,94,43,51
9/7/2018 13:00,107,48,59
9/7/2018 14:00,141,54,87
9/7/2018 15:00,219,77,142
9/7/2018 16:00,392,115,277
9/7/2018 17:00,605,145,460
9/7/2018 18:00,345,108,237
9/7/2018 19:00,123,37,86
9/7/2018 20:00,71,20,51
9/7/2018 21:00,51,29,22
9/7/2018 22:00,37,19,18
9/7/2018 23:00,27,11,16
9/8/2018 0:00,7,0,7
9/8/2018 1:00,3,2,1
9/8/2018 2:00,5,1,4
9/8/2018 3:00,1,1,0
9/8/2018 4:00,3,0,3
9/8/2018 5:00,5,2,3
9/8/2018 6:00,27,18,9
9/8/2018 7:00,31,14,17
9/8/2018 8:00,60,31,29
9/8/2018 9:00,75,32,43
9/8/2018 10:00,97,43,54
9/8/2018 11:00,157,68,89
9/8/2018 12:00,152,64,88
9/8/2018 13:00,156,66,90
9/8/2018 14:00,153,68,85
9/8/2018 15:00,159,72,87
9/8/2018 16:00,163,78,85
9/8/2018 17:00,194,107,87
9/8/2018 18:00,102,52,50
9/8/2018 19:00,57,28,29
9/8/2018 20:00,48,18,30
9/8/2018 21:00,33,11,22
9/8/2018 22:00,32,11,21
9/8/2018 23:00,30,12,18
9/9/2018 0:00,12,5,7
9/9/2018 1:00,10,8,2
9/9/2018 2:00,4,2,2
9/9/2018 3:00,3,1,2
9/9/2018 4:00,5,2,3
9/9/2018 5:00,3,1,2
9/9/2018 6:00,24,11,13
9/9/2018 7:00,39,18,21
9/9/2018 8:00,69,46,23
9/9/2018 9:00,97,46,51
9/9/2018 10:00,119,59,60
9/9/2018 11:00,172,84,88
9/9/2018 12:00,176,81,95
9/9/2018 13:00,183,79,104
9/9/2018 14:00,152,68,84
9/9/2018 15:00,177,77,100
9/9/2018 16:00,154,62,92
9/9/2018 17:00,155,62,93
9/9/2018 18:00,88,42,46
9/9/2018 19:00,52,26,26
9/9/2018 20:00,28,13,15
9/9/2018 21:00,9,2,7
9/9/2018 22:00,14,5,9
9/9/2018 23:00,6,1,5
9/10/2018 0:00,4,0,4
9/10/2018 1:00,0,0,0
9/10/2018 2:00,0,0,0
9/10/2018 3:00,1,0,1
9/10/2018 4:00,13,9,4
9/10/2018 5:00,40,21,19
9/10/2018 6:00,152,75,77
9/10/2018 7:00,379,201,178
9/10/2018 8:00,582,277,305
9/10/2018 9:00,268,113,155
9/10/2018 10:00,108,58,50
9/10/2018 11:00,66,27,39
9/10/2018 12:00,79,37,42
9/10/2018 13:00,79,37,42
9/10/2018 14:00,77,27,50
9/10/2018 15:00,134,50,84
9/10/2018 16:00,315,84,231
9/10/2018 17:00,605,137,468
9/10/2018 18:00,451,133,318
9/10/2018 19:00,171,59,112
9/10/2018 20:00,76,27,49
9/10/2018 21:00,55,20,35
9/10/2018 22:00,17,4,13
9/10/2018 23:00,18,0,18
9/11/2018 0:00,11,3,8
9/11/2018 1:00,3,1,2
9/11/2018 2:00,4,3,1
9/11/2018 3:00,3,1,2
9/11/2018 4:00,7,3,4
9/11/2018 5:00,39,22,17
9/11/2018 6:00,155,78,77
9/11/2018 7:00,400,208,192
9/11/2018 8:00,580,293,287
9/11/2018 9:00,279,134,145
9/11/2018 10:00,99,51,48
9/11/2018 11:00,65,32,33
9/11/2018 12:00,76,34,42
9/11/2018 13:00,90,44,46
9/11/2018 14:00,79,36,43
9/11/2018 15:00,141,47,94
9/11/2018 16:00,317,79,238
9/11/2018 17:00,655,171,484
9/11/2018 18:00,417,125,292
9/11/2018 19:00,228,72,156
9/11/2018 20:00,92,38,54
9/11/2018 21:00,45,13,32
9/11/2018 22:00,36,14,22
9/11/2018 23:00,20,13,7
9/12/2018 0:00,7,4,3
9/12/2018 1:00,2,0,2
9/12/2018 2:00,3,2,1
9/12/2018 3:00,2,1,1
9/12/2018 4:00,10,6,4
9/12/2018 5:00,46,27,19
9/12/2018 6:00,148,73,75
9/12/2018 7:00,391,220,171
9/12/2018 8:00,612,271,341
9/12/2018 9:00,288,127,161
9/12/2018 10:00,109,46,63
9/12/2018 11:00,72,28,44
9/12/2018 12:00,76,32,44
9/12/2018 13:00,86,36,50
9/12/2018 14:00,88,37,51
9/12/2018 15:00,149,49,100
9/12/2018 16:00,343,99,244
9/12/2018 17:00,608,149,459
9/12/2018 18:00,419,118,301
9/12/2018 19:00,188,56,132
9/12/2018 20:00,96,36,60
9/12/2018 21:00,54,26,28
9/12/2018 22:00,32,12,20
9/12/2018 23:00,27,8,19
9/13/2018 0:00,8,3,5
9/13/2018 1:00,5,3,2
9/13/2018 2:00,3,2,1
9/13/2018 3:00,6,1,5
9/13/2018 4:00,7,4,3
9/13/2018 5:00,35,20,15
9/13/2018 6:00,135,71,64
9/13/2018 7:00,368,186,182
9/13/2018 8:00,552,265,287
9/13/2018 9:00,277,108,169
9/13/2018 10:00,126,53,73
9/13/2018 11:00,102,46,56
9/13/2018 12:00,75,39,36
9/13/2018 13:00,96,44,52
9/13/2018 14:00,102,39,63
9/13/2018 15:00,156,58,98
9/13/2018 16:00,355,113,242
9/13/2018 17:00,585,147,438
9/13/2018 18:00,413,115,298
9/13/2018 19:00,173,60,113
9/13/2018 20:00,102,50,52
9/13/2018 21:00,58,23,35
9/13/2018 22:00,26,8,18
9/13/2018 23:00,21,5,16
9/14/2018 0:00,13,5,8
9/14/2018 1:00,2,1,1
9/14/2018 2:00,3,3,0
9/14/2018 3:00,8,4,4
9/14/2018 4:00,15,6,9
9/14/2018 5:00,16,6,10
9/14/2018 6:00,104,57,47
9/14/2018 7:00,205,112,93
9/14/2018 8:00,372,165,207
9/14/2018 9:00,184,90,94
9/14/2018 10:00,88,46,42
9/14/2018 11:00,65,38,27
9/14/2018 12:00,57,24,33
9/14/2018 13:00,96,43,53
9/14/2018 14:00,90,37,53
9/14/2018 15:00,137,50,87
9/14/2018 16:00,230,69,161
9/14/2018 17:00,432,110,322
9/14/2018 18:00,249,81,168
9/14/2018 19:00,123,46,77
9/14/2018 20:00,55,23,32
9/14/2018 21:00,43,19,24
9/14/2018 22:00,35,10,25
9/14/2018 23:00,34,6,28
9/15/2018 0:00,14,6,8
9/15/2018 1:00,9,3,6
9/15/2018 2:00,4,0,4
9/15/2018 3:00,5,2,3
9/15/2018 4:00,8,2,6
9/15/2018 5:00,10,5,5
9/15/2018 6:00,21,13,8
9/15/2018 7:00,42,17,25
9/15/2018 8:00,60,28,32
9/15/2018 9:00,97,46,51
9/15/2018 10:00,106,49,57
9/15/2018 11:00,117,51,66
9/15/2018 12:00,152,82,70
9/15/2018 13:00,108,56,52
9/15/2018 14:00,90,39,51
9/15/2018 15:00,133,71,62
9/15/2018 16:00,118,56,62
9/15/2018 17:00,77,30,47
9/15/2018 18:00,37,22,15
9/15/2018 19:00,34,21,13
9/15/2018 20:00,26,18,8
9/15/2018 21:00,29,10,19
9/15/2018 22:00,12,6,6
9/15/2018 23:00,19,3,16
9/16/2018 0:00,7,2,5
9/16/2018 1:00,9,6,3
9/16/2018 2:00,0,0,0
9/16/2018 3:00,0,0,0
9/16/2018 4:00,2,0,2
9/16/2018 5:00,5,1,4
9/16/2018 6:00,9,4,5
9/16/2018 7:00,19,6,13
9/16/2018 8:00,16,7,9
9/16/2018 9:00,26,18,8
9/16/2018 10:00,48,20,28
9/16/2018 11:00,74,37,37
9/16/2018 12:00,132,62,70
9/16/2018 13:00,109,59,50
9/16/2018 14:00,140,79,61
9/16/2018 15:00,121,67,54
9/16/2018 16:00,124,70,54
9/16/2018 17:00,110,55,55
9/16/2018 18:00,97,54,43
9/16/2018 19:00,67,35,32
9/16/2018 20:00,16,8,8
9/16/2018 21:00,20,12,8
9/16/2018 22:00,9,2,7
9/16/2018 23:00,10,2,8
9/17/2018 0:00,4,1,3
9/17/2018 1:00,0,0,0
9/17/2018 2:00,1,0,1
9/17/2018 3:00,2,0,2
9/17/2018 4:00,12,5,7
9/17/2018 5:00,46,29,17
9/17/2018 6:00,146,67,79
9/17/2018 7:00,465,217,248
9/17/2018 8:00,679,309,370
9/17/2018 9:00,258,113,145
9/17/2018 10:00,113,42,71
9/17/2018 11:00,90,48,42
9/17/2018 12:00,111,45,66
9/17/2018 13:00,110,54,56
9/17/2018 14:00,122,53,69
9/17/2018 15:00,161,59,102
9/17/2018 16:00,434,130,304
9/17/2018 17:00,765,212,553
9/17/2018 18:00,467,140,327
9/17/2018 19:00,178,66,112
9/17/2018 20:00,93,36,57
9/17/2018 21:00,59,26,33
9/17/2018 22:00,25,12,13
9/17/2018 23:00,10,1,9
9/18/2018 0:00,18,10,8
9/18/2018 1:00,5,5,0
9/18/2018 2:00,2,1,1
9/18/2018 3:00,5,1,4
9/18/2018 4:00,10,5,5
9/18/2018 5:00,43,24,19
9/18/2018 6:00,154,67,87
9/18/2018 7:00,490,228,262
9/18/2018 8:00,659,328,331
9/18/2018 9:00,292,147,145
9/18/2018 10:00,132,59,73
9/18/2018 11:00,89,39,50
9/18/2018 12:00,77,34,43
9/18/2018 13:00,108,46,62
9/18/2018 14:00,131,51,80
9/18/2018 15:00,187,65,122
9/18/2018 16:00,378,102,276
9/18/2018 17:00,770,178,592
9/18/2018 18:00,490,157,333
9/18/2018 19:00,226,75,151
9/18/2018 20:00,94,35,59
9/18/2018 21:00,56,21,35
9/18/2018 22:00,32,10,22
9/18/2018 23:00,19,11,8
9/19/2018 0:00,8,1,7
9/19/2018 1:00,5,0,5
9/19/2018 2:00,3,0,3
9/19/2018 3:00,7,3,4
9/19/2018 4:00,10,5,5
9/19/2018 5:00,40,22,18
9/19/2018 6:00,145,70,75
9/19/2018 7:00,418,225,193
9/19/2018 8:00,600,282,318
9/19/2018 9:00,304,135,169
9/19/2018 10:00,120,47,73
9/19/2018 11:00,89,33,56
9/19/2018 12:00,81,38,43
9/19/2018 13:00,97,40,57
9/19/2018 14:00,131,54,77
9/19/2018 15:00,185,82,103
9/19/2018 16:00,365,104,261
9/19/2018 17:00,673,173,500
9/19/2018 18:00,453,146,307
9/19/2018 19:00,190,59,131
9/19/2018 20:00,98,40,58
9/19/2018 21:00,44,18,26
9/19/2018 22:00,41,8,33
9/19/2018 23:00,20,9,11
9/20/2018 0:00,10,4,6
9/20/2018 1:00,4,1,3
9/20/2018 2:00,1,1,0
9/20/2018 3:00,7,4,3
9/20/2018 4:00,10,3,7
9/20/2018 5:00,34,18,16
9/20/2018 6:00,148,68,80
9/20/2018 7:00,318,170,148
9/20/2018 8:00,497,242,255
9/20/2018 9:00,234,105,129
9/20/2018 10:00,117,56,61
9/20/2018 11:00,74,33,41
9/20/2018 12:00,84,33,51
9/20/2018 13:00,81,43,38
9/20/2018 14:00,100,38,62
9/20/2018 15:00,153,65,88
9/20/2018 16:00,288,83,205
9/20/2018 17:00,580,150,430
9/20/2018 18:00,346,102,244
9/20/2018 19:00,152,47,105
9/20/2018 20:00,86,29,57
9/20/2018 21:00,53,25,28
9/20/2018 22:00,27,15,12
9/20/2018 23:00,31,8,23
9/21/2018 0:00,15,4,11
9/21/2018 1:00,3,0,3
9/21/2018 2:00,7,5,2
9/21/2018 3:00,4,1,3
9/21/2018 4:00,9,3,6
9/21/2018 5:00,32,18,14
9/21/2018 6:00,106,56,50
9/21/2018 7:00,322,159,163
9/21/2018 8:00,491,245,246
9/21/2018 9:00,244,119,125
9/21/2018 10:00,113,55,58
9/21/2018 11:00,100,47,53
9/21/2018 12:00,93,39,54
9/21/2018 13:00,87,43,44
9/21/2018 14:00,134,47,87
9/21/2018 15:00,160,66,94
9/21/2018 16:00,352,92,260
9/21/2018 17:00,522,119,403
9/21/2018 18:00,306,83,223
9/21/2018 19:00,138,48,90
9/21/2018 20:00,62,21,41
9/21/2018 21:00,41,17,24
9/21/2018 22:00,34,13,21
9/21/2018 23:00,30,18,12
9/22/2018 0:00,23,10,13
9/22/2018 1:00,7,3,4
9/22/2018 2:00,1,0,1
9/22/2018 3:00,5,2,3
9/22/2018 4:00,3,0,3
9/22/2018 5:00,8,4,4
9/22/2018 6:00,19,7,12
9/22/2018 7:00,22,6,16
9/22/2018 8:00,76,36,40
9/22/2018 9:00,88,38,50
9/22/2018 10:00,93,44,49
9/22/2018 11:00,98,61,37
9/22/2018 12:00,104,46,58
9/22/2018 13:00,115,40,75
9/22/2018 14:00,133,54,79
9/22/2018 15:00,125,67,58
9/22/2018 16:00,152,65,87
9/22/2018 17:00,159,76,83
9/22/2018 18:00,83,43,40
9/22/2018 19:00,68,30,38
9/22/2018 20:00,30,13,17
9/22/2018 21:00,38,25,13
9/22/2018 22:00,28,21,7
9/22/2018 23:00,47,29,18
9/23/2018 0:00,16,10,6
9/23/2018 1:00,11,6,5
9/23/2018 2:00,5,3,2
9/23/2018 3:00,3,1,2
9/23/2018 4:00,6,1,5
9/23/2018 5:00,5,4,1
9/23/2018 6:00,22,10,12
9/23/2018 7:00,21,9,12
9/23/2018 8:00,70,29,41
9/23/2018 9:00,74,36,38
9/23/2018 10:00,100,45,55
9/23/2018 11:00,137,71,66
9/23/2018 12:00,159,70,89
9/23/2018 13:00,179,82,97
9/23/2018 14:00,178,88,90
9/23/2018 15:00,178,99,79
9/23/2018 16:00,162,91,71
9/23/2018 17:00,142,89,53
9/23/2018 18:00,119,68,51
9/23/2018 19:00,67,34,33
9/23/2018 20:00,33,19,14
9/23/2018 21:00,25,10,15
9/23/2018 22:00,12,9,3
9/23/2018 23:00,11,0,11
9/24/2018 0:00,9,2,7
9/24/2018 1:00,3,3,0
9/24/2018 2:00,1,0,1
9/24/2018 3:00,2,1,1
9/24/2018 4:00,18,8,10
9/24/2018 5:00,38,21,17
9/24/2018 6:00,145,72,73
9/24/2018 7:00,441,212,229
9/24/2018 8:00,722,360,362
9/24/2018 9:00,324,165,159
9/24/2018 10:00,140,66,74
9/24/2018 11:00,94,49,45
9/24/2018 12:00,102,53,49
9/24/2018 13:00,104,45,59
9/24/2018 14:00,123,49,74
9/24/2018 15:00,180,74,106
9/24/2018 16:00,408,121,287
9/24/2018 17:00,776,199,577
9/24/2018 18:00,494,144,350
9/24/2018 19:00,182,57,125
9/24/2018 20:00,78,23,55
9/24/2018 21:00,58,23,35
9/24/2018 22:00,22,6,16
9/24/2018 23:00,14,1,13
9/25/2018 0:00,7,3,4
9/25/2018 1:00,2,0,2
9/25/2018 2:00,2,0,2
9/25/2018 3:00,3,1,2
9/25/2018 4:00,14,6,8
9/25/2018 5:00,47,21,26
9/25/2018 6:00,174,89,85
9/25/2018 7:00,482,223,259
9/25/2018 8:00,678,316,362
9/25/2018 9:00,342,161,181
9/25/2018 10:00,124,56,68
9/25/2018 11:00,93,38,55
9/25/2018 12:00,108,49,59
9/25/2018 13:00,96,46,50
9/25/2018 14:00,136,54,82
9/25/2018 15:00,177,71,106
9/25/2018 16:00,422,118,304
9/25/2018 17:00,778,189,589
9/25/2018 18:00,468,127,341
9/25/2018 19:00,208,74,134
9/25/2018 20:00,105,32,73
9/25/2018 21:00,63,29,34
9/25/2018 22:00,32,7,25
9/25/2018 23:00,17,7,10
9/26/2018 0:00,14,5,9
9/26/2018 1:00,2,0,2
9/26/2018 2:00,1,0,1
9/26/2018 3:00,4,2,2
9/26/2018 4:00,12,7,5
9/26/2018 5:00,46,23,23
9/26/2018 6:00,152,72,80
9/26/2018 7:00,496,257,239
9/26/2018 8:00,623,296,327
9/26/2018 9:00,328,149,179
9/26/2018 10:00,144,70,74
9/26/2018 11:00,86,38,48
9/26/2018 12:00,79,33,46
9/26/2018 13:00,86,39,47
9/26/2018 14:00,105,51,54
9/26/2018 15:00,188,67,121
9/26/2018 16:00,428,113,315
9/26/2018 17:00,760,201,559
9/26/2018 18:00,529,158,371
9/26/2018 19:00,222,74,148
9/26/2018 20:00,89,33,56
9/26/2018 21:00,70,31,39
9/26/2018 22:00,39,12,27
9/26/2018 23:00,16,7,9
9/27/2018 0:00,11,4,7
9/27/2018 1:00,6,4,2
9/27/2018 2:00,5,4,1
9/27/2018 3:00,9,3,6
9/27/2018 4:00,15,11,4
9/27/2018 5:00,41,19,22
9/27/2018 6:00,149,73,76
9/27/2018 7:00,404,192,212
9/27/2018 8:00,621,302,319
9/27/2018 9:00,312,140,172
9/27/2018 10:00,136,58,78
9/27/2018 11:00,124,59,65
9/27/2018 12:00,120,50,70
9/27/2018 13:00,115,50,65
9/27/2018 14:00,129,58,71
9/27/2018 15:00,171,67,104
9/27/2018 16:00,384,110,274
9/27/2018 17:00,713,199,514
9/27/2018 18:00,414,145,269
9/27/2018 19:00,176,52,124
9/27/2018 20:00,95,31,64
9/27/2018 21:00,80,31,49
9/27/2018 22:00,44,17,27
9/27/2018 23:00,24,12,12
9/28/2018 0:00,15,1,14
9/28/2018 1:00,6,3,3
9/28/2018 2:00,0,0,0
9/28/2018 3:00,5,1,4
9/28/2018 4:00,15,5,10
9/28/2018 5:00,35,18,17
9/28/2018 6:00,137,65,72
9/28/2018 7:00,362,182,180
9/28/2018 8:00,538,247,291
9/28/2018 9:00,288,145,143
9/28/2018 10:00,146,62,84
9/28/2018 11:00,111,47,64
9/28/2018 12:00,114,58,56
9/28/2018 13:00,125,53,72
9/28/2018 14:00,175,63,112
9/28/2018 15:00,228,84,144
9/28/2018 16:00,413,110,303
9/28/2018 17:00,675,199,476
9/28/2018 18:00,353,146,207
9/28/2018 19:00,171,75,96
9/28/2018 20:00,81,18,63
9/28/2018 21:00,43,20,23
9/28/2018 22:00,38,22,16
9/28/2018 23:00,41,8,33
9/29/2018 0:00,18,8,10
9/29/2018 1:00,12,6,6
9/29/2018 2:00,7,5,2
9/29/2018 3:00,2,2,0
9/29/2018 4:00,9,1,8
9/29/2018 5:00,10,2,8
9/29/2018 6:00,18,7,11
9/29/2018 7:00,32,14,18
9/29/2018 8:00,83,40,43
9/29/2018 9:00,126,59,67
9/29/2018 10:00,130,74,56
9/29/2018 11:00,162,62,100
9/29/2018 12:00,192,106,86
9/29/2018 13:00,151,61,90
9/29/2018 14:00,175,89,86
9/29/2018 15:00,209,83,126
9/29/2018 16:00,172,73,99
9/29/2018 17:00,124,49,75
9/29/2018 18:00,115,63,52
9/29/2018 19:00,63,32,31
9/29/2018 20:00,60,45,15
9/29/2018 21:00,35,15,20
9/29/2018 22:00,19,6,13
9/29/2018 23:00,14,6,8
9/30/2018 0:00,9,2,7
9/30/2018 1:00,6,4,2
9/30/2018 2:00,9,5,4
9/30/2018 3:00,1,1,0
9/30/2018 4:00,5,0,5
9/30/2018 5:00,6,1,5
9/30/2018 6:00,9,3,6
9/30/2018 7:00,28,13,15
9/30/2018 8:00,45,32,13
9/30/2018 9:00,81,45,36
9/30/2018 10:00,108,51,57
9/30/2018 11:00,136,55,81
9/30/2018 12:00,129,64,65
9/30/2018 13:00,148,67,81
9/30/2018 14:00,111,53,58
9/30/2018 15:00,120,55,65
9/30/2018 16:00,106,46,60
9/30/2018 17:00,119,61,58
9/30/2018 18:00,58,25,33
9/30/2018 19:00,35,18,17
9/30/2018 20:00,24,8,16
9/30/2018 21:00,7,3,4
9/30/2018 22:00,9,2,7
9/30/2018 23:00,10,6,4
10/1/2018 0:00,11,4,7
10/1/2018 1:00,4,3,1
10/1/2018 2:00,2,2,0
10/1/2018 3:00,0,0,0
10/1/2018 4:00,12,5,7
10/1/2018 5:00,48,28,20
10/1/2018 6:00,137,71,66
10/1/2018 7:00,352,170,182
10/1/2018 8:00,578,276,302
10/1/2018 9:00,247,119,128
10/1/2018 10:00,74,43,31
10/1/2018 11:00,56,26,30
10/1/2018 12:00,39,16,23
10/1/2018 13:00,76,36,40
10/1/2018 14:00,63,20,43
10/1/2018 15:00,121,43,78
10/1/2018 16:00,265,67,198
10/1/2018 17:00,561,124,437
10/1/2018 18:00,315,101,214
10/1/2018 19:00,120,29,91
10/1/2018 20:00,65,20,45
10/1/2018 21:00,34,10,24
10/1/2018 22:00,28,9,19
10/1/2018 23:00,11,3,8
10/2/2018 0:00,6,4,2
10/2/2018 1:00,7,4,3
10/2/2018 2:00,4,3,1
10/2/2018 3:00,3,2,1
10/2/2018 4:00,15,4,11
10/2/2018 5:00,39,18,21
10/2/2018 6:00,161,78,83
10/2/2018 7:00,385,189,196
10/2/2018 8:00,588,267,321
10/2/2018 9:00,289,146,143
10/2/2018 10:00,113,52,61
10/2/2018 11:00,93,37,56
10/2/2018 12:00,106,56,50
10/2/2018 13:00,101,47,54
10/2/2018 14:00,112,48,64
10/2/2018 15:00,168,67,101
10/2/2018 16:00,304,75,229
10/2/2018 17:00,627,147,480
10/2/2018 18:00,404,107,297
10/2/2018 19:00,154,46,108
10/2/2018 20:00,76,18,58
10/2/2018 21:00,38,16,22
10/2/2018 22:00,23,12,11
10/2/2018 23:00,23,9,14
10/3/2018 0:00,6,4,2
10/3/2018 1:00,0,0,0
10/3/2018 2:00,3,2,1
10/3/2018 3:00,3,3,0
10/3/2018 4:00,16,7,9
10/3/2018 5:00,48,28,20
10/3/2018 6:00,138,76,62
10/3/2018 7:00,418,207,211
10/3/2018 8:00,581,274,307
10/3/2018 9:00,294,134,160
10/3/2018 10:00,105,47,58
10/3/2018 11:00,112,53,59
10/3/2018 12:00,85,37,48
10/3/2018 13:00,84,47,37
10/3/2018 14:00,96,39,57
10/3/2018 15:00,150,54,96
10/3/2018 16:00,329,96,233
10/3/2018 17:00,625,152,473
10/3/2018 18:00,432,125,307
10/3/2018 19:00,168,49,119
10/3/2018 20:00,83,22,61
10/3/2018 21:00,56,22,34
10/3/2018 22:00,33,14,19
10/3/2018 23:00,16,4,12
10/4/2018 0:00,4,1,3
10/4/2018 1:00,5,3,2
10/4/2018 2:00,7,6,1
10/4/2018 3:00,3,1,2
10/4/2018 4:00,14,5,9
10/4/2018 5:00,45,23,22
10/4/2018 6:00,147,73,74
10/4/2018 7:00,347,169,178
10/4/2018 8:00,552,262,290
10/4/2018 9:00,267,115,152
10/4/2018 10:00,140,63,77
10/4/2018 11:00,86,47,39
10/4/2018 12:00,94,53,41
10/4/2018 13:00,108,39,69
10/4/2018 14:00,125,49,76
10/4/2018 15:00,181,68,113
10/4/2018 16:00,347,104,243
10/4/2018 17:00,643,157,486
10/4/2018 18:00,415,127,288
10/4/2018 19:00,148,50,98
10/4/2018 20:00,99,33,66
10/4/2018 21:00,69,20,49
10/4/2018 22:00,41,15,26
10/4/2018 23:00,19,6,13
10/5/2018 0:00,16,6,10
10/5/2018 1:00,9,1,8
10/5/2018 2:00,3,1,2
10/5/2018 3:00,6,4,2
10/5/2018 4:00,17,5,12
10/5/2018 5:00,30,16,14
10/5/2018 6:00,101,45,56
10/5/2018 7:00,233,115,118
10/5/2018 8:00,371,181,190
10/5/2018 9:00,195,92,103
10/5/2018 10:00,72,28,44
10/5/2018 11:00,30,13,17
10/5/2018 12:00,31,15,16
10/5/2018 13:00,46,26,20
10/5/2018 14:00,60,18,42
10/5/2018 15:00,92,30,62
10/5/2018 16:00,212,54,158
10/5/2018 17:00,352,83,269
10/5/2018 18:00,187,54,133
10/5/2018 19:00,80,27,53
10/5/2018 20:00,44,17,27
10/5/2018 21:00,26,6,20
10/5/2018 22:00,19,6,13
10/5/2018 23:00,15,7,8
10/6/2018 0:00,11,8,3
10/6/2018 1:00,9,5,4
10/6/2018 2:00,1,0,1
10/6/2018 3:00,2,1,1
10/6/2018 4:00,3,1,2
10/6/2018 5:00,3,1,2
10/6/2018 6:00,19,7,12
10/6/2018 7:00,33,11,22
10/6/2018 8:00,86,40,46
10/6/2018 9:00,63,31,32
10/6/2018 10:00,66,30,36
10/6/2018 11:00,97,51,46
10/6/2018 12:00,105,46,59
10/6/2018 13:00,139,67,72
10/6/2018 14:00,165,65,100
10/6/2018 15:00,131,66,65
10/6/2018 16:00,173,63,110
10/6/2018 17:00,139,63,76
10/6/2018 18:00,96,39,57
10/6/2018 19:00,43,22,21
10/6/2018 20:00,41,21,20
10/6/2018 21:00,25,9,16
10/6/2018 22:00,20,8,12
10/6/2018 23:00,14,4,10
10/7/2018 0:00,17,5,12
10/7/2018 1:00,8,4,4
10/7/2018 2:00,6,6,0
10/7/2018 3:00,5,1,4
10/7/2018 4:00,6,4,2
10/7/2018 5:00,4,1,3
10/7/2018 6:00,20,9,11
10/7/2018 7:00,31,18,13
10/7/2018 8:00,50,21,29
10/7/2018 9:00,54,29,25
10/7/2018 10:00,78,41,37
10/7/2018 11:00,63,29,34
10/7/2018 12:00,71,35,36
10/7/2018 13:00,67,46,21
10/7/2018 14:00,54,34,20
10/7/2018 15:00,71,43,28
10/7/2018 16:00,57,27,30
10/7/2018 17:00,59,23,36
10/7/2018 18:00,66,32,34
10/7/2018 19:00,26,12,14
10/7/2018 20:00,24,10,14
10/7/2018 21:00,8,3,5
10/7/2018 22:00,9,5,4
10/7/2018 23:00,9,4,5
10/8/2018 0:00,6,1,5
10/8/2018 1:00,2,2,0
10/8/2018 2:00,1,0,1
10/8/2018 3:00,6,4,2
10/8/2018 4:00,10,5,5
10/8/2018 5:00,31,16,15
10/8/2018 6:00,97,47,50
10/8/2018 7:00,264,134,130
10/8/2018 8:00,432,202,230
10/8/2018 9:00,254,131,123
10/8/2018 10:00,74,29,45
10/8/2018 11:00,34,18,16
10/8/2018 12:00,35,17,18
10/8/2018 13:00,51,30,21
10/8/2018 14:00,65,26,39
10/8/2018 15:00,96,43,53
10/8/2018 16:00,225,70,155
10/8/2018 17:00,433,112,321
10/8/2018 18:00,304,80,224
10/8/2018 19:00,106,28,78
10/8/2018 20:00,53,16,37
10/8/2018 21:00,27,7,20
10/8/2018 22:00,22,5,17
10/8/2018 23:00,9,3,6
10/9/2018 0:00,2,1,1
10/9/2018 1:00,2,2,0
10/9/2018 2:00,0,0,0
10/9/2018 3:00,4,2,2
10/9/2018 4:00,9,5,4
10/9/2018 5:00,40,19,21
10/9/2018 6:00,138,72,66
10/9/2018 7:00,306,158,148
10/9/2018 8:00,487,229,258
10/9/2018 9:00,288,119,169
10/9/2018 10:00,103,48,55
10/9/2018 11:00,73,34,39
10/9/2018 12:00,85,49,36
10/9/2018 13:00,81,46,35
10/9/2018 14:00,94,35,59
10/9/2018 15:00,121,43,78
10/9/2018 16:00,308,68,240
10/9/2018 17:00,584,163,421
10/9/2018 18:00,378,122,256
10/9/2018 19:00,160,60,100
10/9/2018 20:00,91,28,63
10/9/2018 21:00,46,18,28
10/9/2018 22:00,24,8,16
10/9/2018 23:00,21,8,13
10/10/2018 0:00,9,4,5
10/10/2018 1:00,2,2,0
10/10/2018 2:00,1,0,1
10/10/2018 3:00,5,3,2
10/10/2018 4:00,17,8,9
10/10/2018 5:00,37,21,16
10/10/2018 6:00,147,80,67
10/10/2018 7:00,436,224,212
10/10/2018 8:00,567,294,273
10/10/2018 9:00,282,128,154
10/10/2018 10:00,119,54,65
10/10/2018 11:00,84,36,48
10/10/2018 12:00,92,52,40
10/10/2018 13:00,92,50,42
10/10/2018 14:00,112,43,69
10/10/2018 15:00,168,57,111
10/10/2018 16:00,346,106,240
10/10/2018 17:00,725,167,558
10/10/2018 18:00,402,130,272
10/10/2018 19:00,166,48,118
10/10/2018 20:00,104,35,69
10/10/2018 21:00,73,30,43
10/10/2018 22:00,32,18,14
10/10/2018 23:00,20,6,14
10/11/2018 0:00,15,2,13
10/11/2018 1:00,1,0,1
10/11/2018 2:00,1,1,0
10/11/2018 3:00,4,2,2
10/11/2018 4:00,14,9,5
10/11/2018 5:00,30,20,10
10/11/2018 6:00,134,81,53
10/11/2018 7:00,373,182,191
10/11/2018 8:00,593,299,294
10/11/2018 9:00,289,126,163
10/11/2018 10:00,88,40,48
10/11/2018 11:00,81,38,43
10/11/2018 12:00,76,37,39
10/11/2018 13:00,96,50,46
10/11/2018 14:00,119,63,56
10/11/2018 15:00,159,69,90
10/11/2018 16:00,401,120,281
10/11/2018 17:00,633,163,470
10/11/2018 18:00,442,127,315
10/11/2018 19:00,178,62,116
10/11/2018 20:00,98,35,63
10/11/2018 21:00,67,16,51
10/11/2018 22:00,54,21,33
10/11/2018 23:00,27,12,15
10/12/2018 0:00,11,3,8
10/12/2018 1:00,4,2,2
10/12/2018 2:00,3,1,2
10/12/2018 3:00,3,1,2
10/12/2018 4:00,6,3,3
10/12/2018 5:00,32,13,19
10/12/2018 6:00,94,43,51
10/12/2018 7:00,299,146,153
10/12/2018 8:00,437,205,232
10/12/2018 9:00,293,128,165
10/12/2018 10:00,115,50,65
10/12/2018 11:00,122,56,66
10/12/2018 12:00,129,47,82
10/12/2018 13:00,106,55,51
10/12/2018 14:00,128,53,75
10/12/2018 15:00,200,70,130
10/12/2018 16:00,410,99,311
10/12/2018 17:00,547,145,402
10/12/2018 18:00,296,106,190
10/12/2018 19:00,121,33,88
10/12/2018 20:00,70,24,46
10/12/2018 21:00,48,15,33
10/12/2018 22:00,42,14,28
10/12/2018 23:00,37,11,26
10/13/2018 0:00,16,4,12
10/13/2018 1:00,15,4,11
10/13/2018 2:00,3,2,1
10/13/2018 3:00,4,1,3
10/13/2018 4:00,6,0,6
10/13/2018 5:00,4,1,3
10/13/2018 6:00,18,8,10
10/13/2018 7:00,24,6,18
10/13/2018 8:00,61,26,35
10/13/2018 9:00,108,64,44
10/13/2018 10:00,131,58,73
10/13/2018 11:00,146,75,71
10/13/2018 12:00,140,66,74
10/13/2018 13:00,171,99,72
10/13/2018 14:00,164,96,68
10/13/2018 15:00,170,77,93
10/13/2018 16:00,160,85,75
10/13/2018 17:00,138,75,63
10/13/2018 18:00,115,60,55
10/13/2018 19:00,50,26,24
10/13/2018 20:00,40,14,26
10/13/2018 21:00,27,11,16
10/13/2018 22:00,15,4,11
10/13/2018 23:00,18,6,12
10/14/2018 0:00,13,6,7
10/14/2018 1:00,6,1,5
10/14/2018 2:00,10,4,6
10/14/2018 3:00,1,0,1
10/14/2018 4:00,5,1,4
10/14/2018 5:00,4,3,1
10/14/2018 6:00,12,4,8
10/14/2018 7:00,33,20,13
10/14/2018 8:00,59,27,32
10/14/2018 9:00,68,38,30
10/14/2018 10:00,99,49,50
10/14/2018 11:00,131,60,71
10/14/2018 12:00,164,83,81
10/14/2018 13:00,178,65,113
10/14/2018 14:00,206,86,120
10/14/2018 15:00,200,103,97
10/14/2018 16:00,178,97,81
10/14/2018 17:00,129,70,59
10/14/2018 18:00,122,71,51
10/14/2018 19:00,56,23,33
10/14/2018 20:00,51,13,38
10/14/2018 21:00,26,10,16
10/14/2018 22:00,15,3,12
10/14/2018 23:00,13,3,10
10/15/2018 0:00,9,1,8
10/15/2018 1:00,1,0,1
10/15/2018 2:00,2,1,1
10/15/2018 3:00,4,2,2
10/15/2018 4:00,18,9,9
10/15/2018 5:00,41,22,19
10/15/2018 6:00,153,75,78
10/15/2018 7:00,382,193,189
10/15/2018 8:00,660,315,345
10/15/2018 9:00,310,142,168
10/15/2018 10:00,98,43,55
10/15/2018 11:00,67,27,40
10/15/2018 12:00,80,40,40
10/15/2018 13:00,79,37,42
10/15/2018 14:00,111,46,65
10/15/2018 15:00,174,66,108
10/15/2018 16:00,370,96,274
10/15/2018 17:00,731,187,544
10/15/2018 18:00,394,114,280
10/15/2018 19:00,172,46,126
10/15/2018 20:00,86,36,50
10/15/2018 21:00,55,18,37
10/15/2018 22:00,17,4,13
10/15/2018 23:00,16,5,11
10/16/2018 0:00,11,5,6
10/16/2018 1:00,0,0,0
10/16/2018 2:00,2,1,1
10/16/2018 3:00,0,0,0
10/16/2018 4:00,18,10,8
10/16/2018 5:00,44,24,20
10/16/2018 6:00,174,99,75
10/16/2018 7:00,408,189,219
10/16/2018 8:00,659,334,325
10/16/2018 9:00,330,144,186
10/16/2018 10:00,118,54,64
10/16/2018 11:00,113,57,56
10/16/2018 12:00,87,45,42
10/16/2018 13:00,113,50,63
10/16/2018 14:00,146,68,78
10/16/2018 15:00,189,65,124
10/16/2018 16:00,410,120,290
10/16/2018 17:00,764,190,574
10/16/2018 18:00,448,149,299
10/16/2018 19:00,162,47,115
10/16/2018 20:00,91,31,60
10/16/2018 21:00,74,36,38
10/16/2018 22:00,38,17,21
10/16/2018 23:00,16,4,12
10/17/2018 0:00,10,3,7
10/17/2018 1:00,11,2,9
10/17/2018 2:00,4,1,3
10/17/2018 3:00,5,3,2
10/17/2018 4:00,14,6,8
10/17/2018 5:00,44,24,20
10/17/2018 6:00,156,81,75
10/17/2018 7:00,425,197,228
10/17/2018 8:00,576,281,295
10/17/2018 9:00,302,131,171
10/17/2018 10:00,130,57,73
10/17/2018 11:00,104,47,57
10/17/2018 12:00,85,37,48
10/17/2018 13:00,108,44,64
10/17/2018 14:00,111,59,52
10/17/2018 15:00,209,91,118
10/17/2018 16:00,398,115,283
10/17/2018 17:00,761,200,561
10/17/2018 18:00,419,140,279
10/17/2018 19:00,203,73,130
10/17/2018 20:00,97,38,59
10/17/2018 21:00,68,23,45
10/17/2018 22:00,32,9,23
10/17/2018 23:00,22,6,16
10/18/2018 0:00,6,1,5
10/18/2018 1:00,3,0,3
10/18/2018 2:00,2,0,2
10/18/2018 3:00,3,1,2
10/18/2018 4:00,11,4,7
10/18/2018 5:00,40,21,19
10/18/2018 6:00,129,77,52
10/18/2018 7:00,391,187,204
10/18/2018 8:00,592,278,314
10/18/2018 9:00,292,132,160
10/18/2018 10:00,120,53,67
10/18/2018 11:00,101,45,56
10/18/2018 12:00,106,43,63
10/18/2018 13:00,112,58,54
10/18/2018 14:00,125,64,61
10/18/2018 15:00,194,76,118
10/18/2018 16:00,396,136,260
10/18/2018 17:00,692,158,534
10/18/2018 18:00,431,121,310
10/18/2018 19:00,144,42,102
10/18/2018 20:00,69,19,50
10/18/2018 21:00,61,20,41
10/18/2018 22:00,40,13,27
10/18/2018 23:00,30,9,21
10/19/2018 0:00,15,6,9
10/19/2018 1:00,3,2,1
10/19/2018 2:00,4,3,1
10/19/2018 3:00,4,3,1
10/19/2018 4:00,7,3,4
10/19/2018 5:00,39,20,19
10/19/2018 6:00,125,66,59
10/19/2018 7:00,305,150,155
10/19/2018 8:00,487,239,248
10/19/2018 9:00,290,133,157
10/19/2018 10:00,124,58,66
10/19/2018 11:00,80,37,43
10/19/2018 12:00,89,37,52
10/19/2018 13:00,110,47,63
10/19/2018 14:00,110,50,60
10/19/2018 15:00,205,67,138
10/19/2018 16:00,386,116,270
10/19/2018 17:00,580,128,452
10/19/2018 18:00,314,86,228
10/19/2018 19:00,122,36,86
10/19/2018 20:00,58,27,31
10/19/2018 21:00,28,13,15
10/19/2018 22:00,23,9,14
10/19/2018 23:00,19,7,12
10/20/2018 0:00,18,7,11
10/20/2018 1:00,10,5,5
10/20/2018 2:00,3,1,2
10/20/2018 3:00,6,3,3
10/20/2018 4:00,5,0,5
10/20/2018 5:00,2,2,0
10/20/2018 6:00,20,6,14
10/20/2018 7:00,33,11,22
10/20/2018 8:00,72,30,42
10/20/2018 9:00,86,40,46
10/20/2018 10:00,104,49,55
10/20/2018 11:00,132,64,68
10/20/2018 12:00,105,58,47
10/20/2018 13:00,84,46,38
10/20/2018 14:00,124,53,71
10/20/2018 15:00,169,81,88
10/20/2018 16:00,206,102,104
10/20/2018 17:00,142,74,68
10/20/2018 18:00,85,46,39
10/20/2018 19:00,53,31,22
10/20/2018 20:00,40,18,22
10/20/2018 21:00,32,13,19
10/20/2018 22:00,23,9,14
10/20/2018 23:00,24,7,17
10/21/2018 0:00,16,7,9
10/21/2018 1:00,7,5,2
10/21/2018 2:00,7,1,6
10/21/2018 3:00,1,1,0
10/21/2018 4:00,4,1,3
10/21/2018 5:00,6,2,4
10/21/2018 6:00,12,5,7
10/21/2018 7:00,18,10,8
10/21/2018 8:00,49,25,24
10/21/2018 9:00,70,40,30
10/21/2018 10:00,74,36,38
10/21/2018 11:00,77,48,29
10/21/2018 12:00,85,36,49
10/21/2018 13:00,104,45,59
10/21/2018 14:00,135,67,68
10/21/2018 15:00,135,61,74
10/21/2018 16:00,152,83,69
10/21/2018 17:00,125,62,63
10/21/2018 18:00,76,37,39
10/21/2018 19:00,28,13,15
10/21/2018 20:00,14,7,7
10/21/2018 21:00,13,5,8
10/21/2018 22:00,18,4,14
10/21/2018 23:00,6,4,2
10/22/2018 0:00,5,2,3
10/22/2018 1:00,4,0,4
10/22/2018 2:00,0,0,0
10/22/2018 3:00,4,2,2
10/22/2018 4:00,7,3,4
10/22/2018 5:00,32,26,6
10/22/2018 6:00,130,58,72
10/22/2018 7:00,336,170,166
10/22/2018 8:00,554,253,301
10/22/2018 9:00,267,124,143
10/22/2018 10:00,102,45,57
10/22/2018 11:00,72,32,40
10/22/2018 12:00,69,29,40
10/22/2018 13:00,76,33,43
10/22/2018 14:00,66,24,42
10/22/2018 15:00,153,51,102
10/22/2018 16:00,317,89,228
10/22/2018 17:00,601,155,446
10/22/2018 18:00,372,94,278
10/22/2018 19:00,148,51,97
10/22/2018 20:00,66,27,39
10/22/2018 21:00,30,12,18
10/22/2018 22:00,20,5,15
10/22/2018 23:00,14,6,8
10/23/2018 0:00,4,0,4
10/23/2018 1:00,1,0,1
10/23/2018 2:00,4,2,2
10/23/2018 3:00,3,2,1
10/23/2018 4:00,9,4,5
10/23/2018 5:00,29,13,16
10/23/2018 6:00,161,77,84
10/23/2018 7:00,350,181,169
10/23/2018 8:00,567,259,308
10/23/2018 9:00,271,115,156
10/23/2018 10:00,92,43,49
10/23/2018 11:00,79,43,36
10/23/2018 12:00,95,52,43
10/23/2018 13:00,79,35,44
10/23/2018 14:00,79,29,50
10/23/2018 15:00,142,53,89
10/23/2018 16:00,297,88,209
10/23/2018 17:00,636,150,486
10/23/2018 18:00,318,75,243
10/23/2018 19:00,122,30,92
10/23/2018 20:00,66,21,45
10/23/2018 21:00,41,18,23
10/23/2018 22:00,25,6,19
10/23/2018 23:00,9,2,7
10/24/2018 0:00,5,1,4
10/24/2018 1:00,6,2,4
10/24/2018 2:00,1,0,1
10/24/2018 3:00,3,1,2
10/24/2018 4:00,10,5,5
10/24/2018 5:00,39,23,16
10/24/2018 6:00,136,66,70
10/24/2018 7:00,360,186,174
10/24/2018 8:00,526,252,274
10/24/2018 9:00,246,112,134
10/24/2018 10:00,103,43,60
10/24/2018 11:00,82,36,46
10/24/2018 12:00,83,30,53
10/24/2018 13:00,88,46,42
10/24/2018 14:00,93,47,46
10/24/2018 15:00,159,67,92
10/24/2018 16:00,350,124,226
10/24/2018 17:00,631,168,463
10/24/2018 18:00,346,100,246
10/24/2018 19:00,154,49,105
10/24/2018 20:00,100,37,63
10/24/2018 21:00,77,33,44
10/24/2018 22:00,25,12,13
10/24/2018 23:00,19,9,10
10/25/2018 0:00,7,5,2
10/25/2018 1:00,4,0,4
10/25/2018 2:00,5,2,3
10/25/2018 3:00,5,2,3
10/25/2018 4:00,9,8,1
10/25/2018 5:00,31,18,13
10/25/2018 6:00,124,68,56
10/25/2018 7:00,295,149,146
10/25/2018 8:00,377,178,199
10/25/2018 9:00,189,80,109
10/25/2018 10:00,75,32,43
10/25/2018 11:00,38,22,16
10/25/2018 12:00,38,18,20
10/25/2018 13:00,37,18,19
10/25/2018 14:00,59,25,34
10/25/2018 15:00,98,34,64
10/25/2018 16:00,221,64,157
10/25/2018 17:00,439,110,329
10/25/2018 18:00,239,62,177
10/25/2018 19:00,117,35,82
10/25/2018 20:00,48,11,37
10/25/2018 21:00,49,8,41
10/25/2018 22:00,17,8,9
10/25/2018 23:00,12,4,8
10/26/2018 0:00,4,4,0
10/26/2018 1:00,5,1,4
10/26/2018 2:00,0,0,0
10/26/2018 3:00,1,1,0
10/26/2018 4:00,11,5,6
10/26/2018 5:00,21,11,10
10/26/2018 6:00,101,57,44
10/26/2018 7:00,252,121,131
10/26/2018 8:00,391,168,223
10/26/2018 9:00,205,104,101
10/26/2018 10:00,77,39,38
10/26/2018 11:00,50,23,27
10/26/2018 12:00,59,27,32
10/26/2018 13:00,97,32,65
10/26/2018 14:00,104,45,59
10/26/2018 15:00,143,65,78
10/26/2018 16:00,283,80,203
10/26/2018 17:00,442,121,321
10/26/2018 18:00,216,67,149
10/26/2018 19:00,91,27,64
10/26/2018 20:00,39,15,24
10/26/2018 21:00,36,19,17
10/26/2018 22:00,29,12,17
10/26/2018 23:00,16,6,10
10/27/2018 0:00,19,7,12
10/27/2018 1:00,8,3,5
10/27/2018 2:00,7,3,4
10/27/2018 3:00,4,1,3
10/27/2018 4:00,7,2,5
10/27/2018 5:00,16,4,12
10/27/2018 6:00,15,5,10
10/27/2018 7:00,24,9,15
10/27/2018 8:00,69,35,34
10/27/2018 9:00,61,26,35
10/27/2018 10:00,89,55,34
10/27/2018 11:00,87,50,37
10/27/2018 12:00,131,66,65
10/27/2018 13:00,146,84,62
10/27/2018 14:00,138,82,56
10/27/2018 15:00,93,46,47
10/27/2018 16:00,69,26,43
10/27/2018 17:00,44,25,19
10/27/2018 18:00,26,11,15
10/27/2018 19:00,16,7,9
10/27/2018 20:00,6,6,0
10/27/2018 21:00,8,3,5
10/27/2018 22:00,7,4,3
10/27/2018 23:00,7,1,6
10/28/2018 0:00,8,4,4
10/28/2018 1:00,8,2,6
10/28/2018 2:00,2,1,1
10/28/2018 3:00,4,2,2
10/28/2018 4:00,2,0,2
10/28/2018 5:00,3,1,2
10/28/2018 6:00,6,4,2
10/28/2018 7:00,8,4,4
10/28/2018 8:00,29,11,18
10/28/2018 9:00,37,14,23
10/28/2018 10:00,42,20,22
10/28/2018 11:00,42,19,23
10/28/2018 12:00,66,36,30
10/28/2018 13:00,88,37,51
10/28/2018 14:00,73,38,35
10/28/2018 15:00,58,27,31
10/28/2018 16:00,58,26,32
10/28/2018 17:00,33,20,13
10/28/2018 18:00,17,10,7
10/28/2018 19:00,9,3,6
10/28/2018 20:00,13,9,4
10/28/2018 21:00,10,1,9
10/28/2018 22:00,9,5,4
10/28/2018 23:00,8,3,5
10/29/2018 0:00,0,0,0
10/29/2018 1:00,1,0,1
10/29/2018 2:00,3,3,0
10/29/2018 3:00,1,0,1
10/29/2018 4:00,18,9,9
10/29/2018 5:00,32,20,12
10/29/2018 6:00,140,70,70
10/29/2018 7:00,304,149,155
10/29/2018 8:00,510,248,262
10/29/2018 9:00,274,140,134
10/29/2018 10:00,115,59,56
10/29/2018 11:00,60,26,34
10/29/2018 12:00,66,31,35
10/29/2018 13:00,73,39,34
10/29/2018 14:00,55,24,31
10/29/2018 15:00,110,38,72
10/29/2018 16:00,273,70,203
10/29/2018 17:00,551,138,413
10/29/2018 18:00,302,80,222
10/29/2018 19:00,145,40,105
10/29/2018 20:00,69,27,42
10/29/2018 21:00,33,12,21
10/29/2018 22:00,21,11,10
10/29/2018 23:00,17,8,9
10/30/2018 0:00,10,8,2
10/30/2018 1:00,4,1,3
10/30/2018 2:00,4,3,1
10/30/2018 3:00,1,1,0
10/30/2018 4:00,16,9,7
10/30/2018 5:00,30,16,14
10/30/2018 6:00,147,73,74
10/30/2018 7:00,345,164,181
10/30/2018 8:00,546,256,290
10/30/2018 9:00,264,121,143
10/30/2018 10:00,104,47,57
10/30/2018 11:00,71,41,30
10/30/2018 12:00,72,35,37
10/30/2018 13:00,86,32,54
10/30/2018 14:00,75,36,39
10/30/2018 15:00,137,44,93
10/30/2018 16:00,298,85,213
10/30/2018 17:00,606,163,443
10/30/2018 18:00,390,86,304
10/30/2018 19:00,150,46,104
10/30/2018 20:00,77,26,51
10/30/2018 21:00,35,13,22
10/30/2018 22:00,31,15,16
10/30/2018 23:00,16,7,9
10/31/2018 0:00,8,2,6
10/31/2018 1:00,4,2,2
10/31/2018 2:00,2,0,2
10/31/2018 3:00,2,2,0
10/31/2018 4:00,10,4,6
10/31/2018 5:00,33,18,15
10/31/2018 6:00,117,62,55
10/31/2018 7:00,326,163,163
10/31/2018 8:00,465,210,255
10/31/2018 9:00,228,101,127
10/31/2018 10:00,97,40,57
10/31/2018 11:00,62,30,32
10/31/2018 12:00,55,25,30
10/31/2018 13:00,76,28,48
10/31/2018 14:00,87,32,55
10/31/2018 15:00,156,56,100
10/31/2018 16:00,347,79,268
10/31/2018 17:00,481,116,365
10/31/2018 18:00,253,77,176
10/31/2018 19:00,81,23,58
10/31/2018 20:00,47,16,31
10/31/2018 21:00,34,15,19
10/31/2018 22:00,27,12,15
10/31/2018 23:00,20,9,11
11/1/2018 0:00,7,1,6
11/1/2018 1:00,2,0,2
11/1/2018 2:00,3,2,1
11/1/2018 3:00,4,3,1
11/1/2018 4:00,11,5,6
11/1/2018 5:00,28,11,17
11/1/2018 6:00,119,57,62
11/1/2018 7:00,306,146,160
11/1/2018 8:00,503,240,263
11/1/2018 9:00,251,122,129
11/1/2018 10:00,85,39,46
11/1/2018 11:00,64,35,29
11/1/2018 12:00,69,37,32
11/1/2018 13:00,47,24,23
11/1/2018 14:00,72,19,53
11/1/2018 15:00,116,46,70
11/1/2018 16:00,261,70,191
11/1/2018 17:00,500,130,370
11/1/2018 18:00,325,84,241
11/1/2018 19:00,165,44,121
11/1/2018 20:00,68,23,45
11/1/2018 21:00,40,17,23
11/1/2018 22:00,29,8,21
11/1/2018 23:00,13,4,9
11/2/2018 0:00,3,2,1
11/2/2018 1:00,4,1,3
11/2/2018 2:00,1,0,1
11/2/2018 3:00,1,1,0
11/2/2018 4:00,10,4,6
11/2/2018 5:00,25,15,10
11/2/2018 6:00,86,40,46
11/2/2018 7:00,270,127,143
11/2/2018 8:00,458,211,247
11/2/2018 9:00,211,100,111
11/2/2018 10:00,83,36,47
11/2/2018 11:00,52,24,28
11/2/2018 12:00,73,38,35
11/2/2018 13:00,54,19,35
11/2/2018 14:00,97,37,60
11/2/2018 15:00,137,44,93
11/2/2018 16:00,287,71,216
11/2/2018 17:00,492,120,372
11/2/2018 18:00,264,77,187
11/2/2018 19:00,89,25,64
11/2/2018 20:00,46,14,32
11/2/2018 21:00,28,9,19
11/2/2018 22:00,23,6,17
11/2/2018 23:00,23,8,15
11/3/2018 0:00,20,9,11
11/3/2018 1:00,7,1,6
11/3/2018 2:00,6,4,2
11/3/2018 3:00,4,2,2
11/3/2018 4:00,8,1,7
11/3/2018 5:00,3,1,2
11/3/2018 6:00,14,5,9
11/3/2018 7:00,25,10,15
11/3/2018 8:00,39,22,17
11/3/2018 9:00,49,24,25
11/3/2018 10:00,48,30,18
11/3/2018 11:00,57,33,24
11/3/2018 12:00,58,33,25
11/3/2018 13:00,40,22,18
11/3/2018 14:00,36,19,17
11/3/2018 15:00,48,18,30
11/3/2018 16:00,49,22,27
11/3/2018 17:00,59,31,28
11/3/2018 18:00,21,9,12
11/3/2018 19:00,20,11,9
11/3/2018 20:00,17,8,9
11/3/2018 21:00,16,6,10
11/3/2018 22:00,24,14,10
11/3/2018 23:00,13,7,6
11/4/2018 0:00,3,1,2
11/4/2018 1:00,9,5,4
11/4/2018 2:00,0,0,0
11/4/2018 3:00,1,0,1
11/4/2018 4:00,5,1,4
11/4/2018 5:00,7,3,4
11/4/2018 6:00,11,8,3
11/4/2018 7:00,22,15,7
11/4/2018 8:00,55,28,27
11/4/2018 9:00,83,44,39
11/4/2018 10:00,106,53,53
11/4/2018 11:00,124,70,54
11/4/2018 12:00,110,54,56
11/4/2018 13:00,150,77,73
11/4/2018 14:00,136,61,75
11/4/2018 15:00,115,62,53
11/4/2018 16:00,115,53,62
11/4/2018 17:00,60,25,35
11/4/2018 18:00,40,18,22
11/4/2018 19:00,23,12,11
11/4/2018 20:00,9,5,4
11/4/2018 21:00,13,2,11
11/4/2018 22:00,11,3,8
11/4/2018 23:00,12,9,3
11/5/2018 0:00,7,4,3
11/5/2018 1:00,1,0,1
11/5/2018 2:00,1,1,0
11/5/2018 3:00,3,1,2
11/5/2018 4:00,0,0,0
11/5/2018 5:00,45,26,19
11/5/2018 6:00,142,81,61
11/5/2018 7:00,366,179,187
11/5/2018 8:00,536,262,274
11/5/2018 9:00,242,108,134
11/5/2018 10:00,95,43,52
11/5/2018 11:00,53,24,29
11/5/2018 12:00,75,32,43
11/5/2018 13:00,66,30,36
11/5/2018 14:00,88,31,57
11/5/2018 15:00,133,54,79
11/5/2018 16:00,297,79,218
11/5/2018 17:00,571,141,430
11/5/2018 18:00,315,67,248
11/5/2018 19:00,117,34,83
11/5/2018 20:00,68,26,42
11/5/2018 21:00,50,26,24
11/5/2018 22:00,24,11,13
11/5/2018 23:00,12,4,8
11/6/2018 0:00,3,0,3
11/6/2018 1:00,1,0,1
11/6/2018 2:00,1,1,0
11/6/2018 3:00,3,1,2
11/6/2018 4:00,9,6,3
11/6/2018 5:00,38,19,19
11/6/2018 6:00,150,77,73
11/6/2018 7:00,449,222,227
11/6/2018 8:00,539,256,283
11/6/2018 9:00,213,107,106
11/6/2018 10:00,91,42,49
11/6/2018 11:00,64,28,36
11/6/2018 12:00,87,42,45
11/6/2018 13:00,73,29,44
11/6/2018 14:00,92,45,47
11/6/2018 15:00,143,65,78
11/6/2018 16:00,347,93,254
11/6/2018 17:00,596,134,462
11/6/2018 18:00,351,84,267
11/6/2018 19:00,115,35,80
11/6/2018 20:00,79,35,44
11/6/2018 21:00,47,13,34
11/6/2018 22:00,36,13,23
11/6/2018 23:00,12,1,11
11/7/2018 0:00,6,3,3
11/7/2018 1:00,2,0,2
11/7/2018 2:00,1,0,1
11/7/2018 3:00,2,1,1
11/7/2018 4:00,10,7,3
11/7/2018 5:00,41,23,18
11/7/2018 6:00,149,82,67
11/7/2018 7:00,383,191,192
11/7/2018 8:00,532,251,281
11/7/2018 9:00,277,132,145
11/7/2018 10:00,111,53,58
11/7/2018 11:00,79,29,50
11/7/2018 12:00,75,34,41
11/7/2018 13:00,91,38,53
11/7/2018 14:00,86,42,44
11/7/2018 15:00,139,59,80
11/7/2018 16:00,346,98,248
11/7/2018 17:00,556,133,423
11/7/2018 18:00,366,90,276
11/7/2018 19:00,136,49,87
11/7/2018 20:00,62,12,50
11/7/2018 21:00,41,8,33
11/7/2018 22:00,32,9,23
11/7/2018 23:00,15,3,12
11/8/2018 0:00,3,2,1
11/8/2018 1:00,8,2,6
11/8/2018 2:00,1,1,0
11/8/2018 3:00,4,2,2
11/8/2018 4:00,10,5,5
11/8/2018 5:00,41,21,20
11/8/2018 6:00,131,70,61
11/8/2018 7:00,332,166,166
11/8/2018 8:00,471,241,230
11/8/2018 9:00,241,102,139
11/8/2018 10:00,82,29,53
11/8/2018 11:00,91,39,52
11/8/2018 12:00,71,37,34
11/8/2018 13:00,95,38,57
11/8/2018 14:00,111,36,75
11/8/2018 15:00,177,83,94
11/8/2018 16:00,317,93,224
11/8/2018 17:00,525,130,395
11/8/2018 18:00,292,72,220
11/8/2018 19:00,134,34,100
11/8/2018 20:00,68,14,54
11/8/2018 21:00,64,26,38
11/8/2018 22:00,26,12,14
11/8/2018 23:00,32,8,24
11/9/2018 0:00,12,2,10
11/9/2018 1:00,3,1,2
11/9/2018 2:00,1,0,1
11/9/2018 3:00,3,1,2
11/9/2018 4:00,13,5,8
11/9/2018 5:00,25,16,9
11/9/2018 6:00,98,52,46
11/9/2018 7:00,268,133,135
11/9/2018 8:00,406,197,209
11/9/2018 9:00,178,79,99
11/9/2018 10:00,69,28,41
11/9/2018 11:00,35,11,24
11/9/2018 12:00,37,20,17
11/9/2018 13:00,65,24,41
11/9/2018 14:00,77,17,60
11/9/2018 15:00,133,51,82
11/9/2018 16:00,262,58,204
11/9/2018 17:00,389,100,289
11/9/2018 18:00,228,44,184
11/9/2018 19:00,94,32,62
11/9/2018 20:00,35,12,23
11/9/2018 21:00,26,6,20
11/9/2018 22:00,27,11,16
11/9/2018 23:00,15,4,11
11/10/2018 0:00,10,5,5
11/10/2018 1:00,7,3,4
11/10/2018 2:00,4,3,1
11/10/2018 3:00,2,1,1
11/10/2018 4:00,4,1,3
11/10/2018 5:00,9,2,7
11/10/2018 6:00,17,7,10
11/10/2018 7:00,29,14,15
11/10/2018 8:00,57,33,24
11/10/2018 9:00,69,37,32
11/10/2018 10:00,71,42,29
11/10/2018 11:00,98,50,48
11/10/2018 12:00,100,46,54
11/10/2018 13:00,124,64,60
11/10/2018 14:00,123,62,61
11/10/2018 15:00,121,60,61
11/10/2018 16:00,120,55,65
11/10/2018 17:00,55,20,35
11/10/2018 18:00,46,20,26
11/10/2018 19:00,18,4,14
11/10/2018 20:00,19,7,12
11/10/2018 21:00,27,4,23
11/10/2018 22:00,11,7,4
11/10/2018 23:00,23,6,17
11/11/2018 0:00,7,2,5
11/11/2018 1:00,6,3,3
11/11/2018 2:00,4,0,4
11/11/2018 3:00,0,0,0
11/11/2018 4:00,4,1,3
11/11/2018 5:00,5,2,3
11/11/2018 6:00,9,4,5
11/11/2018 7:00,24,13,11
11/11/2018 8:00,55,22,33
11/11/2018 9:00,42,26,16
11/11/2018 10:00,88,48,40
11/11/2018 11:00,120,62,58
11/11/2018 12:00,135,63,72
11/11/2018 13:00,141,73,68
11/11/2018 14:00,121,62,59
11/11/2018 15:00,115,63,52
11/11/2018 16:00,82,44,38
11/11/2018 17:00,48,16,32
11/11/2018 18:00,40,15,25
11/11/2018 19:00,19,10,9
11/11/2018 20:00,20,9,11
11/11/2018 21:00,15,9,6
11/11/2018 22:00,10,6,4
11/11/2018 23:00,10,2,8
11/12/2018 0:00,7,3,4
11/12/2018 1:00,5,2,3
11/12/2018 2:00,0,0,0
11/12/2018 3:00,1,1,0
11/12/2018 4:00,10,5,5
11/12/2018 5:00,31,14,17
11/12/2018 6:00,92,51,41
11/12/2018 7:00,248,113,135
11/12/2018 8:00,410,204,206
11/12/2018 9:00,235,97,138
11/12/2018 10:00,106,41,65
11/12/2018 11:00,90,44,46
11/12/2018 12:00,69,34,35
11/12/2018 13:00,100,52,48
11/12/2018 14:00,113,55,58
11/12/2018 15:00,171,74,97
11/12/2018 16:00,283,71,212
11/12/2018 17:00,425,96,329
11/12/2018 18:00,285,69,216
11/12/2018 19:00,85,21,64
11/12/2018 20:00,49,20,29
11/12/2018 21:00,28,6,22
11/12/2018 22:00,19,8,11
11/12/2018 23:00,10,2,8
11/13/2018 0:00,2,0,2
11/13/2018 1:00,0,0,0
11/13/2018 2:00,3,2,1
11/13/2018 3:00,2,1,1
11/13/2018 4:00,10,5,5
11/13/2018 5:00,35,19,16
11/13/2018 6:00,151,77,74
11/13/2018 7:00,331,159,172
11/13/2018 8:00,550,269,281
11/13/2018 9:00,282,137,145
11/13/2018 10:00,108,37,71
11/13/2018 11:00,75,33,42
11/13/2018 12:00,68,35,33
11/13/2018 13:00,75,24,51
11/13/2018 14:00,102,38,64
11/13/2018 15:00,168,66,102
11/13/2018 16:00,331,93,238
11/13/2018 17:00,525,117,408
11/13/2018 18:00,338,86,252
11/13/2018 19:00,153,43,110
11/13/2018 20:00,81,27,54
11/13/2018 21:00,36,12,24
11/13/2018 22:00,21,7,14
11/13/2018 23:00,10,3,7
11/14/2018 0:00,5,1,4
11/14/2018 1:00,1,0,1
11/14/2018 2:00,3,0,3
11/14/2018 3:00,3,1,2
11/14/2018 4:00,5,4,1
11/14/2018 5:00,27,14,13
11/14/2018 6:00,129,72,57
11/14/2018 7:00,284,141,143
11/14/2018 8:00,395,170,225
11/14/2018 9:00,228,104,124
11/14/2018 10:00,81,40,41
11/14/2018 11:00,54,27,27
11/14/2018 12:00,48,25,23
11/14/2018 13:00,65,22,43
11/14/2018 14:00,60,28,32
11/14/2018 15:00,113,42,71
11/14/2018 16:00,248,65,183
11/14/2018 17:00,428,95,333
11/14/2018 18:00,305,87,218
11/14/2018 19:00,104,23,81
11/14/2018 20:00,63,32,31
11/14/2018 21:00,50,19,31
11/14/2018 22:00,25,8,17
11/14/2018 23:00,14,7,7
11/15/2018 0:00,4,3,1
11/15/2018 1:00,1,0,1
11/15/2018 2:00,5,1,4
11/15/2018 3:00,1,1,0
11/15/2018 4:00,10,7,3
11/15/2018 5:00,33,14,19
11/15/2018 6:00,119,65,54
11/15/2018 7:00,304,148,156
11/15/2018 8:00,483,243,240
11/15/2018 9:00,245,127,118
11/15/2018 10:00,101,43,58
11/15/2018 11:00,71,27,44
11/15/2018 12:00,82,42,40
11/15/2018 13:00,83,34,49
11/15/2018 14:00,87,30,57
11/15/2018 15:00,147,56,91
11/15/2018 16:00,305,79,226
11/15/2018 17:00,508,115,393
11/15/2018 18:00,307,81,226
11/15/2018 19:00,149,41,108
11/15/2018 20:00,85,19,66
11/15/2018 21:00,56,15,41
11/15/2018 22:00,31,8,23
11/15/2018 23:00,18,4,14
11/16/2018 0:00,6,1,5
11/16/2018 1:00,5,2,3
11/16/2018 2:00,3,2,1
11/16/2018 3:00,1,1,0
11/16/2018 4:00,9,3,6
11/16/2018 5:00,28,14,14
11/16/2018 6:00,122,65,57
11/16/2018 7:00,258,128,130
11/16/2018 8:00,452,227,225
11/16/2018 9:00,224,101,123
11/16/2018 10:00,86,32,54
11/16/2018 11:00,70,33,37
11/16/2018 12:00,71,23,48
11/16/2018 13:00,73,31,42
11/16/2018 14:00,85,34,51
11/16/2018 15:00,162,51,111
11/16/2018 16:00,325,79,246
11/16/2018 17:00,434,110,324
11/16/2018 18:00,255,74,181
11/16/2018 19:00,86,22,64
11/16/2018 20:00,69,22,47
11/16/2018 21:00,40,17,23
11/16/2018 22:00,27,11,16
11/16/2018 23:00,27,12,15
11/17/2018 0:00,28,12,16
11/17/2018 1:00,14,8,6
11/17/2018 2:00,3,1,2
11/17/2018 3:00,7,2,5
11/17/2018 4:00,3,0,3
11/17/2018 5:00,5,2,3
11/17/2018 6:00,21,9,12
11/17/2018 7:00,37,16,21
11/17/2018 8:00,77,34,43
11/17/2018 9:00,73,39,34
11/17/2018 10:00,125,66,59
11/17/2018 11:00,175,83,92
11/17/2018 12:00,144,71,73
11/17/2018 13:00,178,84,94
11/17/2018 14:00,200,107,93
11/17/2018 15:00,186,111,75
11/17/2018 16:00,154,75,79
11/17/2018 17:00,80,35,45
11/17/2018 18:00,48,24,24
11/17/2018 19:00,29,19,10
11/17/2018 20:00,31,12,19
11/17/2018 21:00,17,8,9
11/17/2018 22:00,23,11,12
11/17/2018 23:00,15,8,7
11/18/2018 0:00,11,4,7
11/18/2018 1:00,9,5,4
11/18/2018 2:00,0,0,0
11/18/2018 3:00,2,1,1
11/18/2018 4:00,3,0,3
11/18/2018 5:00,6,2,4
11/18/2018 6:00,17,8,9
11/18/2018 7:00,21,14,7
11/18/2018 8:00,76,35,41
11/18/2018 9:00,76,32,44
11/18/2018 10:00,112,51,61
11/18/2018 11:00,128,67,61
11/18/2018 12:00,160,77,83
11/18/2018 13:00,186,85,101
11/18/2018 14:00,168,85,83
11/18/2018 15:00,140,81,59
11/18/2018 16:00,104,55,49
11/18/2018 17:00,69,45,24
11/18/2018 18:00,43,21,22
11/18/2018 19:00,19,8,11
11/18/2018 20:00,28,9,19
11/18/2018 21:00,11,6,5
11/18/2018 22:00,5,5,0
11/18/2018 23:00,7,6,1
11/19/2018 0:00,6,1,5
11/19/2018 1:00,0,0,0
11/19/2018 2:00,0,0,0
11/19/2018 3:00,0,0,0
11/19/2018 4:00,13,8,5
11/19/2018 5:00,35,23,12
11/19/2018 6:00,114,54,60
11/19/2018 7:00,338,163,175
11/19/2018 8:00,480,216,264
11/19/2018 9:00,281,118,163
11/19/2018 10:00,115,50,65
11/19/2018 11:00,85,37,48
11/19/2018 12:00,90,43,47
11/19/2018 13:00,89,35,54
11/19/2018 14:00,98,48,50
11/19/2018 15:00,163,66,97
11/19/2018 16:00,339,74,265
11/19/2018 17:00,505,109,396
11/19/2018 18:00,291,75,216
11/19/2018 19:00,120,42,78
11/19/2018 20:00,76,21,55
11/19/2018 21:00,50,13,37
11/19/2018 22:00,19,8,11
11/19/2018 23:00,12,5,7
11/20/2018 0:00,6,1,5
11/20/2018 1:00,0,0,0
11/20/2018 2:00,2,1,1
11/20/2018 3:00,5,2,3
11/20/2018 4:00,9,4,5
11/20/2018 5:00,31,16,15
11/20/2018 6:00,126,61,65
11/20/2018 7:00,298,147,151
11/20/2018 8:00,431,205,226
11/20/2018 9:00,245,110,135
11/20/2018 10:00,105,44,61
11/20/2018 11:00,81,33,48
11/20/2018 12:00,78,35,43
11/20/2018 13:00,81,38,43
11/20/2018 14:00,98,44,54
11/20/2018 15:00,138,55,83
11/20/2018 16:00,319,83,236
11/20/2018 17:00,480,87,393
11/20/2018 18:00,291,64,227
11/20/2018 19:00,100,27,73
11/20/2018 20:00,53,15,38
11/20/2018 21:00,38,14,24
11/20/2018 22:00,13,10,3
11/20/2018 23:00,22,7,15
11/21/2018 0:00,7,1,6
11/21/2018 1:00,0,0,0
11/21/2018 2:00,1,0,1
11/21/2018 3:00,4,2,2
11/21/2018 4:00,6,2,4
11/21/2018 5:00,33,19,14
11/21/2018 6:00,76,32,44
11/21/2018 7:00,197,87,110
11/21/2018 8:00,289,126,163
11/21/2018 9:00,125,57,68
11/21/2018 10:00,47,17,30
11/21/2018 11:00,34,15,19
11/21/2018 12:00,37,14,23
11/21/2018 13:00,67,22,45
11/21/2018 14:00,113,30,83
11/21/2018 15:00,157,55,102
11/21/2018 16:00,225,53,172
11/21/2018 17:00,226,50,176
11/21/2018 18:00,124,43,81
11/21/2018 19:00,43,13,30
11/21/2018 20:00,27,13,14
11/21/2018 21:00,23,15,8
11/21/2018 22:00,11,3,8
11/21/2018 23:00,7,4,3
11/22/2018 0:00,3,1,2
11/22/2018 1:00,2,1,1
11/22/2018 2:00,1,1,0
11/22/2018 3:00,2,2,0
11/22/2018 4:00,3,0,3
11/22/2018 5:00,3,1,2
11/22/2018 6:00,6,4,2
11/22/2018 7:00,13,4,9
11/22/2018 8:00,26,15,11
11/22/2018 9:00,51,27,24
11/22/2018 10:00,49,24,25
11/22/2018 11:00,43,18,25
11/22/2018 12:00,47,23,24
11/22/2018 13:00,20,4,16
11/22/2018 14:00,15,7,8
11/22/2018 15:00,8,3,5
11/22/2018 16:00,2,1,1
11/22/2018 17:00,4,0,4
11/22/2018 18:00,4,3,1
11/22/2018 19:00,7,4,3
11/22/2018 20:00,1,1,0
11/22/2018 21:00,3,1,2
11/22/2018 22:00,9,2,7
11/22/2018 23:00,3,2,1
11/23/2018 0:00,1,0,1
11/23/2018 1:00,0,0,0
11/23/2018 2:00,0,0,0
11/23/2018 3:00,0,0,0
11/23/2018 4:00,3,0,3
11/23/2018 5:00,4,1,3
11/23/2018 6:00,10,4,6
11/23/2018 7:00,23,10,13
11/23/2018 8:00,43,22,21
11/23/2018 9:00,37,22,15
11/23/2018 10:00,37,18,19
11/23/2018 11:00,41,17,24
11/23/2018 12:00,62,22,40
11/23/2018 13:00,76,40,36
11/23/2018 14:00,53,31,22
11/23/2018 15:00,35,18,17
11/23/2018 16:00,42,15,27
11/23/2018 17:00,39,16,23
11/23/2018 18:00,33,14,19
11/23/2018 19:00,20,6,14
11/23/2018 20:00,13,5,8
11/23/2018 21:00,7,2,5
11/23/2018 22:00,12,4,8
11/23/2018 23:00,8,1,7
11/24/2018 0:00,3,2,1
11/24/2018 1:00,5,2,3
11/24/2018 2:00,1,1,0
11/24/2018 3:00,4,2,2
11/24/2018 4:00,3,1,2
11/24/2018 5:00,3,1,2
11/24/2018 6:00,15,5,10
11/24/2018 7:00,24,12,12
11/24/2018 8:00,32,12,20
11/24/2018 9:00,51,27,24
11/24/2018 10:00,77,47,30
11/24/2018 11:00,110,40,70
11/24/2018 12:00,99,42,57
11/24/2018 13:00,118,55,63
11/24/2018 14:00,113,58,55
11/24/2018 15:00,121,61,60
11/24/2018 16:00,87,36,51
11/24/2018 17:00,41,11,30
11/24/2018 18:00,26,13,13
11/24/2018 19:00,25,10,15
11/24/2018 20:00,12,5,7
11/24/2018 21:00,15,6,9
11/24/2018 22:00,15,8,7
11/24/2018 23:00,13,2,11
11/25/2018 0:00,5,1,4
11/25/2018 1:00,5,1,4
11/25/2018 2:00,1,0,1
11/25/2018 3:00,0,0,0
11/25/2018 4:00,6,1,5
11/25/2018 5:00,1,0,1
11/25/2018 6:00,17,10,7
11/25/2018 7:00,18,10,8
11/25/2018 8:00,56,10,46
11/25/2018 9:00,80,42,38
11/25/2018 10:00,94,43,51
11/25/2018 11:00,110,66,44
11/25/2018 12:00,89,43,46
11/25/2018 13:00,87,42,45
11/25/2018 14:00,87,49,38
11/25/2018 15:00,83,47,36
11/25/2018 16:00,77,38,39
11/25/2018 17:00,34,17,17
11/25/2018 18:00,26,16,10
11/25/2018 19:00,18,8,10
11/25/2018 20:00,10,3,7
11/25/2018 21:00,8,6,2
11/25/2018 22:00,9,4,5
11/25/2018 23:00,10,6,4
11/26/2018 0:00,3,0,3
11/26/2018 1:00,3,1,2
11/26/2018 2:00,2,0,2
11/26/2018 3:00,0,0,0
11/26/2018 4:00,5,2,3
11/26/2018 5:00,34,21,13
11/26/2018 6:00,102,58,44
11/26/2018 7:00,221,101,120
11/26/2018 8:00,359,166,193
11/26/2018 9:00,146,62,84
11/26/2018 10:00,54,22,32
11/26/2018 11:00,24,10,14
11/26/2018 12:00,21,9,12
11/26/2018 13:00,29,15,14
11/26/2018 14:00,31,10,21
11/26/2018 15:00,68,23,45
11/26/2018 16:00,169,35,134
11/26/2018 17:00,340,68,272
11/26/2018 18:00,194,34,160
11/26/2018 19:00,87,24,63
11/26/2018 20:00,25,6,19
11/26/2018 21:00,20,2,18
11/26/2018 22:00,7,4,3
11/26/2018 23:00,5,1,4
11/27/2018 0:00,4,0,4
11/27/2018 1:00,1,0,1
11/27/2018 2:00,0,0,0
11/27/2018 3:00,2,1,1
11/27/2018 4:00,3,1,2
11/27/2018 5:00,24,11,13
11/27/2018 6:00,90,54,36
11/27/2018 7:00,251,129,122
11/27/2018 8:00,432,214,218
11/27/2018 9:00,240,113,127
11/27/2018 10:00,78,36,42
11/27/2018 11:00,60,31,29
11/27/2018 12:00,55,25,30
11/27/2018 13:00,73,31,42
11/27/2018 14:00,61,30,31
11/27/2018 15:00,96,44,52
11/27/2018 16:00,223,62,161
11/27/2018 17:00,427,93,334
11/27/2018 18:00,259,60,199
11/27/2018 19:00,96,30,66
11/27/2018 20:00,47,16,31
11/27/2018 21:00,26,10,16
11/27/2018 22:00,17,4,13
11/27/2018 23:00,9,0,9
11/28/2018 0:00,1,1,0
11/28/2018 1:00,4,1,3
11/28/2018 2:00,2,0,2
11/28/2018 3:00,2,1,1
11/28/2018 4:00,4,2,2
11/28/2018 5:00,28,15,13
11/28/2018 6:00,89,47,42
11/28/2018 7:00,266,139,127
11/28/2018 8:00,369,174,195
11/28/2018 9:00,187,82,105
11/28/2018 10:00,63,30,33
11/28/2018 11:00,35,14,21
11/28/2018 12:00,30,11,19
11/28/2018 13:00,41,19,22
11/28/2018 14:00,55,20,35
11/28/2018 15:00,71,28,43
11/28/2018 16:00,206,55,151
11/28/2018 17:00,398,99,299
11/28/2018 18:00,263,72,191
11/28/2018 19:00,121,29,92
11/28/2018 20:00,52,22,30
11/28/2018 21:00,31,10,21
11/28/2018 22:00,20,9,11
11/28/2018 23:00,13,5,8
11/29/2018 0:00,2,0,2
11/29/2018 1:00,3,1,2
11/29/2018 2:00,4,0,4
11/29/2018 3:00,4,1,3
11/29/2018 4:00,5,0,5
11/29/2018 5:00,36,21,15
11/29/2018 6:00,135,77,58
11/29/2018 7:00,310,155,155
11/29/2018 8:00,487,229,258
11/29/2018 9:00,241,104,137
11/29/2018 10:00,103,47,56
11/29/2018 11:00,83,40,43
11/29/2018 12:00,82,44,38
11/29/2018 13:00,74,35,39
11/29/2018 14:00,86,34,52
11/29/2018 15:00,151,64,87
11/29/2018 16:00,293,88,205
11/29/2018 17:00,523,122,401
11/29/2018 18:00,318,81,237
11/29/2018 19:00,141,41,100
11/29/2018 20:00,68,25,43
11/29/2018 21:00,51,15,36
11/29/2018 22:00,17,8,9
11/29/2018 23:00,19,3,16
11/30/2018 0:00,9,4,5
11/30/2018 1:00,3,0,3
11/30/2018 2:00,0,0,0
11/30/2018 3:00,3,1,2
11/30/2018 4:00,7,1,6
11/30/2018 5:00,20,9,11
11/30/2018 6:00,102,55,47
11/30/2018 7:00,235,110,125
11/30/2018 8:00,435,201,234
11/30/2018 9:00,210,91,119
11/30/2018 10:00,92,48,44
11/30/2018 11:00,71,33,38
11/30/2018 12:00,56,23,33
11/30/2018 13:00,76,34,42
11/30/2018 14:00,71,23,48
11/30/2018 15:00,138,51,87
11/30/2018 16:00,280,79,201
11/30/2018 17:00,433,86,347
11/30/2018 18:00,199,53,146
11/30/2018 19:00,75,22,53
11/30/2018 20:00,35,12,23
11/30/2018 21:00,28,11,17
11/30/2018 22:00,19,10,9
11/30/2018 23:00,14,5,9
12/1/2018 0:00,12,3,9
12/1/2018 1:00,9,8,1
12/1/2018 2:00,2,1,1
12/1/2018 3:00,4,0,4
12/1/2018 4:00,4,2,2
12/1/2018 5:00,3,1,2
12/1/2018 6:00,18,7,11
12/1/2018 7:00,26,12,14
12/1/2018 8:00,46,26,20
12/1/2018 9:00,57,34,23
12/1/2018 10:00,58,31,27
12/1/2018 11:00,66,33,33
12/1/2018 12:00,65,20,45
12/1/2018 13:00,74,43,31
12/1/2018 14:00,54,22,32
12/1/2018 15:00,67,34,33
12/1/2018 16:00,52,18,34
12/1/2018 17:00,48,23,25
12/1/2018 18:00,31,16,15
12/1/2018 19:00,14,9,5
12/1/2018 20:00,18,8,10
12/1/2018 21:00,17,8,9
12/1/2018 22:00,19,11,8
12/1/2018 23:00,10,4,6
12/2/2018 0:00,5,0,5
12/2/2018 1:00,6,1,5
12/2/2018 2:00,4,0,4
12/2/2018 3:00,1,0,1
12/2/2018 4:00,4,2,2
12/2/2018 5:00,4,1,3
12/2/2018 6:00,9,2,7
12/2/2018 7:00,26,12,14
12/2/2018 8:00,47,25,22
12/2/2018 9:00,47,23,24
12/2/2018 10:00,56,25,31
12/2/2018 11:00,52,37,15
12/2/2018 12:00,61,36,25
12/2/2018 13:00,57,33,24
12/2/2018 14:00,74,31,43
12/2/2018 15:00,68,31,37
12/2/2018 16:00,61,30,31
12/2/2018 17:00,40,17,23
12/2/2018 18:00,27,12,15
12/2/2018 19:00,20,8,12
12/2/2018 20:00,16,8,8
12/2/2018 21:00,9,3,6
12/2/2018 22:00,7,3,4
12/2/2018 23:00,4,0,4
12/3/2018 0:00,2,0,2
12/3/2018 1:00,1,1,0
12/3/2018 2:00,1,1,0
12/3/2018 3:00,0,0,0
12/3/2018 4:00,8,4,4
12/3/2018 5:00,32,19,13
12/3/2018 6:00,130,69,61
12/3/2018 7:00,281,149,132
12/3/2018 8:00,524,251,273
12/3/2018 9:00,246,95,151
12/3/2018 10:00,80,28,52
12/3/2018 11:00,54,32,22
12/3/2018 12:00,71,33,38
12/3/2018 13:00,71,37,34
12/3/2018 14:00,85,38,47
12/3/2018 15:00,141,54,87
12/3/2018 16:00,261,61,200
12/3/2018 17:00,508,115,393
12/3/2018 18:00,340,79,261
12/3/2018 19:00,131,41,90
12/3/2018 20:00,63,27,36
12/3/2018 21:00,37,12,25
12/3/2018 22:00,14,4,10
12/3/2018 23:00,10,6,4
12/4/2018 0:00,6,2,4
12/4/2018 1:00,0,0,0
12/4/2018 2:00,2,1,1
12/4/2018 3:00,3,2,1
12/4/2018 4:00,9,3,6
12/4/2018 5:00,26,12,14
12/4/2018 6:00,116,59,57
12/4/2018 7:00,286,156,130
12/4/2018 8:00,428,202,226
12/4/2018 9:00,258,106,152
12/4/2018 10:00,101,54,47
12/4/2018 11:00,73,29,44
12/4/2018 12:00,68,37,31
12/4/2018 13:00,64,27,37
12/4/2018 14:00,80,41,39
12/4/2018 15:00,105,42,63
12/4/2018 16:00,278,81,197
12/4/2018 17:00,460,96,364
12/4/2018 18:00,282,73,209
12/4/2018 19:00,126,30,96
12/4/2018 20:00,58,18,40
12/4/2018 21:00,33,8,25
12/4/2018 22:00,21,8,13
12/4/2018 23:00,10,2,8
12/5/2018 0:00,2,1,1
12/5/2018 1:00,2,1,1
12/5/2018 2:00,1,0,1
12/5/2018 3:00,3,1,2
12/5/2018 4:00,4,2,2
12/5/2018 5:00,23,15,8
12/5/2018 6:00,110,56,54
12/5/2018 7:00,283,135,148
12/5/2018 8:00,378,173,205
12/5/2018 9:00,203,81,122
12/5/2018 10:00,84,35,49
12/5/2018 11:00,66,43,23
12/5/2018 12:00,79,37,42
12/5/2018 13:00,62,26,36
12/5/2018 14:00,95,39,56
12/5/2018 15:00,118,45,73
12/5/2018 16:00,235,59,176
12/5/2018 17:00,436,113,323
12/5/2018 18:00,258,80,178
12/5/2018 19:00,108,27,81
12/5/2018 20:00,77,24,53
12/5/2018 21:00,38,13,25
12/5/2018 22:00,38,11,27
12/5/2018 23:00,14,4,10
12/6/2018 0:00,2,0,2
12/6/2018 1:00,1,1,0
12/6/2018 2:00,2,0,2
12/6/2018 3:00,1,1,0
12/6/2018 4:00,7,4,3
12/6/2018 5:00,30,20,10
12/6/2018 6:00,100,55,45
12/6/2018 7:00,233,108,125
12/6/2018 8:00,392,172,220
12/6/2018 9:00,232,102,130
12/6/2018 10:00,89,37,52
12/6/2018 11:00,62,26,36
12/6/2018 12:00,48,23,25
12/6/2018 13:00,67,32,35
12/6/2018 14:00,73,30,43
12/6/2018 15:00,135,55,80
12/6/2018 16:00,229,67,162
12/6/2018 17:00,381,84,297
12/6/2018 18:00,252,72,180
12/6/2018 19:00,126,33,93
12/6/2018 20:00,66,22,44
12/6/2018 21:00,35,8,27
12/6/2018 22:00,21,4,17
12/6/2018 23:00,8,3,5
12/7/2018 0:00,6,2,4
12/7/2018 1:00,3,1,2
12/7/2018 2:00,4,1,3
12/7/2018 3:00,3,2,1
12/7/2018 4:00,8,3,5
12/7/2018 5:00,18,10,8
12/7/2018 6:00,86,35,51
12/7/2018 7:00,207,101,106
12/7/2018 8:00,366,159,207
12/7/2018 9:00,223,92,131
12/7/2018 10:00,87,43,44
12/7/2018 11:00,78,39,39
12/7/2018 12:00,60,33,27
12/7/2018 13:00,64,25,39
12/7/2018 14:00,103,46,57
12/7/2018 15:00,120,37,83
12/7/2018 16:00,262,64,198
12/7/2018 17:00,381,90,291
12/7/2018 18:00,169,49,120
12/7/2018 19:00,80,28,52
12/7/2018 20:00,38,19,19
12/7/2018 21:00,15,2,13
12/7/2018 22:00,27,13,14
12/7/2018 23:00,22,8,14
12/8/2018 0:00,5,2,3
12/8/2018 1:00,5,1,4
12/8/2018 2:00,6,3,3
12/8/2018 3:00,2,0,2
12/8/2018 4:00,6,0,6
12/8/2018 5:00,3,0,3
12/8/2018 6:00,10,5,5
12/8/2018 7:00,19,6,13
12/8/2018 8:00,48,17,31
12/8/2018 9:00,40,25,15
12/8/2018 10:00,37,20,17
12/8/2018 11:00,85,41,44
12/8/2018 12:00,86,38,48
12/8/2018 13:00,83,43,40
12/8/2018 14:00,99,55,44
12/8/2018 15:00,84,38,46
12/8/2018 16:00,78,36,42
12/8/2018 17:00,34,19,15
12/8/2018 18:00,28,13,15
12/8/2018 19:00,20,8,12
12/8/2018 20:00,17,11,6
12/8/2018 21:00,12,3,9
12/8/2018 22:00,8,4,4
12/8/2018 23:00,11,5,6
12/9/2018 0:00,7,2,5
12/9/2018 1:00,3,0,3
12/9/2018 2:00,6,1,5
12/9/2018 3:00,0,0,0
12/9/2018 4:00,4,1,3
12/9/2018 5:00,4,0,4
12/9/2018 6:00,12,6,6
12/9/2018 7:00,14,7,7
12/9/2018 8:00,19,6,13
12/9/2018 9:00,21,12,9
12/9/2018 10:00,25,14,11
12/9/2018 11:00,22,17,5
12/9/2018 12:00,18,4,14
12/9/2018 13:00,21,12,9
12/9/2018 14:00,21,11,10
12/9/2018 15:00,14,11,3
12/9/2018 16:00,24,14,10
12/9/2018 17:00,11,5,6
12/9/2018 18:00,9,4,5
12/9/2018 19:00,12,9,3
12/9/2018 20:00,13,3,10
12/9/2018 21:00,6,5,1
12/9/2018 22:00,3,1,2
12/9/2018 23:00,3,2,1
12/10/2018 0:00,3,1,2
12/10/2018 1:00,1,1,0
12/10/2018 2:00,0,0,0
12/10/2018 3:00,2,2,0
12/10/2018 4:00,7,3,4
12/10/2018 5:00,38,22,16
12/10/2018 6:00,115,67,48
12/10/2018 7:00,262,131,131
12/10/2018 8:00,465,236,229
12/10/2018 9:00,230,98,132
12/10/2018 10:00,79,38,41
12/10/2018 11:00,44,21,23
12/10/2018 12:00,55,30,25
12/10/2018 13:00,70,36,34
12/10/2018 14:00,83,34,49
12/10/2018 15:00,120,43,77
12/10/2018 16:00,275,71,204
12/10/2018 17:00,481,113,368
12/10/2018 18:00,290,53,237
12/10/2018 19:00,102,32,70
12/10/2018 20:00,58,22,36
12/10/2018 21:00,34,12,22
12/10/2018 22:00,15,3,12
12/10/2018 23:00,4,1,3
12/11/2018 0:00,6,1,5
12/11/2018 1:00,3,1,2
12/11/2018 2:00,2,0,2
12/11/2018 3:00,2,2,0
12/11/2018 4:00,12,5,7
12/11/2018 5:00,26,13,13
12/11/2018 6:00,105,58,47
12/11/2018 7:00,220,111,109
12/11/2018 8:00,349,165,184
12/11/2018 9:00,180,76,104
12/11/2018 10:00,76,36,40
12/11/2018 11:00,32,18,14
12/11/2018 12:00,20,14,6
12/11/2018 13:00,31,18,13
12/11/2018 14:00,29,13,16
12/11/2018 15:00,76,25,51
12/11/2018 16:00,202,44,158
12/11/2018 17:00,350,75,275
12/11/2018 18:00,235,69,166
12/11/2018 19:00,82,20,62
12/11/2018 20:00,55,21,34
12/11/2018 21:00,28,12,16
12/11/2018 22:00,11,0,11
12/11/2018 23:00,14,3,11
12/12/2018 0:00,4,2,2
12/12/2018 1:00,6,4,2
12/12/2018 2:00,1,0,1
12/12/2018 3:00,3,1,2
12/12/2018 4:00,14,7,7
12/12/2018 5:00,31,19,12
12/12/2018 6:00,108,66,42
12/12/2018 7:00,307,145,162
12/12/2018 8:00,400,204,196
12/12/2018 9:00,188,83,105
12/12/2018 10:00,88,36,52
12/12/2018 11:00,57,28,29
12/12/2018 12:00,54,25,29
12/12/2018 13:00,62,29,33
12/12/2018 14:00,86,26,60
12/12/2018 15:00,105,28,77
12/12/2018 16:00,229,69,160
12/12/2018 17:00,400,98,302
12/12/2018 18:00,241,64,177
12/12/2018 19:00,109,35,74
12/12/2018 20:00,56,21,35
12/12/2018 21:00,29,10,19
12/12/2018 22:00,21,6,15
12/12/2018 23:00,5,1,4
12/13/2018 0:00,4,0,4
12/13/2018 1:00,0,0,0
12/13/2018 2:00,2,1,1
12/13/2018 3:00,4,1,3
12/13/2018 4:00,10,5,5
12/13/2018 5:00,28,15,13
12/13/2018 6:00,86,49,37
12/13/2018 7:00,221,113,108
12/13/2018 8:00,388,193,195
12/13/2018 9:00,172,71,101
12/13/2018 10:00,70,32,38
12/13/2018 11:00,44,19,25
12/13/2018 12:00,32,15,17
12/13/2018 13:00,41,17,24
12/13/2018 14:00,33,14,19
12/13/2018 15:00,92,31,61
12/13/2018 16:00,149,34,115
12/13/2018 17:00,350,71,279
12/13/2018 18:00,218,53,165
12/13/2018 19:00,107,31,76
12/13/2018 20:00,61,17,44
12/13/2018 21:00,34,9,25
12/13/2018 22:00,25,10,15
12/13/2018 23:00,11,3,8
12/14/2018 0:00,4,2,2
12/14/2018 1:00,3,2,1
12/14/2018 2:00,3,0,3
12/14/2018 3:00,7,3,4
12/14/2018 4:00,8,3,5
12/14/2018 5:00,25,12,13
12/14/2018 6:00,94,53,41
12/14/2018 7:00,221,109,112
12/14/2018 8:00,330,154,176
12/14/2018 9:00,196,84,112
12/14/2018 10:00,71,27,44
12/14/2018 11:00,60,22,38
12/14/2018 12:00,62,38,24
12/14/2018 13:00,70,34,36
12/14/2018 14:00,84,42,42
12/14/2018 15:00,116,47,69
12/14/2018 16:00,254,68,186
12/14/2018 17:00,328,62,266
12/14/2018 18:00,165,54,111
12/14/2018 19:00,62,14,48
12/14/2018 20:00,37,21,16
12/14/2018 21:00,25,7,18
12/14/2018 22:00,14,6,8
12/14/2018 23:00,15,6,9
12/15/2018 0:00,12,5,7
12/15/2018 1:00,3,2,1
12/15/2018 2:00,4,1,3
12/15/2018 3:00,3,1,2
12/15/2018 4:00,8,2,6
12/15/2018 5:00,4,3,1
12/15/2018 6:00,7,2,5
12/15/2018 7:00,20,8,12
12/15/2018 8:00,55,22,33
12/15/2018 9:00,62,26,36
12/15/2018 10:00,73,48,25
12/15/2018 11:00,105,52,53
12/15/2018 12:00,129,59,70
12/15/2018 13:00,113,59,54
12/15/2018 14:00,133,68,65
12/15/2018 15:00,86,43,43
12/15/2018 16:00,94,46,48
12/15/2018 17:00,46,25,21
12/15/2018 18:00,50,20,30
12/15/2018 19:00,21,6,15
12/15/2018 20:00,22,8,14
12/15/2018 21:00,23,10,13
12/15/2018 22:00,10,7,3
12/15/2018 23:00,10,3,7
12/16/2018 0:00,6,1,5
12/16/2018 1:00,4,0,4
12/16/2018 2:00,0,0,0
12/16/2018 3:00,5,2,3
12/16/2018 4:00,2,0,2
12/16/2018 5:00,3,1,2
12/16/2018 6:00,7,4,3
12/16/2018 7:00,6,4,2
12/16/2018 8:00,23,13,10
12/16/2018 9:00,21,10,11
12/16/2018 10:00,32,19,13
12/16/2018 11:00,43,26,17
12/16/2018 12:00,37,15,22
12/16/2018 13:00,42,19,23
12/16/2018 14:00,31,14,17
12/16/2018 15:00,17,9,8
12/16/2018 16:00,20,10,10
12/16/2018 17:00,15,6,9
12/16/2018 18:00,10,3,7
12/16/2018 19:00,4,1,3
12/16/2018 20:00,9,3,6
12/16/2018 21:00,5,5,0
12/16/2018 22:00,4,2,2
12/16/2018 23:00,6,1,5
12/17/2018 0:00,3,0,3
12/17/2018 1:00,2,0,2
12/17/2018 2:00,1,1,0
12/17/2018 3:00,2,1,1
12/17/2018 4:00,7,3,4
12/17/2018 5:00,25,15,10
12/17/2018 6:00,98,51,47
12/17/2018 7:00,250,134,116
12/17/2018 8:00,383,186,197
12/17/2018 9:00,208,90,118
12/17/2018 10:00,80,38,42
12/17/2018 11:00,68,32,36
12/17/2018 12:00,39,23,16
12/17/2018 13:00,65,30,35
12/17/2018 14:00,66,27,39
12/17/2018 15:00,100,30,70
12/17/2018 16:00,191,41,150
12/17/2018 17:00,387,82,305
12/17/2018 18:00,240,43,197
12/17/2018 19:00,90,17,73
12/17/2018 20:00,40,14,26
12/17/2018 21:00,13,4,9
12/17/2018 22:00,16,12,4
12/17/2018 23:00,1,0,1
12/18/2018 0:00,3,0,3
12/18/2018 1:00,3,1,2
12/18/2018 2:00,1,1,0
12/18/2018 3:00,0,0,0
12/18/2018 4:00,8,4,4
12/18/2018 5:00,21,9,12
12/18/2018 6:00,80,45,35
12/18/2018 7:00,187,90,97
12/18/2018 8:00,347,162,185
12/18/2018 9:00,181,71,110
12/18/2018 10:00,65,36,29
12/18/2018 11:00,49,26,23
12/18/2018 12:00,43,21,22
12/18/2018 13:00,30,13,17
12/18/2018 14:00,25,9,16
12/18/2018 15:00,72,23,49
12/18/2018 16:00,182,47,135
12/18/2018 17:00,287,57,230
12/18/2018 18:00,215,36,179
12/18/2018 19:00,79,20,59
12/18/2018 20:00,44,16,28
12/18/2018 21:00,23,5,18
12/18/2018 22:00,15,8,7
12/18/2018 23:00,6,1,5
12/19/2018 0:00,2,0,2
12/19/2018 1:00,5,3,2
12/19/2018 2:00,2,2,0
12/19/2018 3:00,4,2,2
12/19/2018 4:00,8,2,6
12/19/2018 5:00,27,14,13
12/19/2018 6:00,100,60,40
12/19/2018 7:00,247,122,125
12/19/2018 8:00,384,172,212
12/19/2018 9:00,169,90,79
12/19/2018 10:00,67,26,41
12/19/2018 11:00,39,13,26
12/19/2018 12:00,48,25,23
12/19/2018 13:00,56,31,25
12/19/2018 14:00,52,21,31
12/19/2018 15:00,100,40,60
12/19/2018 16:00,197,52,145
12/19/2018 17:00,384,90,294
12/19/2018 18:00,241,58,183
12/19/2018 19:00,85,27,58
12/19/2018 20:00,50,15,35
12/19/2018 21:00,40,15,25
12/19/2018 22:00,14,4,10
12/19/2018 23:00,4,1,3
12/20/2018 0:00,5,1,4
12/20/2018 1:00,6,0,6
12/20/2018 2:00,1,0,1
12/20/2018 3:00,1,1,0
12/20/2018 4:00,7,5,2
12/20/2018 5:00,23,12,11
12/20/2018 6:00,60,36,24
12/20/2018 7:00,148,70,78
12/20/2018 8:00,212,101,111
12/20/2018 9:00,109,53,56
12/20/2018 10:00,45,13,32
12/20/2018 11:00,30,11,19
12/20/2018 12:00,28,11,17
12/20/2018 13:00,30,20,10
12/20/2018 14:00,37,10,27
12/20/2018 15:00,62,18,44
12/20/2018 16:00,125,36,89
12/20/2018 17:00,250,64,186
12/20/2018 18:00,165,40,125
12/20/2018 19:00,69,19,50
12/20/2018 20:00,30,11,19
12/20/2018 21:00,26,10,16
12/20/2018 22:00,16,11,5
12/20/2018 23:00,10,4,6
12/21/2018 0:00,4,3,1
12/21/2018 1:00,3,2,1
12/21/2018 2:00,1,0,1
12/21/2018 3:00,2,1,1
12/21/2018 4:00,10,4,6
12/21/2018 5:00,23,14,9
12/21/2018 6:00,74,47,27
12/21/2018 7:00,152,82,70
12/21/2018 8:00,266,141,125
12/21/2018 9:00,139,53,86
12/21/2018 10:00,80,41,39
12/21/2018 11:00,55,19,36
12/21/2018 12:00,56,27,29
12/21/2018 13:00,94,37,57
12/21/2018 14:00,93,27,66
12/21/2018 15:00,159,64,95
12/21/2018 16:00,234,70,164
12/21/2018 17:00,234,57,177
12/21/2018 18:00,123,33,90
12/21/2018 19:00,39,8,31
12/21/2018 20:00,34,14,20
12/21/2018 21:00,16,10,6
12/21/2018 22:00,11,6,5
12/21/2018 23:00,10,3,7
12/22/2018 0:00,10,1,9
12/22/2018 1:00,4,2,2
12/22/2018 2:00,1,0,1
12/22/2018 3:00,2,0,2
12/22/2018 4:00,4,1,3
12/22/2018 5:00,7,2,5
12/22/2018 6:00,17,3,14
12/22/2018 7:00,17,4,13
12/22/2018 8:00,28,8,20
12/22/2018 9:00,43,24,19
12/22/2018 10:00,38,22,16
12/22/2018 11:00,52,31,21
12/22/2018 12:00,57,30,27
12/22/2018 13:00,53,29,24
12/22/2018 14:00,60,31,29
12/22/2018 15:00,54,28,26
12/22/2018 16:00,47,24,23
12/22/2018 17:00,46,20,26
12/22/2018 18:00,16,9,7
12/22/2018 19:00,10,7,3
12/22/2018 20:00,9,4,5
12/22/2018 21:00,4,2,2
12/22/2018 22:00,10,5,5
12/22/2018 23:00,2,0,2
12/23/2018 0:00,7,2,5
12/23/2018 1:00,2,0,2
12/23/2018 2:00,1,0,1
12/23/2018 3:00,0,0,0
12/23/2018 4:00,2,0,2
12/23/2018 5:00,5,1,4
12/23/2018 6:00,2,0,2
12/23/2018 7:00,6,3,3
12/23/2018 8:00,5,2,3
12/23/2018 9:00,15,9,6
12/23/2018 10:00,19,9,10
12/23/2018 11:00,34,18,16
12/23/2018 12:00,49,26,23
12/23/2018 13:00,33,19,14
12/23/2018 14:00,44,21,23
12/23/2018 15:00,19,8,11
12/23/2018 16:00,32,16,16
12/23/2018 17:00,16,2,14
12/23/2018 18:00,11,6,5
12/23/2018 19:00,7,4,3
12/23/2018 20:00,12,7,5
12/23/2018 21:00,4,3,1
12/23/2018 22:00,5,1,4
12/23/2018 23:00,8,4,4
12/24/2018 0:00,2,0,2
12/24/2018 1:00,2,1,1
12/24/2018 2:00,0,0,0
12/24/2018 3:00,1,1,0
12/24/2018 4:00,8,3,5
12/24/2018 5:00,15,9,6
12/24/2018 6:00,25,16,9
12/24/2018 7:00,38,20,18
12/24/2018 8:00,72,35,37
12/24/2018 9:00,32,13,19
12/24/2018 10:00,43,25,18
12/24/2018 11:00,58,25,33
12/24/2018 12:00,68,31,37
12/24/2018 13:00,106,59,47
12/24/2018 14:00,97,38,59
12/24/2018 15:00,78,27,51
12/24/2018 16:00,55,20,35
12/24/2018 17:00,33,16,17
12/24/2018 18:00,19,15,4
12/24/2018 19:00,4,3,1
12/24/2018 20:00,9,6,3
12/24/2018 21:00,6,5,1
12/24/2018 22:00,2,1,1
12/24/2018 23:00,2,1,1
12/25/2018 0:00,4,1,3
12/25/2018 1:00,0,0,0
12/25/2018 2:00,2,2,0
12/25/2018 3:00,0,0,0
12/25/2018 4:00,3,3,0
12/25/2018 5:00,2,1,1
12/25/2018 6:00,2,2,0
12/25/2018 7:00,4,2,2
12/25/2018 8:00,7,6,1
12/25/2018 9:00,13,6,7
12/25/2018 10:00,31,27,4
12/25/2018 11:00,23,14,9
12/25/2018 12:00,29,16,13
12/25/2018 13:00,33,17,16
12/25/2018 14:00,45,15,30
12/25/2018 15:00,37,12,25
12/25/2018 16:00,19,13,6
12/25/2018 17:00,14,7,7
12/25/2018 18:00,5,2,3
12/25/2018 19:00,5,1,4
12/25/2018 20:00,6,1,5
12/25/2018 21:00,5,2,3
12/25/2018 22:00,5,3,2
12/25/2018 23:00,4,4,0
12/26/2018 0:00,1,1,0
12/26/2018 1:00,0,0,0
12/26/2018 2:00,2,0,2
12/26/2018 3:00,3,0,3
12/26/2018 4:00,3,0,3
12/26/2018 5:00,21,10,11
12/26/2018 6:00,35,21,14
12/26/2018 7:00,71,35,36
12/26/2018 8:00,107,53,54
12/26/2018 9:00,42,21,21
12/26/2018 10:00,28,16,12
12/26/2018 11:00,21,11,10
12/26/2018 12:00,34,17,17
12/26/2018 13:00,34,17,17
12/26/2018 14:00,41,17,24
12/26/2018 15:00,43,21,22
12/26/2018 16:00,101,33,68
12/26/2018 17:00,105,25,80
12/26/2018 18:00,50,17,33
12/26/2018 19:00,20,4,16
12/26/2018 20:00,14,7,7
12/26/2018 21:00,10,8,2
12/26/2018 22:00,7,4,3
12/26/2018 23:00,2,0,2
12/27/2018 0:00,5,2,3
12/27/2018 1:00,1,0,1
12/27/2018 2:00,0,0,0
12/27/2018 3:00,4,1,3
12/27/2018 4:00,1,1,0
12/27/2018 5:00,19,11,8
12/27/2018 6:00,43,21,22
12/27/2018 7:00,102,51,51
12/27/2018 8:00,158,72,86
12/27/2018 9:00,110,47,63
12/27/2018 10:00,52,20,32
12/27/2018 11:00,46,19,27
12/27/2018 12:00,53,24,29
12/27/2018 13:00,67,39,28
12/27/2018 14:00,65,23,42
12/27/2018 15:00,101,22,79
12/27/2018 16:00,132,36,96
12/27/2018 17:00,186,49,137
12/27/2018 18:00,89,31,58
12/27/2018 19:00,44,15,29
12/27/2018 20:00,24,10,14
12/27/2018 21:00,22,6,16
12/27/2018 22:00,12,5,7
12/27/2018 23:00,3,2,1
12/28/2018 0:00,2,1,1
12/28/2018 1:00,0,0,0
12/28/2018 2:00,5,5,0
12/28/2018 3:00,2,1,1
12/28/2018 4:00,4,1,3
12/28/2018 5:00,19,10,9
12/28/2018 6:00,35,16,19
12/28/2018 7:00,69,38,31
12/28/2018 8:00,118,55,63
12/28/2018 9:00,53,23,30
12/28/2018 10:00,40,19,21
12/28/2018 11:00,24,10,14
12/28/2018 12:00,26,14,12
12/28/2018 13:00,20,8,12
12/28/2018 14:00,28,8,20
12/28/2018 15:00,53,19,34
12/28/2018 16:00,94,34,60
12/28/2018 17:00,117,25,92
12/28/2018 18:00,50,25,25
12/28/2018 19:00,24,4,20
12/28/2018 20:00,9,5,4
12/28/2018 21:00,14,4,10
12/28/2018 22:00,9,3,6
12/28/2018 23:00,7,3,4
12/29/2018 0:00,6,0,6
12/29/2018 1:00,2,0,2
12/29/2018 2:00,7,4,3
12/29/2018 3:00,2,0,2
12/29/2018 4:00,6,3,3
12/29/2018 5:00,7,4,3
12/29/2018 6:00,12,8,4
12/29/2018 7:00,15,8,7
12/29/2018 8:00,16,7,9
12/29/2018 9:00,28,15,13
12/29/2018 10:00,24,13,11
12/29/2018 11:00,34,21,13
12/29/2018 12:00,22,11,11
12/29/2018 13:00,26,12,14
12/29/2018 14:00,21,11,10
12/29/2018 15:00,18,6,12
12/29/2018 16:00,8,3,5
12/29/2018 17:00,14,8,6
12/29/2018 18:00,17,10,7
12/29/2018 19:00,5,2,3
12/29/2018 20:00,10,4,6
12/29/2018 21:00,7,3,4
12/29/2018 22:00,4,3,1
12/29/2018 23:00,8,2,6
12/30/2018 0:00,5,1,4
12/30/2018 1:00,4,3,1
12/30/2018 2:00,3,0,3
12/30/2018 3:00,0,0,0
12/30/2018 4:00,5,0,5
12/30/2018 5:00,4,1,3
12/30/2018 6:00,8,4,4
12/30/2018 7:00,13,4,9
12/30/2018 8:00,31,16,15
12/30/2018 9:00,24,14,10
12/30/2018 10:00,36,19,17
12/30/2018 11:00,78,41,37
12/30/2018 12:00,86,51,35
12/30/2018 13:00,114,53,61
12/30/2018 14:00,84,36,48
12/30/2018 15:00,87,39,48
12/30/2018 16:00,60,28,32
12/30/2018 17:00,40,11,29
12/30/2018 18:00,14,5,9
12/30/2018 19:00,15,8,7
12/30/2018 20:00,16,9,7
12/30/2018 21:00,9,5,4
12/30/2018 22:00,5,4,1
12/30/2018 23:00,7,2,5
12/31/2018 0:00,8,3,5
12/31/2018 1:00,3,0,3
12/31/2018 2:00,2,2,0
12/31/2018 3:00,0,0,0
12/31/2018 4:00,5,0,5
12/31/2018 5:00,26,13,13
12/31/2018 6:00,34,22,12
12/31/2018 7:00,60,30,30
12/31/2018 8:00,91,43,48
12/31/2018 9:00,57,31,26
12/31/2018 10:00,42,24,18
12/31/2018 11:00,38,27,11
12/31/2018 12:00,69,34,35
12/31/2018 13:00,91,38,53
12/31/2018 14:00,107,54,53
12/31/2018 15:00,113,35,78
12/31/2018 16:00,112,35,77
12/31/2018 17:00,81,29,52
12/31/2018 18:00,46,17,29
12/31/2018 19:00,14,9,5
12/31/2018 20:00,26,12,14
12/31/2018 21:00,14,7,7
12/31/2018 22:00,7,3,4
12/31/2018 23:00,13,7,6
1/1/2019 0:00,9,0,9
1/1/2019 1:00,24,2,22
1/1/2019 2:00,12,1,11
1/1/2019 3:00,3,1,2
1/1/2019 4:00,3,2,1
1/1/2019 5:00,4,3,1
1/1/2019 6:00,11,4,7
1/1/2019 7:00,3,1,2
1/1/2019 8:00,17,8,9
1/1/2019 9:00,19,5,14
1/1/2019 10:00,61,37,24
1/1/2019 11:00,42,31,11
1/1/2019 12:00,60,31,29
1/1/2019 13:00,103,55,48
1/1/2019 14:00,113,61,52
1/1/2019 15:00,68,31,37
1/1/2019 16:00,58,30,28
1/1/2019 17:00,26,9,17
1/1/2019 18:00,20,9,11
1/1/2019 19:00,15,8,7
1/1/2019 20:00,7,4,3
1/1/2019 21:00,4,1,3
1/1/2019 22:00,3,1,2
1/1/2019 23:00,2,0,2
1/2/2019 0:00,1,1,0
1/2/2019 1:00,0,0,0
1/2/2019 2:00,1,0,1
1/2/2019 3:00,4,2,2
1/2/2019 4:00,7,5,2
1/2/2019 5:00,28,14,14
1/2/2019 6:00,94,52,42
1/2/2019 7:00,250,140,110
1/2/2019 8:00,368,168,200
1/2/2019 9:00,174,72,102
1/2/2019 10:00,77,43,34
1/2/2019 11:00,51,22,29
1/2/2019 12:00,52,24,28
1/2/2019 13:00,45,22,23
1/2/2019 14:00,63,20,43
1/2/2019 15:00,103,42,61
1/2/2019 16:00,232,60,172
1/2/2019 17:00,443,97,346
1/2/2019 18:00,241,54,187
1/2/2019 19:00,85,32,53
1/2/2019 20:00,31,11,20
1/2/2019 21:00,23,5,18
1/2/2019 22:00,14,5,9
1/2/2019 23:00,6,4,2
1/3/2019 0:00,1,1,0
1/3/2019 1:00,0,0,0
1/3/2019 2:00,1,0,1
1/3/2019 3:00,3,2,1
1/3/2019 4:00,6,5,1
1/3/2019 5:00,32,13,19
1/3/2019 6:00,65,40,25
1/3/2019 7:00,152,70,82
1/3/2019 8:00,297,138,159
1/3/2019 9:00,148,63,85
1/3/2019 10:00,68,29,39
1/3/2019 11:00,33,17,16
1/3/2019 12:00,46,19,27
1/3/2019 13:00,33,15,18
1/3/2019 14:00,40,19,21
1/3/2019 15:00,63,20,43
1/3/2019 16:00,132,32,100
1/3/2019 17:00,324,75,249
1/3/2019 18:00,159,40,119
1/3/2019 19:00,72,21,51
1/3/2019 20:00,41,14,27
1/3/2019 21:00,13,5,8
1/3/2019 22:00,7,6,1
1/3/2019 23:00,7,5,2
1/4/2019 0:00,3,1,2
1/4/2019 1:00,3,2,1
1/4/2019 2:00,1,0,1
1/4/2019 3:00,4,2,2
1/4/2019 4:00,2,1,1
1/4/2019 5:00,23,10,13
1/4/2019 6:00,67,31,36
1/4/2019 7:00,183,88,95
1/4/2019 8:00,322,140,182
1/4/2019 9:00,196,84,112
1/4/2019 10:00,86,42,44
1/4/2019 11:00,69,33,36
1/4/2019 12:00,51,23,28
1/4/2019 13:00,58,28,30
1/4/2019 14:00,67,20,47
1/4/2019 15:00,118,52,66
1/4/2019 16:00,221,63,158
1/4/2019 17:00,359,86,273
1/4/2019 18:00,192,50,142
1/4/2019 19:00,69,26,43
1/4/2019 20:00,31,11,20
1/4/2019 21:00,24,5,19
1/4/2019 22:00,11,7,4
1/4/2019 23:00,19,4,15
1/5/2019 0:00,15,8,7
1/5/2019 1:00,3,1,2
1/5/2019 2:00,3,0,3
1/5/2019 3:00,2,0,2
1/5/2019 4:00,6,3,3
1/5/2019 5:00,11,3,8
1/5/2019 6:00,11,3,8
1/5/2019 7:00,22,8,14
1/5/2019 8:00,55,18,37
1/5/2019 9:00,38,21,17
1/5/2019 10:00,91,50,41
1/5/2019 11:00,104,62,42
1/5/2019 12:00,110,64,46
1/5/2019 13:00,120,70,50
1/5/2019 14:00,95,39,56
1/5/2019 15:00,99,50,49
1/5/2019 16:00,62,25,37
1/5/2019 17:00,32,16,16
1/5/2019 18:00,30,12,18
1/5/2019 19:00,12,5,7
1/5/2019 20:00,18,9,9
1/5/2019 21:00,15,6,9
1/5/2019 22:00,11,6,5
1/5/2019 23:00,10,3,7
1/6/2019 0:00,10,2,8
1/6/2019 1:00,2,1,1
1/6/2019 2:00,0,0,0
1/6/2019 3:00,0,0,0
1/6/2019 4:00,1,0,1
1/6/2019 5:00,4,2,2
1/6/2019 6:00,5,2,3
1/6/2019 7:00,6,4,2
1/6/2019 8:00,20,11,9
1/6/2019 9:00,36,19,17
1/6/2019 10:00,60,34,26
1/6/2019 11:00,73,48,25
1/6/2019 12:00,82,42,40
1/6/2019 13:00,73,38,35
1/6/2019 14:00,60,28,32
1/6/2019 15:00,59,27,32
1/6/2019 16:00,33,15,18
1/6/2019 17:00,40,19,21
1/6/2019 18:00,21,5,16
1/6/2019 19:00,7,2,5
1/6/2019 20:00,7,2,5
1/6/2019 21:00,8,5,3
1/6/2019 22:00,4,1,3
1/6/2019 23:00,2,1,1
1/7/2019 0:00,0,0,0
1/7/2019 1:00,1,1,0
1/7/2019 2:00,1,1,0
1/7/2019 3:00,3,2,1
1/7/2019 4:00,6,4,2
1/7/2019 5:00,34,19,15
1/7/2019 6:00,122,69,53
1/7/2019 7:00,343,178,165
1/7/2019 8:00,476,235,241
1/7/2019 9:00,224,91,133
1/7/2019 10:00,92,45,47
1/7/2019 11:00,56,31,25
1/7/2019 12:00,60,34,26
1/7/2019 13:00,56,35,21
1/7/2019 14:00,66,28,38
1/7/2019 15:00,135,49,86
1/7/2019 16:00,293,70,223
1/7/2019 17:00,542,128,414
1/7/2019 18:00,323,89,234
1/7/2019 19:00,122,33,89
1/7/2019 20:00,41,9,32
1/7/2019 21:00,40,16,24
1/7/2019 22:00,16,6,10
1/7/2019 23:00,9,4,5
1/8/2019 0:00,1,1,0
1/8/2019 1:00,0,0,0
1/8/2019 2:00,0,0,0
1/8/2019 3:00,2,2,0
1/8/2019 4:00,8,3,5
1/8/2019 5:00,31,18,13
1/8/2019 6:00,116,71,45
1/8/2019 7:00,286,152,134
1/8/2019 8:00,421,214,207
1/8/2019 9:00,172,76,96
1/8/2019 10:00,66,28,38
1/8/2019 11:00,39,18,21
1/8/2019 12:00,39,16,23
1/8/2019 13:00,24,12,12
1/8/2019 14:00,40,14,26
1/8/2019 15:00,76,30,46
1/8/2019 16:00,205,55,150
1/8/2019 17:00,448,90,358
1/8/2019 18:00,255,62,193
1/8/2019 19:00,90,21,69
1/8/2019 20:00,34,11,23
1/8/2019 21:00,31,12,19
1/8/2019 22:00,13,6,7
1/8/2019 23:00,7,3,4
1/9/2019 0:00,4,2,2
1/9/2019 1:00,1,0,1
1/9/2019 2:00,1,1,0
1/9/2019 3:00,2,1,1
1/9/2019 4:00,10,8,2
1/9/2019 5:00,28,14,14
1/9/2019 6:00,91,50,41
1/9/2019 7:00,255,136,119
1/9/2019 8:00,372,180,192
1/9/2019 9:00,212,100,112
1/9/2019 10:00,83,36,47
1/9/2019 11:00,46,17,29
1/9/2019 12:00,41,18,23
1/9/2019 13:00,35,17,18
1/9/2019 14:00,41,17,24
1/9/2019 15:00,97,37,60
1/9/2019 16:00,195,48,147
1/9/2019 17:00,396,106,290
1/9/2019 18:00,275,65,210
1/9/2019 19:00,93,32,61
1/9/2019 20:00,54,18,36
1/9/2019 21:00,25,8,17
1/9/2019 22:00,12,1,11
1/9/2019 23:00,6,3,3
1/10/2019 0:00,3,1,2
1/10/2019 1:00,0,0,0
1/10/2019 2:00,5,2,3
1/10/2019 3:00,1,0,1
1/10/2019 4:00,12,6,6
1/10/2019 5:00,33,16,17
1/10/2019 6:00,103,61,42
1/10/2019 7:00,270,139,131
1/10/2019 8:00,458,210,248
1/10/2019 9:00,224,112,112
1/10/2019 10:00,89,39,50
1/10/2019 11:00,63,25,38
1/10/2019 12:00,47,29,18
1/10/2019 13:00,57,33,24
1/10/2019 14:00,63,31,32
1/10/2019 15:00,114,46,68
1/10/2019 16:00,243,71,172
1/10/2019 17:00,489,118,371
1/10/2019 18:00,310,78,232
1/10/2019 19:00,144,42,102
1/10/2019 20:00,70,19,51
1/10/2019 21:00,47,15,32
1/10/2019 22:00,30,12,18
1/10/2019 23:00,23,12,11
1/11/2019 0:00,19,15,4
1/11/2019 1:00,5,4,1
1/11/2019 2:00,2,0,2
1/11/2019 3:00,2,1,1
1/11/2019 4:00,10,5,5
1/11/2019 5:00,21,9,12
1/11/2019 6:00,106,62,44
1/11/2019 7:00,255,123,132
1/11/2019 8:00,472,213,259
1/11/2019 9:00,247,111,136
1/11/2019 10:00,101,56,45
1/11/2019 11:00,66,31,35
1/11/2019 12:00,80,36,44
1/11/2019 13:00,89,48,41
1/11/2019 14:00,93,36,57
1/11/2019 15:00,157,55,102
1/11/2019 16:00,324,83,241
1/11/2019 17:00,468,90,378
1/11/2019 18:00,247,69,178
1/11/2019 19:00,100,26,74
1/11/2019 20:00,71,23,48
1/11/2019 21:00,41,14,27
1/11/2019 22:00,29,13,16
1/11/2019 23:00,13,6,7
1/12/2019 0:00,12,5,7
1/12/2019 1:00,11,2,9
1/12/2019 2:00,7,2,5
1/12/2019 3:00,3,0,3
1/12/2019 4:00,4,1,3
1/12/2019 5:00,5,1,4
1/12/2019 6:00,17,7,10
1/12/2019 7:00,29,12,17
1/12/2019 8:00,70,31,39
1/12/2019 9:00,93,52,41
1/12/2019 10:00,103,56,47
1/12/2019 11:00,116,50,66
1/12/2019 12:00,197,90,107
1/12/2019 13:00,176,98,78
1/12/2019 14:00,225,122,103
1/12/2019 15:00,204,101,103
1/12/2019 16:00,157,80,77
1/12/2019 17:00,96,48,48
1/12/2019 18:00,45,15,30
1/12/2019 19:00,28,14,14
1/12/2019 20:00,14,11,3
1/12/2019 21:00,21,7,14
1/12/2019 22:00,17,8,9
1/12/2019 23:00,21,15,6
1/13/2019 0:00,10,8,2
1/13/2019 1:00,4,1,3
1/13/2019 2:00,4,1,3
1/13/2019 3:00,1,0,1
1/13/2019 4:00,2,0,2
1/13/2019 5:00,5,3,2
1/13/2019 6:00,8,1,7
1/13/2019 7:00,18,8,10
1/13/2019 8:00,45,22,23
1/13/2019 9:00,59,32,27
1/13/2019 10:00,77,36,41
1/13/2019 11:00,129,71,58
1/13/2019 12:00,194,101,93
1/13/2019 13:00,196,102,94
1/13/2019 14:00,237,148,89
1/13/2019 15:00,241,123,118
1/13/2019 16:00,154,64,90
1/13/2019 17:00,79,45,34
1/13/2019 18:00,41,16,25
1/13/2019 19:00,24,13,11
1/13/2019 20:00,17,13,4
1/13/2019 21:00,13,7,6
1/13/2019 22:00,6,2,4
1/13/2019 23:00,9,5,4
1/14/2019 0:00,5,0,5
1/14/2019 1:00,3,0,3
1/14/2019 2:00,0,0,0
1/14/2019 3:00,0,0,0
1/14/2019 4:00,7,4,3
1/14/2019 5:00,43,24,19
1/14/2019 6:00,150,83,67
1/14/2019 7:00,408,217,191
1/14/2019 8:00,644,312,332
1/14/2019 9:00,326,155,171
1/14/2019 10:00,123,57,66
1/14/2019 11:00,68,32,36
1/14/2019 12:00,86,43,43
1/14/2019 13:00,93,51,42
1/14/2019 14:00,124,58,66
1/14/2019 15:00,196,77,119
1/14/2019 16:00,432,110,322
1/14/2019 17:00,637,128,509
1/14/2019 18:00,381,72,309
1/14/2019 19:00,144,41,103
1/14/2019 20:00,52,15,37
1/14/2019 21:00,45,17,28
1/14/2019 22:00,13,4,9
1/14/2019 23:00,7,2,5
1/15/2019 0:00,2,2,0
1/15/2019 1:00,0,0,0
1/15/2019 2:00,1,0,1
1/15/2019 3:00,2,2,0
1/15/2019 4:00,6,2,4
1/15/2019 5:00,35,20,15
1/15/2019 6:00,125,65,60
1/15/2019 7:00,351,194,157
1/15/2019 8:00,542,268,274
1/15/2019 9:00,259,118,141
1/15/2019 10:00,110,49,61
1/15/2019 11:00,67,37,30
1/15/2019 12:00,80,42,38
1/15/2019 13:00,87,40,47
1/15/2019 14:00,89,40,49
1/15/2019 15:00,136,47,89
1/15/2019 16:00,304,80,224
1/15/2019 17:00,541,102,439
1/15/2019 18:00,371,78,293
1/15/2019 19:00,132,44,88
1/15/2019 20:00,65,19,46
1/15/2019 21:00,50,24,26
1/15/2019 22:00,20,5,15
1/15/2019 23:00,8,0,8
1/16/2019 0:00,5,0,5
1/16/2019 1:00,0,0,0
1/16/2019 2:00,2,1,1
1/16/2019 3:00,2,1,1
1/16/2019 4:00,9,7,2
1/16/2019 5:00,35,18,17
1/16/2019 6:00,129,72,57
1/16/2019 7:00,337,169,168
1/16/2019 8:00,520,259,261
1/16/2019 9:00,235,100,135
1/16/2019 10:00,102,47,55
1/16/2019 11:00,68,34,34
1/16/2019 12:00,73,36,37
1/16/2019 13:00,90,37,53
1/16/2019 14:00,80,36,44
1/16/2019 15:00,148,64,84
1/16/2019 16:00,296,79,217
1/16/2019 17:00,590,111,479
1/16/2019 18:00,320,84,236
1/16/2019 19:00,151,56,95
1/16/2019 20:00,73,32,41
1/16/2019 21:00,57,21,36
1/16/2019 22:00,29,11,18
1/16/2019 23:00,9,2,7
1/17/2019 0:00,3,1,2
1/17/2019 1:00,0,0,0
1/17/2019 2:00,1,0,1
1/17/2019 3:00,5,2,3
1/17/2019 4:00,5,3,2
1/17/2019 5:00,34,21,13
1/17/2019 6:00,109,63,46
1/17/2019 7:00,266,130,136
1/17/2019 8:00,423,197,226
1/17/2019 9:00,223,103,120
1/17/2019 10:00,81,37,44
1/17/2019 11:00,53,22,31
1/17/2019 12:00,56,23,33
1/17/2019 13:00,49,26,23
1/17/2019 14:00,63,29,34
1/17/2019 15:00,94,27,67
1/17/2019 16:00,242,66,176
1/17/2019 17:00,423,103,320
1/17/2019 18:00,290,62,228
1/17/2019 19:00,122,35,87
1/17/2019 20:00,62,25,37
1/17/2019 21:00,41,13,28
1/17/2019 22:00,29,8,21
1/17/2019 23:00,10,2,8
1/18/2019 0:00,5,2,3
1/18/2019 1:00,2,1,1
1/18/2019 2:00,1,1,0
1/18/2019 3:00,2,1,1
1/18/2019 4:00,6,3,3
1/18/2019 5:00,27,15,12
1/18/2019 6:00,84,54,30
1/18/2019 7:00,253,122,131
1/18/2019 8:00,403,194,209
1/18/2019 9:00,198,87,111
1/18/2019 10:00,85,35,50
1/18/2019 11:00,59,34,25
1/18/2019 12:00,72,34,38
1/18/2019 13:00,69,32,37
1/18/2019 14:00,77,33,44
1/18/2019 15:00,129,41,88
1/18/2019 16:00,237,62,175
1/18/2019 17:00,401,78,323
1/18/2019 18:00,193,38,155
1/18/2019 19:00,73,19,54
1/18/2019 20:00,33,10,23
1/18/2019 21:00,24,9,15
1/18/2019 22:00,17,4,13
1/18/2019 23:00,14,4,10
1/19/2019 0:00,6,2,4
1/19/2019 1:00,5,1,4
1/19/2019 2:00,1,1,0
1/19/2019 3:00,1,0,1
1/19/2019 4:00,3,1,2
1/19/2019 5:00,6,2,4
1/19/2019 6:00,11,6,5
1/19/2019 7:00,23,8,15
1/19/2019 8:00,52,21,31
1/19/2019 9:00,55,29,26
1/19/2019 10:00,82,40,42
1/19/2019 11:00,94,48,46
1/19/2019 12:00,101,47,54
1/19/2019 13:00,115,52,63
1/19/2019 14:00,89,44,45
1/19/2019 15:00,92,43,49
1/19/2019 16:00,83,36,47
1/19/2019 17:00,61,34,27
1/19/2019 18:00,22,9,13
1/19/2019 19:00,21,9,12
1/19/2019 20:00,21,6,15
1/19/2019 21:00,12,3,9
1/19/2019 22:00,9,5,4
1/19/2019 23:00,11,7,4
1/20/2019 0:00,7,1,6
1/20/2019 1:00,7,4,3
1/20/2019 2:00,3,2,1
1/20/2019 3:00,2,2,0
1/20/2019 4:00,2,0,2
1/20/2019 5:00,1,1,0
1/20/2019 6:00,9,3,6
1/20/2019 7:00,15,8,7
1/20/2019 8:00,43,18,25
1/20/2019 9:00,57,23,34
1/20/2019 10:00,65,48,17
1/20/2019 11:00,63,36,27
1/20/2019 12:00,96,40,56
1/20/2019 13:00,74,35,39
1/20/2019 14:00,96,52,44
1/20/2019 15:00,90,45,45
1/20/2019 16:00,59,32,27
1/20/2019 17:00,46,27,19
1/20/2019 18:00,26,13,13
1/20/2019 19:00,20,8,12
1/20/2019 20:00,15,3,12
1/20/2019 21:00,15,8,7
1/20/2019 22:00,9,4,5
1/20/2019 23:00,9,4,5
1/21/2019 0:00,1,0,1
1/21/2019 1:00,1,1,0
1/21/2019 2:00,1,1,0
1/21/2019 3:00,0,0,0
1/21/2019 4:00,6,4,2
1/21/2019 5:00,16,9,7
1/21/2019 6:00,67,37,30
1/21/2019 7:00,146,72,74
1/21/2019 8:00,263,131,132
1/21/2019 9:00,139,68,71
1/21/2019 10:00,85,38,47
1/21/2019 11:00,79,43,36
1/21/2019 12:00,101,45,56
1/21/2019 13:00,100,53,47
1/21/2019 14:00,92,40,52
1/21/2019 15:00,128,50,78
1/21/2019 16:00,217,70,147
1/21/2019 17:00,276,51,225
1/21/2019 18:00,179,38,141
1/21/2019 19:00,63,14,49
1/21/2019 20:00,33,17,16
1/21/2019 21:00,24,8,16
1/21/2019 22:00,21,9,12
1/21/2019 23:00,3,1,2
1/22/2019 0:00,3,2,1
1/22/2019 1:00,4,3,1
1/22/2019 2:00,1,1,0
1/22/2019 3:00,0,0,0
1/22/2019 4:00,9,5,4
1/22/2019 5:00,40,22,18
1/22/2019 6:00,105,58,47
1/22/2019 7:00,306,156,150
1/22/2019 8:00,447,211,236
1/22/2019 9:00,244,98,146
1/22/2019 10:00,88,43,45
1/22/2019 11:00,58,32,26
1/22/2019 12:00,50,22,28
1/22/2019 13:00,41,24,17
1/22/2019 14:00,60,23,37
1/22/2019 15:00,99,28,71
1/22/2019 16:00,203,42,161
1/22/2019 17:00,426,86,340
1/22/2019 18:00,311,62,249
1/22/2019 19:00,96,29,67
1/22/2019 20:00,46,18,28
1/22/2019 21:00,34,15,19
1/22/2019 22:00,13,1,12
1/22/2019 23:00,7,2,5
1/23/2019 0:00,1,0,1
1/23/2019 1:00,6,2,4
1/23/2019 2:00,1,0,1
1/23/2019 3:00,1,0,1
1/23/2019 4:00,9,5,4
1/23/2019 5:00,43,23,20
1/23/2019 6:00,106,67,39
1/23/2019 7:00,273,142,131
1/23/2019 8:00,393,175,218
1/23/2019 9:00,192,75,117
1/23/2019 10:00,89,32,57
1/23/2019 11:00,48,26,22
1/23/2019 12:00,43,14,29
1/23/2019 13:00,48,29,19
1/23/2019 14:00,59,33,26
1/23/2019 15:00,118,52,66
1/23/2019 16:00,288,81,207
1/23/2019 17:00,469,107,362
1/23/2019 18:00,305,78,227
1/23/2019 19:00,130,34,96
1/23/2019 20:00,73,24,49
1/23/2019 21:00,39,17,22
1/23/2019 22:00,31,10,21
1/23/2019 23:00,16,4,12
1/24/2019 0:00,9,2,7
1/24/2019 1:00,1,0,1
1/24/2019 2:00,0,0,0
1/24/2019 3:00,3,2,1
1/24/2019 4:00,8,5,3
1/24/2019 5:00,40,25,15
1/24/2019 6:00,120,64,56
1/24/2019 7:00,330,181,149
1/24/2019 8:00,482,236,246
1/24/2019 9:00,228,90,138
1/24/2019 10:00,105,51,54
1/24/2019 11:00,74,33,41
1/24/2019 12:00,68,27,41
1/24/2019 13:00,58,28,30
1/24/2019 14:00,78,38,40
1/24/2019 15:00,143,53,90
1/24/2019 16:00,293,82,211
1/24/2019 17:00,458,111,347
1/24/2019 18:00,356,74,282
1/24/2019 19:00,134,42,92
1/24/2019 20:00,77,22,55
1/24/2019 21:00,44,18,26
1/24/2019 22:00,29,10,19
1/24/2019 23:00,6,5,1
1/25/2019 0:00,5,2,3
1/25/2019 1:00,7,3,4
1/25/2019 2:00,4,3,1
1/25/2019 3:00,0,0,0
1/25/2019 4:00,14,8,6
1/25/2019 5:00,41,23,18
1/25/2019 6:00,98,52,46
1/25/2019 7:00,280,142,138
1/25/2019 8:00,464,226,238
1/25/2019 9:00,222,106,116
1/25/2019 10:00,117,51,66
1/25/2019 11:00,81,42,39
1/25/2019 12:00,91,38,53
1/25/2019 13:00,88,39,49
1/25/2019 14:00,112,54,58
1/25/2019 15:00,154,44,110
1/25/2019 16:00,308,82,226
1/25/2019 17:00,493,120,373
1/25/2019 18:00,248,70,178
1/25/2019 19:00,110,32,78
1/25/2019 20:00,54,14,40
1/25/2019 21:00,30,5,25
1/25/2019 22:00,36,17,19
1/25/2019 23:00,20,9,11
1/26/2019 0:00,13,6,7
1/26/2019 1:00,6,2,4
1/26/2019 2:00,3,0,3
1/26/2019 3:00,6,1,5
1/26/2019 4:00,3,1,2
1/26/2019 5:00,2,0,2
1/26/2019 6:00,13,9,4
1/26/2019 7:00,23,8,15
1/26/2019 8:00,69,36,33
1/26/2019 9:00,71,36,35
1/26/2019 10:00,125,59,66
1/26/2019 11:00,140,69,71
1/26/2019 12:00,139,53,86
1/26/2019 13:00,193,100,93
1/26/2019 14:00,160,90,70
1/26/2019 15:00,192,117,75
1/26/2019 16:00,166,78,88
1/26/2019 17:00,76,47,29
1/26/2019 18:00,41,16,25
1/26/2019 19:00,25,12,13
1/26/2019 20:00,16,8,8
1/26/2019 21:00,15,6,9
1/26/2019 22:00,21,8,13
1/26/2019 23:00,12,4,8
1/27/2019 0:00,9,2,7
1/27/2019 1:00,3,0,3
1/27/2019 2:00,3,1,2
1/27/2019 3:00,3,2,1
1/27/2019 4:00,2,0,2
1/27/2019 5:00,1,1,0
1/27/2019 6:00,6,3,3
1/27/2019 7:00,16,11,5
1/27/2019 8:00,42,22,20
1/27/2019 9:00,65,40,25
1/27/2019 10:00,67,20,47
1/27/2019 11:00,78,53,25
1/27/2019 12:00,95,53,42
1/27/2019 13:00,103,48,55
1/27/2019 14:00,111,67,44
1/27/2019 15:00,91,40,51
1/27/2019 16:00,69,32,37
1/27/2019 17:00,68,36,32
1/27/2019 18:00,38,20,18
1/27/2019 19:00,22,15,7
1/27/2019 20:00,15,10,5
1/27/2019 21:00,19,6,13
1/27/2019 22:00,6,2,4
1/27/2019 23:00,7,4,3
1/28/2019 0:00,4,3,1
1/28/2019 1:00,2,0,2
1/28/2019 2:00,2,2,0
1/28/2019 3:00,0,0,0
1/28/2019 4:00,9,6,3
1/28/2019 5:00,44,21,23
1/28/2019 6:00,124,73,51
1/28/2019 7:00,360,175,185
1/28/2019 8:00,529,252,277
1/28/2019 9:00,272,120,152
1/28/2019 10:00,112,58,54
1/28/2019 11:00,77,33,44
1/28/2019 12:00,73,39,34
1/28/2019 13:00,75,29,46
1/28/2019 14:00,104,40,64
1/28/2019 15:00,152,68,84
1/28/2019 16:00,320,85,235
1/28/2019 17:00,583,150,433
1/28/2019 18:00,364,85,279
1/28/2019 19:00,146,36,110
1/28/2019 20:00,57,25,32
1/28/2019 21:00,39,15,24
1/28/2019 22:00,19,8,11
1/28/2019 23:00,11,6,5
1/29/2019 0:00,4,1,3
1/29/2019 1:00,3,1,2
1/29/2019 2:00,1,0,1
1/29/2019 3:00,3,2,1
1/29/2019 4:00,12,5,7
1/29/2019 5:00,44,20,24
1/29/2019 6:00,136,82,54
1/29/2019 7:00,357,202,155
1/29/2019 8:00,527,254,273
1/29/2019 9:00,262,113,149
1/29/2019 10:00,105,47,58
1/29/2019 11:00,92,44,48
1/29/2019 12:00,103,56,47
1/29/2019 13:00,79,36,43
1/29/2019 14:00,103,37,66
1/29/2019 15:00,143,53,90
1/29/2019 16:00,328,79,249
1/29/2019 17:00,585,114,471
1/29/2019 18:00,365,81,284
1/29/2019 19:00,135,42,93
1/29/2019 20:00,74,30,44
1/29/2019 21:00,33,15,18
1/29/2019 22:00,28,11,17
1/29/2019 23:00,18,10,8
1/30/2019 0:00,4,2,2
1/30/2019 1:00,1,0,1
1/30/2019 2:00,2,1,1
1/30/2019 3:00,1,0,1
1/30/2019 4:00,11,7,4
1/30/2019 5:00,38,14,24
1/30/2019 6:00,107,65,42
1/30/2019 7:00,358,181,177
1/30/2019 8:00,467,216,251
1/30/2019 9:00,243,107,136
1/30/2019 10:00,97,41,56
1/30/2019 11:00,63,27,36
1/30/2019 12:00,73,21,52
1/30/2019 13:00,64,31,33
1/30/2019 14:00,86,31,55
1/30/2019 15:00,134,41,93
1/30/2019 16:00,292,86,206
1/30/2019 17:00,540,116,424
1/30/2019 18:00,337,98,239
1/30/2019 19:00,127,42,85
1/30/2019 20:00,64,25,39
1/30/2019 21:00,75,23,52
1/30/2019 22:00,38,13,25
1/30/2019 23:00,7,3,4
1/31/2019 0:00,2,1,1
1/31/2019 1:00,4,1,3
1/31/2019 2:00,0,0,0
1/31/2019 3:00,3,0,3
1/31/2019 4:00,10,8,2
1/31/2019 5:00,55,27,28
1/31/2019 6:00,93,48,45
1/31/2019 7:00,325,170,155
1/31/2019 8:00,474,212,262
1/31/2019 9:00,225,97,128
1/31/2019 10:00,77,31,46
1/31/2019 11:00,95,46,49
1/31/2019 12:00,82,44,38
1/31/2019 13:00,78,43,35
1/31/2019 14:00,72,28,44
1/31/2019 15:00,157,60,97
1/31/2019 16:00,303,84,219
1/31/2019 17:00,505,106,399
1/31/2019 18:00,314,68,246
1/31/2019 19:00,134,40,94
1/31/2019 20:00,65,32,33
1/31/2019 21:00,45,18,27
1/31/2019 22:00,29,13,16
1/31/2019 23:00,13,7,6
2/1/2019 0:00,2,0,2
2/1/2019 1:00,8,3,5
2/1/2019 2:00,0,0,0
2/1/2019 3:00,2,0,2
2/1/2019 4:00,7,3,4
2/1/2019 5:00,26,13,13
2/1/2019 6:00,52,24,28
2/1/2019 7:00,176,90,86
2/1/2019 8:00,273,128,145
2/1/2019 9:00,127,55,72
2/1/2019 10:00,56,23,33
2/1/2019 11:00,26,12,14
2/1/2019 12:00,26,12,14
2/1/2019 13:00,39,23,16
2/1/2019 14:00,29,12,17
2/1/2019 15:00,72,25,47
2/1/2019 16:00,162,40,122
2/1/2019 17:00,327,75,252
2/1/2019 18:00,170,43,127
2/1/2019 19:00,88,22,66
2/1/2019 20:00,45,11,34
2/1/2019 21:00,18,7,11
2/1/2019 22:00,15,8,7
2/1/2019 23:00,10,3,7
2/2/2019 0:00,13,5,8
2/2/2019 1:00,7,3,4
2/2/2019 2:00,6,6,0
2/2/2019 3:00,3,0,3
2/2/2019 4:00,2,0,2
2/2/2019 5:00,9,4,5
2/2/2019 6:00,37,21,16
2/2/2019 7:00,83,36,47
2/2/2019 8:00,65,28,37
2/2/2019 9:00,87,30,57
2/2/2019 10:00,119,54,65
2/2/2019 11:00,105,58,47
2/2/2019 12:00,140,72,68
2/2/2019 13:00,123,63,60
2/2/2019 14:00,118,50,68
2/2/2019 15:00,132,62,70
2/2/2019 16:00,130,54,76
2/2/2019 17:00,86,26,60
2/2/2019 18:00,62,17,45
2/2/2019 19:00,19,4,15
2/2/2019 20:00,24,13,11
2/2/2019 21:00,21,9,12
2/2/2019 22:00,6,3,3
2/2/2019 23:00,6,2,4
2/3/2019 0:00,10,4,6
2/3/2019 1:00,5,1,4
2/3/2019 2:00,1,0,1
2/3/2019 3:00,0,0,0
2/3/2019 4:00,4,0,4
2/3/2019 5:00,5,2,3
2/3/2019 6:00,21,14,7
2/3/2019 7:00,509,325,184
2/3/2019 8:00,869,537,332
2/3/2019 9:00,547,190,357
2/3/2019 10:00,668,48,620
2/3/2019 11:00,679,60,619
2/3/2019 12:00,221,56,165
2/3/2019 13:00,108,37,71
2/3/2019 14:00,69,33,36
2/3/2019 15:00,23,13,10
2/3/2019 16:00,24,11,13
2/3/2019 17:00,12,6,6
2/3/2019 18:00,3,2,1
2/3/2019 19:00,8,4,4
2/3/2019 20:00,10,4,6
2/3/2019 21:00,4,3,1
2/3/2019 22:00,2,1,1
2/3/2019 23:00,3,2,1
2/4/2019 0:00,2,2,0
2/4/2019 1:00,2,1,1
2/4/2019 2:00,0,0,0
2/4/2019 3:00,1,1,0
2/4/2019 4:00,0,0,0
2/4/2019 5:00,7,4,3
2/4/2019 6:00,9,3,6
2/4/2019 7:00,22,7,15
2/4/2019 8:00,29,13,16
2/4/2019 9:00,17,6,11
2/4/2019 10:00,9,3,6
2/4/2019 11:00,13,5,8
2/4/2019 12:00,7,3,4
2/4/2019 13:00,4,2,2
2/4/2019 14:00,14,5,9
2/4/2019 15:00,25,8,17
2/4/2019 16:00,35,11,24
2/4/2019 17:00,29,6,23
2/4/2019 18:00,17,4,13
2/4/2019 19:00,11,4,7
2/4/2019 20:00,3,3,0
2/4/2019 21:00,3,3,0
2/4/2019 22:00,0,0,0
2/4/2019 23:00,1,1,0
2/5/2019 0:00,0,0,0
2/5/2019 1:00,0,0,0
2/5/2019 2:00,0,0,0
2/5/2019 3:00,0,0,0
2/5/2019 4:00,1,1,0
2/5/2019 5:00,3,1,2
2/5/2019 6:00,8,7,1
2/5/2019 7:00,20,9,11
2/5/2019 8:00,33,12,21
2/5/2019 9:00,30,14,16
2/5/2019 10:00,13,7,6
2/5/2019 11:00,18,3,15
2/5/2019 12:00,8,2,6
2/5/2019 13:00,8,6,2
2/5/2019 14:00,19,8,11
2/5/2019 15:00,32,18,14
2/5/2019 16:00,38,14,24
2/5/2019 17:00,50,10,40
2/5/2019 18:00,30,11,19
2/5/2019 19:00,17,6,11
2/5/2019 20:00,7,2,5
2/5/2019 21:00,6,2,4
2/5/2019 22:00,3,2,1
2/5/2019 23:00,0,0,0
2/6/2019 0:00,2,2,0
2/6/2019 1:00,0,0,0
2/6/2019 2:00,0,0,0
2/6/2019 3:00,0,0,0
2/6/2019 4:00,4,3,1
2/6/2019 5:00,12,5,7
2/6/2019 6:00,17,13,4
2/6/2019 7:00,63,25,38
2/6/2019 8:00,103,49,54
2/6/2019 9:00,65,29,36
2/6/2019 10:00,32,12,20
2/6/2019 11:00,28,9,19
2/6/2019 12:00,22,12,10
2/6/2019 13:00,19,13,6
2/6/2019 14:00,30,13,17
2/6/2019 15:00,42,21,21
2/6/2019 16:00,78,27,51
2/6/2019 17:00,129,24,105
2/6/2019 18:00,85,19,66
2/6/2019 19:00,31,5,26
2/6/2019 20:00,19,9,10
2/6/2019 21:00,10,4,6
2/6/2019 22:00,8,6,2
2/6/2019 23:00,3,1,2
2/7/2019 0:00,0,0,0
2/7/2019 1:00,0,0,0
2/7/2019 2:00,1,0,1
2/7/2019 3:00,2,1,1
2/7/2019 4:00,3,3,0
2/7/2019 5:00,12,5,7
2/7/2019 6:00,31,23,8
2/7/2019 7:00,111,58,53
2/7/2019 8:00,165,72,93
2/7/2019 9:00,93,43,50
2/7/2019 10:00,39,16,23
2/7/2019 11:00,30,12,18
2/7/2019 12:00,33,20,13
2/7/2019 13:00,29,14,15
2/7/2019 14:00,32,12,20
2/7/2019 15:00,55,24,31
2/7/2019 16:00,97,28,69
2/7/2019 17:00,186,41,145
2/7/2019 18:00,120,21,99
2/7/2019 19:00,49,16,33
2/7/2019 20:00,37,20,17
2/7/2019 21:00,18,10,8
2/7/2019 22:00,14,10,4
2/7/2019 23:00,8,4,4
2/8/2019 0:00,7,2,5
2/8/2019 1:00,0,0,0
2/8/2019 2:00,0,0,0
2/8/2019 3:00,2,2,0
2/8/2019 4:00,3,1,2
2/8/2019 5:00,9,4,5
2/8/2019 6:00,24,16,8
2/8/2019 7:00,74,35,39
2/8/2019 8:00,103,39,64
2/8/2019 9:00,59,24,35
2/8/2019 10:00,34,18,16
2/8/2019 11:00,27,9,18
2/8/2019 12:00,65,15,50
2/8/2019 13:00,107,25,82
2/8/2019 14:00,46,9,37
2/8/2019 15:00,48,14,34
2/8/2019 16:00,28,7,21
2/8/2019 17:00,34,10,24
2/8/2019 18:00,12,1,11
2/8/2019 19:00,6,2,4
2/8/2019 20:00,5,2,3
2/8/2019 21:00,5,2,3
2/8/2019 22:00,1,1,0
2/8/2019 23:00,4,4,0
2/9/2019 0:00,2,0,2
2/9/2019 1:00,0,0,0
2/9/2019 2:00,1,0,1
2/9/2019 3:00,4,3,1
2/9/2019 4:00,1,0,1
2/9/2019 5:00,0,0,0
2/9/2019 6:00,1,0,1
2/9/2019 7:00,2,1,1
2/9/2019 8:00,2,0,2
2/9/2019 9:00,2,1,1
2/9/2019 10:00,3,2,1
2/9/2019 11:00,3,0,3
2/9/2019 12:00,9,0,9
2/9/2019 13:00,4,2,2
2/9/2019 14:00,6,0,6
2/9/2019 15:00,2,0,2
2/9/2019 16:00,8,3,5
2/9/2019 17:00,6,1,5
2/9/2019 18:00,3,1,2
2/9/2019 19:00,0,0,0
2/9/2019 20:00,1,0,1
2/9/2019 21:00,3,1,2
2/9/2019 22:00,2,2,0
2/9/2019 23:00,2,2,0
2/10/2019 0:00,0,0,0
2/10/2019 1:00,0,0,0
2/10/2019 2:00,0,0,0
2/10/2019 3:00,0,0,0
2/10/2019 4:00,0,0,0
2/10/2019 5:00,1,1,0
2/10/2019 6:00,0,0,0
2/10/2019 7:00,0,0,0
2/10/2019 8:00,2,2,0
2/10/2019 9:00,0,0,0
2/10/2019 10:00,3,1,2
2/10/2019 11:00,4,3,1
2/10/2019 12:00,0,0,0
2/10/2019 13:00,3,2,1
2/10/2019 14:00,5,5,0
2/10/2019 15:00,2,1,1
2/10/2019 16:00,4,3,1
2/10/2019 17:00,3,0,3
2/10/2019 18:00,1,0,1
2/10/2019 19:00,2,2,0
2/10/2019 20:00,2,2,0
2/10/2019 21:00,1,0,1
2/10/2019 22:00,4,3,1
2/10/2019 23:00,1,1,0
2/11/2019 0:00,0,0,0
2/11/2019 1:00,1,1,0
2/11/2019 2:00,0,0,0
2/11/2019 3:00,0,0,0
2/11/2019 4:00,0,0,0
2/11/2019 5:00,2,2,0
2/11/2019 6:00,2,1,1
2/11/2019 7:00,13,6,7
2/11/2019 8:00,9,4,5
2/11/2019 9:00,6,3,3
2/11/2019 10:00,7,1,6
2/11/2019 11:00,2,0,2
2/11/2019 12:00,4,1,3
2/11/2019 13:00,4,1,3
2/11/2019 14:00,6,2,4
2/11/2019 15:00,6,1,5
2/11/2019 16:00,12,4,8
2/11/2019 17:00,20,4,16
2/11/2019 18:00,7,1,6
2/11/2019 19:00,0,0,0
2/11/2019 20:00,0,0,0
2/11/2019 21:00,0,0,0
2/11/2019 22:00,0,0,0
2/11/2019 23:00,0,0,0
2/12/2019 0:00,0,0,0
2/12/2019 1:00,0,0,0
2/12/2019 2:00,0,0,0
2/12/2019 3:00,0,0,0
2/12/2019 4:00,0,0,0
2/12/2019 5:00,0,0,0
2/12/2019 6:00,0,0,0
2/12/2019 7:00,5,4,1
2/12/2019 8:00,15,8,7
2/12/2019 9:00,7,2,5
2/12/2019 10:00,5,4,1
2/12/2019 11:00,4,2,2
2/12/2019 12:00,5,2,3
2/12/2019 13:00,3,1,2
2/12/2019 14:00,5,0,5
2/12/2019 15:00,7,2,5
2/12/2019 16:00,12,3,9
2/12/2019 17:00,19,3,16
2/12/2019 18:00,17,6,11
2/12/2019 19:00,12,4,8
2/12/2019 20:00,4,2,2
2/12/2019 21:00,3,1,2
2/12/2019 22:00,0,0,0
2/12/2019 23:00,0,0,0
2/13/2019 0:00,1,1,0
2/13/2019 1:00,1,0,1
2/13/2019 2:00,0,0,0
2/13/2019 3:00,0,0,0
2/13/2019 4:00,3,2,1
2/13/2019 5:00,3,2,1
2/13/2019 6:00,13,6,7
2/13/2019 7:00,40,18,22
2/13/2019 8:00,76,32,44
2/13/2019 9:00,58,26,32
2/13/2019 10:00,34,11,23
2/13/2019 11:00,17,6,11
2/13/2019 12:00,11,2,9
2/13/2019 13:00,17,6,11
2/13/2019 14:00,13,9,4
2/13/2019 15:00,23,8,15
2/13/2019 16:00,43,9,34
2/13/2019 17:00,111,28,83
2/13/2019 18:00,73,14,59
2/13/2019 19:00,28,9,19
2/13/2019 20:00,20,8,12
2/13/2019 21:00,7,1,6
2/13/2019 22:00,4,0,4
2/13/2019 23:00,4,0,4
2/14/2019 0:00,5,3,2
2/14/2019 1:00,2,0,2
2/14/2019 2:00,0,0,0
2/14/2019 3:00,1,0,1
2/14/2019 4:00,3,2,1
2/14/2019 5:00,8,5,3
2/14/2019 6:00,24,18,6
2/14/2019 7:00,74,36,38
2/14/2019 8:00,133,63,70
2/14/2019 9:00,74,26,48
2/14/2019 10:00,40,17,23
2/14/2019 11:00,32,15,17
2/14/2019 12:00,22,8,14
2/14/2019 13:00,13,7,6
2/14/2019 14:00,18,8,10
2/14/2019 15:00,31,13,18
2/14/2019 16:00,76,23,53
2/14/2019 17:00,155,31,124
2/14/2019 18:00,97,27,70
2/14/2019 19:00,36,8,28
2/14/2019 20:00,17,8,9
2/14/2019 21:00,8,3,5
2/14/2019 22:00,6,3,3
2/14/2019 23:00,6,1,5
2/15/2019 0:00,7,1,6
2/15/2019 1:00,3,2,1
2/15/2019 2:00,2,0,2
2/15/2019 3:00,0,0,0
2/15/2019 4:00,6,1,5
2/15/2019 5:00,12,5,7
2/15/2019 6:00,29,17,12
2/15/2019 7:00,126,63,63
2/15/2019 8:00,193,99,94
2/15/2019 9:00,97,25,72
2/15/2019 10:00,50,21,29
2/15/2019 11:00,28,13,15
2/15/2019 12:00,36,19,17
2/15/2019 13:00,34,15,19
2/15/2019 14:00,41,20,21
2/15/2019 15:00,78,32,46
2/15/2019 16:00,132,32,100
2/15/2019 17:00,227,57,170
2/15/2019 18:00,122,30,92
2/15/2019 19:00,45,13,32
2/15/2019 20:00,20,5,15
2/15/2019 21:00,20,9,11
2/15/2019 22:00,20,8,12
2/15/2019 23:00,11,7,4
2/16/2019 0:00,11,4,7
2/16/2019 1:00,5,2,3
2/16/2019 2:00,3,1,2
2/16/2019 3:00,1,1,0
2/16/2019 4:00,1,0,1
2/16/2019 5:00,2,0,2
2/16/2019 6:00,9,7,2
2/16/2019 7:00,16,6,10
2/16/2019 8:00,30,16,14
2/16/2019 9:00,29,13,16
2/16/2019 10:00,33,17,16
2/16/2019 11:00,42,28,14
2/16/2019 12:00,38,16,22
2/16/2019 13:00,36,13,23
2/16/2019 14:00,38,18,20
2/16/2019 15:00,36,19,17
2/16/2019 16:00,24,6,18
2/16/2019 17:00,12,6,6
2/16/2019 18:00,18,5,13
2/16/2019 19:00,5,2,3
2/16/2019 20:00,6,2,4
2/16/2019 21:00,5,2,3
2/16/2019 22:00,14,3,11
2/16/2019 23:00,6,3,3
2/17/2019 0:00,4,0,4
2/17/2019 1:00,1,0,1
2/17/2019 2:00,1,0,1
2/17/2019 3:00,2,0,2
2/17/2019 4:00,2,0,2
2/17/2019 5:00,1,0,1
2/17/2019 6:00,4,1,3
2/17/2019 7:00,13,6,7
2/17/2019 8:00,22,8,14
2/17/2019 9:00,33,14,19
2/17/2019 10:00,51,31,20
2/17/2019 11:00,62,34,28
2/17/2019 12:00,64,30,34
2/17/2019 13:00,77,31,46
2/17/2019 14:00,59,33,26
2/17/2019 15:00,62,32,30
2/17/2019 16:00,79,38,41
2/17/2019 17:00,49,20,29
2/17/2019 18:00,28,14,14
2/17/2019 19:00,19,8,11
2/17/2019 20:00,6,2,4
2/17/2019 21:00,4,2,2
2/17/2019 22:00,9,3,6
2/17/2019 23:00,6,1,5
2/18/2019 0:00,1,1,0
2/18/2019 1:00,2,1,1
2/18/2019 2:00,2,1,1
2/18/2019 3:00,4,4,0
2/18/2019 4:00,5,2,3
2/18/2019 5:00,11,7,4
2/18/2019 6:00,29,15,14
2/18/2019 7:00,91,41,50
2/18/2019 8:00,158,69,89
2/18/2019 9:00,106,40,66
2/18/2019 10:00,56,18,38
2/18/2019 11:00,41,20,21
2/18/2019 12:00,40,21,19
2/18/2019 13:00,50,28,22
2/18/2019 14:00,80,33,47
2/18/2019 15:00,83,35,48
2/18/2019 16:00,110,36,74
2/18/2019 17:00,195,51,144
2/18/2019 18:00,122,30,92
2/18/2019 19:00,50,10,40
2/18/2019 20:00,24,10,14
2/18/2019 21:00,13,6,7
2/18/2019 22:00,13,5,8
2/18/2019 23:00,6,4,2
2/19/2019 0:00,3,0,3
2/19/2019 1:00,0,0,0
2/19/2019 2:00,2,0,2
2/19/2019 3:00,2,1,1
2/19/2019 4:00,6,4,2
2/19/2019 5:00,29,14,15
2/19/2019 6:00,79,43,36
2/19/2019 7:00,229,118,111
2/19/2019 8:00,290,132,158
2/19/2019 9:00,159,62,97
2/19/2019 10:00,59,31,28
2/19/2019 11:00,40,15,25
2/19/2019 12:00,42,20,22
2/19/2019 13:00,38,13,25
2/19/2019 14:00,32,18,14
2/19/2019 15:00,72,20,52
2/19/2019 16:00,176,45,131
2/19/2019 17:00,307,63,244
2/19/2019 18:00,221,52,169
2/19/2019 19:00,88,26,62
2/19/2019 20:00,31,11,20
2/19/2019 21:00,27,13,14
2/19/2019 22:00,9,5,4
2/19/2019 23:00,5,2,3
2/20/2019 0:00,1,0,1
2/20/2019 1:00,1,0,1
2/20/2019 2:00,1,1,0
2/20/2019 3:00,1,1,0
2/20/2019 4:00,5,4,1
2/20/2019 5:00,28,13,15
2/20/2019 6:00,72,37,35
2/20/2019 7:00,221,109,112
2/20/2019 8:00,330,155,175
2/20/2019 9:00,139,61,78
2/20/2019 10:00,60,24,36
2/20/2019 11:00,58,29,29
2/20/2019 12:00,47,23,24
2/20/2019 13:00,35,13,22
2/20/2019 14:00,49,20,29
2/20/2019 15:00,80,32,48
2/20/2019 16:00,179,57,122
2/20/2019 17:00,340,88,252
2/20/2019 18:00,236,65,171
2/20/2019 19:00,82,30,52
2/20/2019 20:00,47,17,30
2/20/2019 21:00,27,11,16
2/20/2019 22:00,26,8,18
2/20/2019 23:00,6,2,4
2/21/2019 0:00,4,1,3
2/21/2019 1:00,3,0,3
2/21/2019 2:00,1,0,1
2/21/2019 3:00,3,1,2
2/21/2019 4:00,7,7,0
2/21/2019 5:00,29,16,13
2/21/2019 6:00,67,35,32
2/21/2019 7:00,223,119,104
2/21/2019 8:00,348,157,191
2/21/2019 9:00,169,70,99
2/21/2019 10:00,95,49,46
2/21/2019 11:00,77,35,42
2/21/2019 12:00,81,30,51
2/21/2019 13:00,73,41,32
2/21/2019 14:00,77,33,44
2/21/2019 15:00,128,49,79
2/21/2019 16:00,227,55,172
2/21/2019 17:00,388,111,277
2/21/2019 18:00,257,74,183
2/21/2019 19:00,94,23,71
2/21/2019 20:00,62,12,50
2/21/2019 21:00,31,15,16
2/21/2019 22:00,36,8,28
2/21/2019 23:00,14,4,10
2/22/2019 0:00,4,2,2
2/22/2019 1:00,1,0,1
2/22/2019 2:00,1,0,1
2/22/2019 3:00,3,3,0
2/22/2019 4:00,9,4,5
2/22/2019 5:00,18,4,14
2/22/2019 6:00,56,35,21
2/22/2019 7:00,177,89,88
2/22/2019 8:00,264,126,138
2/22/2019 9:00,163,78,85
2/22/2019 10:00,49,17,32
2/22/2019 11:00,28,13,15
2/22/2019 12:00,21,6,15
2/22/2019 13:00,30,11,19
2/22/2019 14:00,29,6,23
2/22/2019 15:00,65,17,48
2/22/2019 16:00,139,34,105
2/22/2019 17:00,282,73,209
2/22/2019 18:00,148,46,102
2/22/2019 19:00,73,17,56
2/22/2019 20:00,29,11,18
2/22/2019 21:00,31,11,20
2/22/2019 22:00,23,10,13
2/22/2019 23:00,10,5,5
2/23/2019 0:00,9,6,3
2/23/2019 1:00,5,4,1
2/23/2019 2:00,4,1,3
2/23/2019 3:00,0,0,0
2/23/2019 4:00,5,1,4
2/23/2019 5:00,0,0,0
2/23/2019 6:00,9,7,2
2/23/2019 7:00,23,9,14
2/23/2019 8:00,34,12,22
2/23/2019 9:00,36,14,22
2/23/2019 10:00,48,19,29
2/23/2019 11:00,68,34,34
2/23/2019 12:00,67,31,36
2/23/2019 13:00,62,30,32
2/23/2019 14:00,59,21,38
2/23/2019 15:00,43,22,21
2/23/2019 16:00,60,29,31
2/23/2019 17:00,48,19,29
2/23/2019 18:00,18,8,10
2/23/2019 19:00,11,5,6
2/23/2019 20:00,11,2,9
2/23/2019 21:00,4,3,1
2/23/2019 22:00,10,6,4
2/23/2019 23:00,9,4,5
2/24/2019 0:00,9,6,3
2/24/2019 1:00,6,1,5
2/24/2019 2:00,6,5,1
2/24/2019 3:00,0,0,0
2/24/2019 4:00,1,0,1
2/24/2019 5:00,3,2,1
2/24/2019 6:00,20,13,7
2/24/2019 7:00,38,20,18
2/24/2019 8:00,69,35,34
2/24/2019 9:00,55,31,24
2/24/2019 10:00,32,19,13
2/24/2019 11:00,60,33,27
2/24/2019 12:00,81,37,44
2/24/2019 13:00,126,61,65
2/24/2019 14:00,98,47,51
2/24/2019 15:00,87,24,63
2/24/2019 16:00,80,41,39
2/24/2019 17:00,63,26,37
2/24/2019 18:00,30,12,18
2/24/2019 19:00,27,16,11
2/24/2019 20:00,10,4,6
2/24/2019 21:00,12,5,7
2/24/2019 22:00,11,4,7
2/24/2019 23:00,9,1,8
2/25/2019 0:00,2,0,2
2/25/2019 1:00,2,1,1
2/25/2019 2:00,1,0,1
2/25/2019 3:00,3,1,2
2/25/2019 4:00,10,4,6
2/25/2019 5:00,24,8,16
2/25/2019 6:00,81,50,31
2/25/2019 7:00,281,154,127
2/25/2019 8:00,409,184,225
2/25/2019 9:00,208,94,114
2/25/2019 10:00,87,49,38
2/25/2019 11:00,61,24,37
2/25/2019 12:00,53,28,25
2/25/2019 13:00,60,33,27
2/25/2019 14:00,63,23,40
2/25/2019 15:00,108,45,63
2/25/2019 16:00,233,64,169
2/25/2019 17:00,447,104,343
2/25/2019 18:00,279,85,194
2/25/2019 19:00,110,30,80
2/25/2019 20:00,60,23,37
2/25/2019 21:00,34,21,13
2/25/2019 22:00,17,5,12
2/25/2019 23:00,10,3,7
2/26/2019 0:00,5,1,4
2/26/2019 1:00,0,0,0
2/26/2019 2:00,1,0,1
2/26/2019 3:00,4,4,0
2/26/2019 4:00,9,7,2
2/26/2019 5:00,27,10,17
2/26/2019 6:00,90,50,40
2/26/2019 7:00,318,168,150
2/26/2019 8:00,458,211,247
2/26/2019 9:00,203,89,114
2/26/2019 10:00,91,41,50
2/26/2019 11:00,71,42,29
2/26/2019 12:00,66,30,36
2/26/2019 13:00,56,21,35
2/26/2019 14:00,78,31,47
2/26/2019 15:00,118,54,64
2/26/2019 16:00,226,58,168
2/26/2019 17:00,444,90,354
2/26/2019 18:00,301,70,231
2/26/2019 19:00,115,32,83
2/26/2019 20:00,62,25,37
2/26/2019 21:00,36,17,19
2/26/2019 22:00,18,7,11
2/26/2019 23:00,6,1,5
2/27/2019 0:00,4,0,4
2/27/2019 1:00,3,0,3
2/27/2019 2:00,1,1,0
2/27/2019 3:00,4,3,1
2/27/2019 4:00,6,3,3
2/27/2019 5:00,28,12,16
2/27/2019 6:00,84,46,38
2/27/2019 7:00,261,134,127
2/27/2019 8:00,378,170,208
2/27/2019 9:00,196,93,103
2/27/2019 10:00,75,39,36
2/27/2019 11:00,47,22,25
2/27/2019 12:00,55,27,28
2/27/2019 13:00,40,16,24
2/27/2019 14:00,60,27,33
2/27/2019 15:00,82,29,53
2/27/2019 16:00,217,53,164
2/27/2019 17:00,404,103,301
2/27/2019 18:00,236,62,174
2/27/2019 19:00,110,27,83
2/27/2019 20:00,52,20,32
2/27/2019 21:00,39,18,21
2/27/2019 22:00,28,6,22
2/27/2019 23:00,5,1,4
2/28/2019 0:00,6,1,5
2/28/2019 1:00,4,1,3
2/28/2019 2:00,4,1,3
2/28/2019 3:00,2,1,1
2/28/2019 4:00,7,5,2
2/28/2019 5:00,33,17,16
2/28/2019 6:00,82,43,39
2/28/2019 7:00,282,148,134
2/28/2019 8:00,393,182,211
2/28/2019 9:00,207,79,128
2/28/2019 10:00,65,30,35
2/28/2019 11:00,69,40,29
2/28/2019 12:00,78,43,35
2/28/2019 13:00,68,42,26
2/28/2019 14:00,69,29,40
2/28/2019 15:00,132,48,84
2/28/2019 16:00,227,68,159
2/28/2019 17:00,491,128,363
2/28/2019 18:00,268,70,198
2/28/2019 19:00,98,39,59
2/28/2019 20:00,66,16,50
2/28/2019 21:00,48,16,32
2/28/2019 22:00,31,4,27
2/28/2019 23:00,11,5,6
3/1/2019 0:00,1,1,0
3/1/2019 1:00,2,2,0
3/1/2019 2:00,3,1,2
3/1/2019 3:00,0,0,0
3/1/2019 4:00,8,3,5
3/1/2019 5:00,16,6,10
3/1/2019 6:00,78,42,36
3/1/2019 7:00,247,130,117
3/1/2019 8:00,406,189,217
3/1/2019 9:00,206,84,122
3/1/2019 10:00,93,44,49
3/1/2019 11:00,64,29,35
3/1/2019 12:00,95,50,45
3/1/2019 13:00,81,38,43
3/1/2019 14:00,89,41,48
3/1/2019 15:00,120,41,79
3/1/2019 16:00,254,68,186
3/1/2019 17:00,445,111,334
3/1/2019 18:00,234,66,168
3/1/2019 19:00,87,26,61
3/1/2019 20:00,42,12,30
3/1/2019 21:00,34,13,21
3/1/2019 22:00,27,7,20
3/1/2019 23:00,25,13,12
3/2/2019 0:00,9,4,5
3/2/2019 1:00,7,3,4
3/2/2019 2:00,4,0,4
3/2/2019 3:00,1,0,1
3/2/2019 4:00,3,0,3
3/2/2019 5:00,5,2,3
3/2/2019 6:00,10,3,7
3/2/2019 7:00,28,19,9
3/2/2019 8:00,53,29,24
3/2/2019 9:00,67,40,27
3/2/2019 10:00,106,56,50
3/2/2019 11:00,153,99,54
3/2/2019 12:00,131,62,69
3/2/2019 13:00,179,88,91
3/2/2019 14:00,178,87,91
3/2/2019 15:00,150,74,76
3/2/2019 16:00,125,60,65
3/2/2019 17:00,122,67,55
3/2/2019 18:00,47,29,18
3/2/2019 19:00,30,16,14
3/2/2019 20:00,15,8,7
3/2/2019 21:00,27,7,20
3/2/2019 22:00,16,1,15
3/2/2019 23:00,15,3,12
3/3/2019 0:00,5,1,4
3/3/2019 1:00,1,1,0
3/3/2019 2:00,2,0,2
3/3/2019 3:00,2,0,2
3/3/2019 4:00,1,0,1
3/3/2019 5:00,1,0,1
3/3/2019 6:00,11,5,6
3/3/2019 7:00,17,8,9
3/3/2019 8:00,33,21,12
3/3/2019 9:00,63,26,37
3/3/2019 10:00,80,39,41
3/3/2019 11:00,121,56,65
3/3/2019 12:00,158,85,73
3/3/2019 13:00,154,79,75
3/3/2019 14:00,154,72,82
3/3/2019 15:00,147,73,74
3/3/2019 16:00,141,69,72
3/3/2019 17:00,89,46,43
3/3/2019 18:00,40,20,20
3/3/2019 19:00,23,10,13
3/3/2019 20:00,14,9,5
3/3/2019 21:00,7,2,5
3/3/2019 22:00,5,1,4
3/3/2019 23:00,4,1,3
3/4/2019 0:00,1,0,1
3/4/2019 1:00,1,0,1
3/4/2019 2:00,3,3,0
3/4/2019 3:00,1,1,0
3/4/2019 4:00,8,4,4
3/4/2019 5:00,26,12,14
3/4/2019 6:00,109,70,39
3/4/2019 7:00,282,152,130
3/4/2019 8:00,484,225,259
3/4/2019 9:00,229,101,128
3/4/2019 10:00,90,37,53
3/4/2019 11:00,73,37,36
3/4/2019 12:00,60,25,35
3/4/2019 13:00,69,33,36
3/4/2019 14:00,69,28,41
3/4/2019 15:00,130,49,81
3/4/2019 16:00,258,61,197
3/4/2019 17:00,532,137,395
3/4/2019 18:00,301,85,216
3/4/2019 19:00,122,41,81
3/4/2019 20:00,48,15,33
3/4/2019 21:00,36,12,24
3/4/2019 22:00,14,6,8
3/4/2019 23:00,7,4,3
3/5/2019 0:00,1,0,1
3/5/2019 1:00,0,0,0
3/5/2019 2:00,2,1,1
3/5/2019 3:00,1,1,0
3/5/2019 4:00,9,4,5
3/5/2019 5:00,25,14,11
3/5/2019 6:00,113,65,48
3/5/2019 7:00,305,158,147
3/5/2019 8:00,429,214,215
3/5/2019 9:00,231,100,131
3/5/2019 10:00,108,56,52
3/5/2019 11:00,86,42,44
3/5/2019 12:00,73,35,38
3/5/2019 13:00,76,31,45
3/5/2019 14:00,97,48,49
3/5/2019 15:00,136,55,81
3/5/2019 16:00,268,72,196
3/5/2019 17:00,516,118,398
3/5/2019 18:00,325,88,237
3/5/2019 19:00,125,34,91
3/5/2019 20:00,61,19,42
3/5/2019 21:00,25,12,13
3/5/2019 22:00,31,14,17
3/5/2019 23:00,11,4,7
3/6/2019 0:00,1,0,1
3/6/2019 1:00,1,0,1
3/6/2019 2:00,3,0,3
3/6/2019 3:00,0,0,0
3/6/2019 4:00,11,7,4
3/6/2019 5:00,20,9,11
3/6/2019 6:00,94,54,40
3/6/2019 7:00,295,155,140
3/6/2019 8:00,353,156,197
3/6/2019 9:00,200,85,115
3/6/2019 10:00,71,26,45
3/6/2019 11:00,49,19,30
3/6/2019 12:00,50,27,23
3/6/2019 13:00,40,19,21
3/6/2019 14:00,33,11,22
3/6/2019 15:00,66,20,46
3/6/2019 16:00,166,40,126
3/6/2019 17:00,381,90,291
3/6/2019 18:00,217,50,167
3/6/2019 19:00,102,27,75
3/6/2019 20:00,39,16,23
3/6/2019 21:00,32,11,21
3/6/2019 22:00,18,6,12
3/6/2019 23:00,5,1,4
3/7/2019 0:00,2,1,1
3/7/2019 1:00,5,2,3
3/7/2019 2:00,0,0,0
3/7/2019 3:00,3,1,2
3/7/2019 4:00,9,5,4
3/7/2019 5:00,18,7,11
3/7/2019 6:00,56,33,23
3/7/2019 7:00,115,62,53
3/7/2019 8:00,206,74,132
3/7/2019 9:00,128,60,68
3/7/2019 10:00,46,25,21
3/7/2019 11:00,46,18,28
3/7/2019 12:00,27,13,14
3/7/2019 13:00,35,17,18
3/7/2019 14:00,51,24,27
3/7/2019 15:00,57,22,35
3/7/2019 16:00,131,33,98
3/7/2019 17:00,240,66,174
3/7/2019 18:00,158,46,112
3/7/2019 19:00,69,15,54
3/7/2019 20:00,44,15,29
3/7/2019 21:00,27,7,20
3/7/2019 22:00,24,6,18
3/7/2019 23:00,8,3,5
3/8/2019 0:00,5,0,5
3/8/2019 1:00,2,1,1
3/8/2019 2:00,3,0,3
3/8/2019 3:00,2,0,2
3/8/2019 4:00,4,3,1
3/8/2019 5:00,22,11,11
3/8/2019 6:00,74,38,36
3/8/2019 7:00,217,114,103
3/8/2019 8:00,252,128,124
3/8/2019 9:00,121,50,71
3/8/2019 10:00,53,23,30
3/8/2019 11:00,32,15,17
3/8/2019 12:00,33,13,20
3/8/2019 13:00,42,20,22
3/8/2019 14:00,60,18,42
3/8/2019 15:00,88,41,47
3/8/2019 16:00,191,43,148
3/8/2019 17:00,355,75,280
3/8/2019 18:00,164,50,114
3/8/2019 19:00,79,22,57
3/8/2019 20:00,30,9,21
3/8/2019 21:00,18,5,13
3/8/2019 22:00,18,7,11
3/8/2019 23:00,11,7,4
3/9/2019 0:00,8,1,7
3/9/2019 1:00,6,5,1
3/9/2019 2:00,5,1,4
3/9/2019 3:00,1,0,1
3/9/2019 4:00,5,0,5
3/9/2019 5:00,4,2,2
3/9/2019 6:00,10,5,5
3/9/2019 7:00,13,4,9
3/9/2019 8:00,39,12,27
3/9/2019 9:00,63,27,36
3/9/2019 10:00,68,47,21
3/9/2019 11:00,102,56,46
3/9/2019 12:00,123,80,43
3/9/2019 13:00,156,74,82
3/9/2019 14:00,161,71,90
3/9/2019 15:00,169,84,85
3/9/2019 16:00,144,69,75
3/9/2019 17:00,92,49,43
3/9/2019 18:00,52,21,31
3/9/2019 19:00,40,25,15
3/9/2019 20:00,20,7,13
3/9/2019 21:00,23,6,17
3/9/2019 22:00,13,2,11
3/9/2019 23:00,12,4,8
3/10/2019 0:00,10,1,9
3/10/2019 1:00,2,2,0
3/10/2019 2:00,,,
3/10/2019 3:00,1,0,1
3/10/2019 4:00,2,1,1
3/10/2019 5:00,3,2,1
3/10/2019 6:00,4,2,2
3/10/2019 7:00,15,7,8
3/10/2019 8:00,29,17,12
3/10/2019 9:00,44,20,24
3/10/2019 10:00,65,39,26
3/10/2019 11:00,115,50,65
3/10/2019 12:00,147,73,74
3/10/2019 13:00,167,90,77
3/10/2019 14:00,187,105,82
3/10/2019 15:00,227,105,122
3/10/2019 16:00,156,78,78
3/10/2019 17:00,132,61,71
3/10/2019 18:00,71,38,33
3/10/2019 19:00,39,20,19
3/10/2019 20:00,33,20,13
3/10/2019 21:00,9,5,4
3/10/2019 22:00,6,1,5
3/10/2019 23:00,4,1,3
3/11/2019 0:00,5,2,3
3/11/2019 1:00,6,4,2
3/11/2019 2:00,0,0,0
3/11/2019 3:00,2,0,2
3/11/2019 4:00,5,2,3
3/11/2019 5:00,30,16,14
3/11/2019 6:00,95,55,40
3/11/2019 7:00,268,150,118
3/11/2019 8:00,463,241,222
3/11/2019 9:00,241,100,141
3/11/2019 10:00,91,39,52
3/11/2019 11:00,67,31,36
3/11/2019 12:00,50,29,21
3/11/2019 13:00,64,30,34
3/11/2019 14:00,47,20,27
3/11/2019 15:00,114,46,68
3/11/2019 16:00,252,60,192
3/11/2019 17:00,494,126,368
3/11/2019 18:00,276,70,206
3/11/2019 19:00,111,30,81
3/11/2019 20:00,47,11,36
3/11/2019 21:00,20,10,10
3/11/2019 22:00,8,5,3
3/11/2019 23:00,11,1,10
3/12/2019 0:00,0,0,0
3/12/2019 1:00,0,0,0
3/12/2019 2:00,0,0,0
3/12/2019 3:00,0,0,0
3/12/2019 4:00,8,3,5
3/12/2019 5:00,18,8,10
3/12/2019 6:00,68,39,29
3/12/2019 7:00,223,116,107
3/12/2019 8:00,343,175,168
3/12/2019 9:00,193,81,112
3/12/2019 10:00,66,29,37
3/12/2019 11:00,40,13,27
3/12/2019 12:00,29,13,16
3/12/2019 13:00,31,14,17
3/12/2019 14:00,41,16,25
3/12/2019 15:00,69,27,42
3/12/2019 16:00,173,37,136
3/12/2019 17:00,368,95,273
3/12/2019 18:00,303,89,214
3/12/2019 19:00,118,37,81
3/12/2019 20:00,59,16,43
3/12/2019 21:00,31,11,20
3/12/2019 22:00,21,7,14
3/12/2019 23:00,7,3,4
3/13/2019 0:00,4,1,3
3/13/2019 1:00,0,0,0
3/13/2019 2:00,1,1,0
3/13/2019 3:00,2,1,1
3/13/2019 4:00,6,3,3
3/13/2019 5:00,36,14,22
3/13/2019 6:00,111,60,51
3/13/2019 7:00,270,135,135
3/13/2019 8:00,407,185,222
3/13/2019 9:00,228,103,125
3/13/2019 10:00,93,39,54
3/13/2019 11:00,60,25,35
3/13/2019 12:00,80,41,39
3/13/2019 13:00,62,25,37
3/13/2019 14:00,69,34,35
3/13/2019 15:00,126,44,82
3/13/2019 16:00,285,66,219
3/13/2019 17:00,514,139,375
3/13/2019 18:00,354,106,248
3/13/2019 19:00,164,48,116
3/13/2019 20:00,79,32,47
3/13/2019 21:00,46,13,33
3/13/2019 22:00,30,12,18
3/13/2019 23:00,12,6,6
3/14/2019 0:00,4,1,3
3/14/2019 1:00,2,0,2
3/14/2019 2:00,2,0,2
3/14/2019 3:00,5,2,3
3/14/2019 4:00,9,6,3
3/14/2019 5:00,42,23,19
3/14/2019 6:00,95,47,48
3/14/2019 7:00,270,143,127
3/14/2019 8:00,466,227,239
3/14/2019 9:00,248,109,139
3/14/2019 10:00,93,39,54
3/14/2019 11:00,83,36,47
3/14/2019 12:00,58,28,30
3/14/2019 13:00,78,33,45
3/14/2019 14:00,93,45,48
3/14/2019 15:00,134,48,86
3/14/2019 16:00,268,81,187
3/14/2019 17:00,496,116,380
3/14/2019 18:00,307,82,225
3/14/2019 19:00,146,39,107
3/14/2019 20:00,83,37,46
3/14/2019 21:00,38,17,21
3/14/2019 22:00,34,17,17
3/14/2019 23:00,26,10,16
3/15/2019 0:00,4,0,4
3/15/2019 1:00,2,0,2
3/15/2019 2:00,2,1,1
3/15/2019 3:00,2,0,2
3/15/2019 4:00,6,2,4
3/15/2019 5:00,34,15,19
3/15/2019 6:00,86,51,35
3/15/2019 7:00,247,128,119
3/15/2019 8:00,408,204,204
3/15/2019 9:00,238,119,119
3/15/2019 10:00,96,41,55
3/15/2019 11:00,86,43,43
3/15/2019 12:00,82,30,52
3/15/2019 13:00,102,42,60
3/15/2019 14:00,126,54,72
3/15/2019 15:00,174,70,104
3/15/2019 16:00,308,87,221
3/15/2019 17:00,503,129,374
3/15/2019 18:00,260,65,195
3/15/2019 19:00,102,34,68
3/15/2019 20:00,62,24,38
3/15/2019 21:00,34,21,13
3/15/2019 22:00,33,16,17
3/15/2019 23:00,24,8,16
3/16/2019 0:00,12,3,9
3/16/2019 1:00,7,1,6
3/16/2019 2:00,5,3,2
3/16/2019 3:00,1,1,0
3/16/2019 4:00,2,1,1
3/16/2019 5:00,10,2,8
3/16/2019 6:00,10,5,5
3/16/2019 7:00,35,15,20
3/16/2019 8:00,56,26,30
3/16/2019 9:00,86,38,48
3/16/2019 10:00,90,47,43
3/16/2019 11:00,121,59,62
3/16/2019 12:00,167,92,75
3/16/2019 13:00,178,76,102
3/16/2019 14:00,210,92,118
3/16/2019 15:00,222,79,143
3/16/2019 16:00,187,85,102
3/16/2019 17:00,142,58,84
3/16/2019 18:00,104,49,55
3/16/2019 19:00,72,34,38
3/16/2019 20:00,49,15,34
3/16/2019 21:00,24,16,8
3/16/2019 22:00,32,7,25
3/16/2019 23:00,18,6,12
3/17/2019 0:00,13,5,8
3/17/2019 1:00,10,7,3
3/17/2019 2:00,8,5,3
3/17/2019 3:00,1,1,0
3/17/2019 4:00,4,1,3
3/17/2019 5:00,7,1,6
3/17/2019 6:00,9,5,4
3/17/2019 7:00,27,12,15
3/17/2019 8:00,54,31,23
3/17/2019 9:00,116,62,54
3/17/2019 10:00,125,61,64
3/17/2019 11:00,200,101,99
3/17/2019 12:00,219,96,123
3/17/2019 13:00,297,121,176
3/17/2019 14:00,272,115,157
3/17/2019 15:00,240,109,131
3/17/2019 16:00,228,117,111
3/17/2019 17:00,164,85,79
3/17/2019 18:00,112,47,65
3/17/2019 19:00,62,28,34
3/17/2019 20:00,25,11,14
3/17/2019 21:00,25,10,15
3/17/2019 22:00,5,2,3
3/17/2019 23:00,11,3,8
3/18/2019 0:00,8,3,5
3/18/2019 1:00,0,0,0
3/18/2019 2:00,1,0,1
3/18/2019 3:00,3,1,2
3/18/2019 4:00,10,5,5
3/18/2019 5:00,47,25,22
3/18/2019 6:00,137,73,64
3/18/2019 7:00,365,197,168
3/18/2019 8:00,620,289,331
3/18/2019 9:00,307,144,163
3/18/2019 10:00,144,54,90
3/18/2019 11:00,81,35,46
3/18/2019 12:00,103,48,55
3/18/2019 13:00,108,43,65
3/18/2019 14:00,132,62,70
3/18/2019 15:00,180,68,112
3/18/2019 16:00,434,118,316
3/18/2019 17:00,782,180,602
3/18/2019 18:00,460,134,326
3/18/2019 19:00,225,66,159
3/18/2019 20:00,95,43,52
3/18/2019 21:00,47,24,23
3/18/2019 22:00,14,2,12
3/18/2019 23:00,13,4,9
3/19/2019 0:00,5,1,4
3/19/2019 1:00,1,0,1
3/19/2019 2:00,3,0,3
3/19/2019 3:00,1,1,0
3/19/2019 4:00,9,5,4
3/19/2019 5:00,45,20,25
3/19/2019 6:00,148,77,71
3/19/2019 7:00,447,219,228
3/19/2019 8:00,693,341,352
3/19/2019 9:00,350,162,188
3/19/2019 10:00,134,51,83
3/19/2019 11:00,126,60,66
3/19/2019 12:00,116,48,68
3/19/2019 13:00,133,71,62
3/19/2019 14:00,159,58,101
3/19/2019 15:00,234,86,148
3/19/2019 16:00,456,115,341
3/19/2019 17:00,826,207,619
3/19/2019 18:00,543,175,368
3/19/2019 19:00,251,102,149
3/19/2019 20:00,133,56,77
3/19/2019 21:00,72,21,51
3/19/2019 22:00,50,15,35
3/19/2019 23:00,15,6,9
3/20/2019 0:00,9,6,3
3/20/2019 1:00,4,1,3
3/20/2019 2:00,4,1,3
3/20/2019 3:00,6,0,6
3/20/2019 4:00,7,6,1
3/20/2019 5:00,46,23,23
3/20/2019 6:00,155,80,75
3/20/2019 7:00,458,243,215
3/20/2019 8:00,669,317,352
3/20/2019 9:00,322,129,193
3/20/2019 10:00,137,73,64
3/20/2019 11:00,107,62,45
3/20/2019 12:00,136,61,75
3/20/2019 13:00,122,54,68
3/20/2019 14:00,120,51,69
3/20/2019 15:00,208,79,129
3/20/2019 16:00,453,104,349
3/20/2019 17:00,811,176,635
3/20/2019 18:00,576,173,403
3/20/2019 19:00,226,85,141
3/20/2019 20:00,124,47,77
3/20/2019 21:00,67,26,41
3/20/2019 22:00,40,16,24
3/20/2019 23:00,24,4,20
3/21/2019 0:00,8,1,7
3/21/2019 1:00,3,0,3
3/21/2019 2:00,1,0,1
3/21/2019 3:00,2,0,2
3/21/2019 4:00,9,7,2
3/21/2019 5:00,38,19,19
3/21/2019 6:00,129,71,58
3/21/2019 7:00,408,198,210
3/21/2019 8:00,578,270,308
3/21/2019 9:00,312,137,175
3/21/2019 10:00,111,45,66
3/21/2019 11:00,104,49,55
3/21/2019 12:00,78,31,47
3/21/2019 13:00,92,39,53
3/21/2019 14:00,112,39,73
3/21/2019 15:00,161,46,115
3/21/2019 16:00,333,84,249
3/21/2019 17:00,668,153,515
3/21/2019 18:00,441,124,317
3/21/2019 19:00,182,59,123
3/21/2019 20:00,88,36,52
3/21/2019 21:00,69,22,47
3/21/2019 22:00,33,8,25
3/21/2019 23:00,19,6,13
3/22/2019 0:00,8,4,4
3/22/2019 1:00,2,0,2
3/22/2019 2:00,5,3,2
3/22/2019 3:00,1,1,0
3/22/2019 4:00,5,2,3
3/22/2019 5:00,23,13,10
3/22/2019 6:00,99,50,49
3/22/2019 7:00,304,151,153
3/22/2019 8:00,421,208,213
3/22/2019 9:00,257,119,138
3/22/2019 10:00,104,54,50
3/22/2019 11:00,113,48,65
3/22/2019 12:00,102,44,58
3/22/2019 13:00,102,46,56
3/22/2019 14:00,127,69,58
3/22/2019 15:00,196,67,129
3/22/2019 16:00,290,73,217
3/22/2019 17:00,428,93,335
3/22/2019 18:00,249,81,168
3/22/2019 19:00,86,23,63
3/22/2019 20:00,53,12,41
3/22/2019 21:00,32,8,24
3/22/2019 22:00,32,3,29
3/22/2019 23:00,16,7,9
3/23/2019 0:00,13,4,9
3/23/2019 1:00,6,5,1
3/23/2019 2:00,2,1,1
3/23/2019 3:00,0,0,0
3/23/2019 4:00,1,0,1
3/23/2019 5:00,2,1,1
3/23/2019 6:00,21,10,11
3/23/2019 7:00,30,11,19
3/23/2019 8:00,48,23,25
3/23/2019 9:00,83,40,43
3/23/2019 10:00,78,48,30
3/23/2019 11:00,138,64,74
3/23/2019 12:00,178,62,116
3/23/2019 13:00,168,62,106
3/23/2019 14:00,179,87,92
3/23/2019 15:00,194,82,112
3/23/2019 16:00,182,92,90
3/23/2019 17:00,152,72,80
3/23/2019 18:00,131,77,54
3/23/2019 19:00,79,41,38
3/23/2019 20:00,39,20,19
3/23/2019 21:00,33,20,13
3/23/2019 22:00,32,18,14
3/23/2019 23:00,30,5,25
3/24/2019 0:00,17,8,9
3/24/2019 1:00,7,2,5
3/24/2019 2:00,9,6,3
3/24/2019 3:00,0,0,0
3/24/2019 4:00,2,0,2
3/24/2019 5:00,4,1,3
3/24/2019 6:00,11,6,5
3/24/2019 7:00,23,12,11
3/24/2019 8:00,58,27,31
3/24/2019 9:00,91,37,54
3/24/2019 10:00,108,61,47
3/24/2019 11:00,158,81,77
3/24/2019 12:00,167,82,85
3/24/2019 13:00,186,84,102
3/24/2019 14:00,188,79,109
3/24/2019 15:00,178,85,93
3/24/2019 16:00,153,90,63
3/24/2019 17:00,118,55,63
3/24/2019 18:00,96,43,53
3/24/2019 19:00,56,25,31
3/24/2019 20:00,34,16,18
3/24/2019 21:00,27,11,16
3/24/2019 22:00,11,5,6
3/24/2019 23:00,4,1,3
3/25/2019 0:00,6,2,4
3/25/2019 1:00,1,0,1
3/25/2019 2:00,3,1,2
3/25/2019 3:00,1,0,1
3/25/2019 4:00,11,7,4
3/25/2019 5:00,34,21,13
3/25/2019 6:00,112,59,53
3/25/2019 7:00,320,150,170
3/25/2019 8:00,508,251,257
3/25/2019 9:00,234,111,123
3/25/2019 10:00,97,45,52
3/25/2019 11:00,71,36,35
3/25/2019 12:00,81,43,38
3/25/2019 13:00,76,35,41
3/25/2019 14:00,75,26,49
3/25/2019 15:00,135,51,84
3/25/2019 16:00,293,69,224
3/25/2019 17:00,465,103,362
3/25/2019 18:00,258,47,211
3/25/2019 19:00,96,26,70
3/25/2019 20:00,30,14,16
3/25/2019 21:00,28,8,20
3/25/2019 22:00,11,6,5
3/25/2019 23:00,11,3,8
3/26/2019 0:00,2,0,2
3/26/2019 1:00,4,1,3
3/26/2019 2:00,2,1,1
3/26/2019 3:00,1,0,1
3/26/2019 4:00,8,5,3
3/26/2019 5:00,30,17,13
3/26/2019 6:00,114,60,54
3/26/2019 7:00,358,172,186
3/26/2019 8:00,532,258,274
3/26/2019 9:00,292,128,164
3/26/2019 10:00,102,51,51
3/26/2019 11:00,63,31,32
3/26/2019 12:00,86,39,47
3/26/2019 13:00,96,40,56
3/26/2019 14:00,105,47,58
3/26/2019 15:00,178,73,105
3/26/2019 16:00,353,108,245
3/26/2019 17:00,625,150,475
3/26/2019 18:00,427,118,309
3/26/2019 19:00,177,67,110
3/26/2019 20:00,84,29,55
3/26/2019 21:00,64,30,34
3/26/2019 22:00,18,7,11
3/26/2019 23:00,21,8,13
3/27/2019 0:00,9,3,6
3/27/2019 1:00,5,0,5
3/27/2019 2:00,1,0,1
3/27/2019 3:00,4,2,2
3/27/2019 4:00,10,4,6
3/27/2019 5:00,35,20,15
3/27/2019 6:00,139,70,69
3/27/2019 7:00,385,196,189
3/27/2019 8:00,552,282,270
3/27/2019 9:00,299,139,160
3/27/2019 10:00,116,55,61
3/27/2019 11:00,98,44,54
3/27/2019 12:00,95,48,47
3/27/2019 13:00,86,38,48
3/27/2019 14:00,95,25,70
3/27/2019 15:00,130,55,75
3/27/2019 16:00,301,76,225
3/27/2019 17:00,693,182,511
3/27/2019 18:00,375,96,279
3/27/2019 19:00,191,49,142
3/27/2019 20:00,71,30,41
3/27/2019 21:00,62,22,40
3/27/2019 22:00,23,8,15
3/27/2019 23:00,15,7,8
3/28/2019 0:00,4,2,2
3/28/2019 1:00,2,0,2
3/28/2019 2:00,2,1,1
3/28/2019 3:00,4,2,2
3/28/2019 4:00,6,3,3
3/28/2019 5:00,40,17,23
3/28/2019 6:00,129,64,65
3/28/2019 7:00,352,186,166
3/28/2019 8:00,539,252,287
3/28/2019 9:00,261,120,141
3/28/2019 10:00,115,49,66
3/28/2019 11:00,105,53,52
3/28/2019 12:00,94,41,53
3/28/2019 13:00,94,45,49
3/28/2019 14:00,124,58,66
3/28/2019 15:00,183,67,116
3/28/2019 16:00,358,97,261
3/28/2019 17:00,617,161,456
3/28/2019 18:00,372,115,257
3/28/2019 19:00,182,55,127
3/28/2019 20:00,92,28,64
3/28/2019 21:00,58,19,39
3/28/2019 22:00,33,12,21
3/28/2019 23:00,24,8,16
3/29/2019 0:00,11,5,6
3/29/2019 1:00,4,1,3
3/29/2019 2:00,3,1,2
3/29/2019 3:00,3,0,3
3/29/2019 4:00,10,2,8
3/29/2019 5:00,29,15,14
3/29/2019 6:00,96,52,44
3/29/2019 7:00,348,170,178
3/29/2019 8:00,485,257,228
3/29/2019 9:00,266,117,149
3/29/2019 10:00,126,67,59
3/29/2019 11:00,110,62,48
3/29/2019 12:00,121,51,70
3/29/2019 13:00,116,58,58
3/29/2019 14:00,124,53,71
3/29/2019 15:00,189,81,108
3/29/2019 16:00,339,85,254
3/29/2019 17:00,558,117,441
3/29/2019 18:00,292,89,203
3/29/2019 19:00,158,57,101
3/29/2019 20:00,87,37,50
3/29/2019 21:00,44,18,26
3/29/2019 22:00,31,14,17
3/29/2019 23:00,38,11,27
3/30/2019 0:00,20,6,14
3/30/2019 1:00,11,8,3
3/30/2019 2:00,7,4,3
3/30/2019 3:00,7,3,4
3/30/2019 4:00,8,2,6
3/30/2019 5:00,3,0,3
3/30/2019 6:00,25,10,15
3/30/2019 7:00,36,15,21
3/30/2019 8:00,76,31,45
3/30/2019 9:00,117,49,68
3/30/2019 10:00,143,73,70
3/30/2019 11:00,175,87,88
3/30/2019 12:00,226,121,105
3/30/2019 13:00,300,144,156
3/30/2019 14:00,245,127,118
3/30/2019 15:00,290,144,146
3/30/2019 16:00,253,128,125
3/30/2019 17:00,210,108,102
3/30/2019 18:00,145,71,74
3/30/2019 19:00,101,48,53
3/30/2019 20:00,48,23,25
3/30/2019 21:00,44,21,23
3/30/2019 22:00,28,14,14
3/30/2019 23:00,19,2,17
3/31/2019 0:00,16,7,9
3/31/2019 1:00,10,5,5
3/31/2019 2:00,6,2,4
3/31/2019 3:00,4,2,2
3/31/2019 4:00,5,1,4
3/31/2019 5:00,3,0,3
3/31/2019 6:00,15,5,10
3/31/2019 7:00,29,8,21
3/31/2019 8:00,67,35,32
3/31/2019 9:00,98,50,48
3/31/2019 10:00,149,72,77
3/31/2019 11:00,188,98,90
3/31/2019 12:00,241,115,126
3/31/2019 13:00,251,129,122
3/31/2019 14:00,238,110,128
3/31/2019 15:00,251,130,121
3/31/2019 16:00,211,106,105
3/31/2019 17:00,205,99,106
3/31/2019 18:00,162,73,89
3/31/2019 19:00,88,30,58
3/31/2019 20:00,57,26,31
3/31/2019 21:00,33,18,15
3/31/2019 22:00,21,7,14
3/31/2019 23:00,16,6,10
4/1/2019 0:00,8,5,3
4/1/2019 1:00,6,4,2
4/1/2019 2:00,4,3,1
4/1/2019 3:00,3,1,2
4/1/2019 4:00,11,4,7
4/1/2019 5:00,35,23,12
4/1/2019 6:00,143,67,76
4/1/2019 7:00,452,234,218
4/1/2019 8:00,645,312,333
4/1/2019 9:00,307,131,176
4/1/2019 10:00,121,46,75
4/1/2019 11:00,99,46,53
4/1/2019 12:00,98,37,61
4/1/2019 13:00,102,45,57
4/1/2019 14:00,99,45,54
4/1/2019 15:00,186,73,113
4/1/2019 16:00,380,91,289
4/1/2019 17:00,750,174,576
4/1/2019 18:00,497,140,357
4/1/2019 19:00,190,64,126
4/1/2019 20:00,93,38,55
4/1/2019 21:00,52,26,26
4/1/2019 22:00,34,15,19
4/1/2019 23:00,16,5,11
4/2/2019 0:00,7,6,1
4/2/2019 1:00,7,6,1
4/2/2019 2:00,4,3,1
4/2/2019 3:00,5,3,2
4/2/2019 4:00,15,7,8
4/2/2019 5:00,39,18,21
4/2/2019 6:00,146,80,66
4/2/2019 7:00,484,248,236
4/2/2019 8:00,666,310,356
4/2/2019 9:00,311,140,171
4/2/2019 10:00,150,66,84
4/2/2019 11:00,96,51,45
4/2/2019 12:00,96,42,54
4/2/2019 13:00,122,59,63
4/2/2019 14:00,103,49,54
4/2/2019 15:00,189,78,111
4/2/2019 16:00,405,98,307
4/2/2019 17:00,737,181,556
4/2/2019 18:00,494,111,383
4/2/2019 19:00,173,64,109
4/2/2019 20:00,98,29,69
4/2/2019 21:00,63,28,35
4/2/2019 22:00,37,11,26
4/2/2019 23:00,14,7,7
4/3/2019 0:00,11,5,6
4/3/2019 1:00,5,3,2
4/3/2019 2:00,3,2,1
4/3/2019 3:00,3,1,2
4/3/2019 4:00,14,9,5
4/3/2019 5:00,30,11,19
4/3/2019 6:00,119,65,54
4/3/2019 7:00,381,191,190
4/3/2019 8:00,490,219,271
4/3/2019 9:00,216,96,120
4/3/2019 10:00,81,35,46
4/3/2019 11:00,58,27,31
4/3/2019 12:00,53,25,28
4/3/2019 13:00,72,40,32
4/3/2019 14:00,70,21,49
4/3/2019 15:00,140,52,88
4/3/2019 16:00,258,61,197
4/3/2019 17:00,560,142,418
4/3/2019 18:00,322,66,256
4/3/2019 19:00,136,54,82
4/3/2019 20:00,75,32,43
4/3/2019 21:00,51,20,31
4/3/2019 22:00,21,9,12
4/3/2019 23:00,15,6,9
4/4/2019 0:00,5,3,2
4/4/2019 1:00,3,0,3
4/4/2019 2:00,2,1,1
4/4/2019 3:00,3,2,1
4/4/2019 4:00,8,5,3
4/4/2019 5:00,39,21,18
4/4/2019 6:00,129,74,55
4/4/2019 7:00,407,224,183
4/4/2019 8:00,614,275,339
4/4/2019 9:00,280,120,160
4/4/2019 10:00,131,54,77
4/4/2019 11:00,107,56,51
4/4/2019 12:00,114,54,60
4/4/2019 13:00,104,51,53
4/4/2019 14:00,109,51,58
4/4/2019 15:00,168,67,101
4/4/2019 16:00,378,117,261
4/4/2019 17:00,661,160,501
4/4/2019 18:00,449,123,326
4/4/2019 19:00,174,55,119
4/4/2019 20:00,71,15,56
4/4/2019 21:00,51,19,32
4/4/2019 22:00,28,14,14
4/4/2019 23:00,21,7,14
4/5/2019 0:00,3,2,1
4/5/2019 1:00,2,1,1
4/5/2019 2:00,1,0,1
4/5/2019 3:00,3,0,3
4/5/2019 4:00,6,4,2
4/5/2019 5:00,25,11,14
4/5/2019 6:00,72,31,41
4/5/2019 7:00,269,129,140
4/5/2019 8:00,366,168,198
4/5/2019 9:00,223,100,123
4/5/2019 10:00,82,29,53
4/5/2019 11:00,69,28,41
4/5/2019 12:00,37,16,21
4/5/2019 13:00,34,15,19
4/5/2019 14:00,34,13,21
4/5/2019 15:00,81,23,58
4/5/2019 16:00,229,47,182
4/5/2019 17:00,416,99,317
4/5/2019 18:00,227,60,167
4/5/2019 19:00,108,33,75
4/5/2019 20:00,41,17,24
4/5/2019 21:00,24,12,12
4/5/2019 22:00,21,11,10
4/5/2019 23:00,13,6,7
4/6/2019 0:00,9,6,3
4/6/2019 1:00,15,6,9
4/6/2019 2:00,5,3,2
4/6/2019 3:00,2,0,2
4/6/2019 4:00,4,1,3
4/6/2019 5:00,2,0,2
4/6/2019 6:00,10,5,5
4/6/2019 7:00,16,7,9
4/6/2019 8:00,33,13,20
4/6/2019 9:00,26,14,12
4/6/2019 10:00,37,13,24
4/6/2019 11:00,57,36,21
4/6/2019 12:00,76,35,41
4/6/2019 13:00,64,28,36
4/6/2019 14:00,53,27,26
4/6/2019 15:00,51,21,30
4/6/2019 16:00,63,23,40
4/6/2019 17:00,48,21,27
4/6/2019 18:00,43,22,21
4/6/2019 19:00,32,18,14
4/6/2019 20:00,22,12,10
4/6/2019 21:00,20,11,9
4/6/2019 22:00,13,4,9
4/6/2019 23:00,10,6,4
4/7/2019 0:00,5,3,2
4/7/2019 1:00,5,3,2
4/7/2019 2:00,1,0,1
4/7/2019 3:00,1,0,1
4/7/2019 4:00,7,1,6
4/7/2019 5:00,2,1,1
4/7/2019 6:00,10,6,4
4/7/2019 7:00,19,8,11
4/7/2019 8:00,58,19,39
4/7/2019 9:00,70,33,37
4/7/2019 10:00,57,24,33
4/7/2019 11:00,94,42,52
4/7/2019 12:00,114,53,61
4/7/2019 13:00,117,45,72
4/7/2019 14:00,116,59,57
4/7/2019 15:00,114,71,43
4/7/2019 16:00,154,80,74
4/7/2019 17:00,87,40,47
4/7/2019 18:00,74,26,48
4/7/2019 19:00,41,18,23
4/7/2019 20:00,24,13,11
4/7/2019 21:00,11,6,5
4/7/2019 22:00,10,5,5
4/7/2019 23:00,15,6,9
4/8/2019 0:00,3,2,1
4/8/2019 1:00,1,1,0
4/8/2019 2:00,0,0,0
4/8/2019 3:00,2,1,1
4/8/2019 4:00,9,4,5
4/8/2019 5:00,30,17,13
4/8/2019 6:00,95,54,41
4/8/2019 7:00,291,135,156
4/8/2019 8:00,422,203,219
4/8/2019 9:00,213,91,122
4/8/2019 10:00,72,28,44
4/8/2019 11:00,50,22,28
4/8/2019 12:00,45,19,26
4/8/2019 13:00,56,28,28
4/8/2019 14:00,65,35,30
4/8/2019 15:00,113,47,66
4/8/2019 16:00,247,63,184
4/8/2019 17:00,462,118,344
4/8/2019 18:00,261,60,201
4/8/2019 19:00,134,37,97
4/8/2019 20:00,57,18,39
4/8/2019 21:00,42,19,23
4/8/2019 22:00,18,10,8
4/8/2019 23:00,11,6,5
4/9/2019 0:00,5,3,2
4/9/2019 1:00,3,1,2
4/9/2019 2:00,3,1,2
4/9/2019 3:00,1,0,1
4/9/2019 4:00,11,4,7
4/9/2019 5:00,24,14,10
4/9/2019 6:00,108,58,50
4/9/2019 7:00,351,164,187
4/9/2019 8:00,461,220,241
4/9/2019 9:00,277,136,141
4/9/2019 10:00,92,31,61
4/9/2019 11:00,64,27,37
4/9/2019 12:00,65,28,37
4/9/2019 13:00,69,25,44
4/9/2019 14:00,64,31,33
4/9/2019 15:00,172,60,112
4/9/2019 16:00,290,71,219
4/9/2019 17:00,560,167,393
4/9/2019 18:00,368,76,292
4/9/2019 19:00,191,69,122
4/9/2019 20:00,73,26,47
4/9/2019 21:00,51,20,31
4/9/2019 22:00,30,14,16
4/9/2019 23:00,14,6,8
4/10/2019 0:00,6,5,1
4/10/2019 1:00,2,1,1
4/10/2019 2:00,2,2,0
4/10/2019 3:00,5,2,3
4/10/2019 4:00,9,3,6
4/10/2019 5:00,29,12,17
4/10/2019 6:00,98,51,47
4/10/2019 7:00,301,155,146
4/10/2019 8:00,422,202,220
4/10/2019 9:00,255,101,154
4/10/2019 10:00,85,38,47
4/10/2019 11:00,50,16,34
4/10/2019 12:00,63,36,27
4/10/2019 13:00,64,35,29
4/10/2019 14:00,42,16,26
4/10/2019 15:00,102,36,66
4/10/2019 16:00,230,46,184
4/10/2019 17:00,461,117,344
4/10/2019 18:00,288,72,216
4/10/2019 19:00,105,38,67
4/10/2019 20:00,61,26,35
4/10/2019 21:00,30,9,21
4/10/2019 22:00,24,11,13
4/10/2019 23:00,5,2,3
4/11/2019 0:00,4,2,2
4/11/2019 1:00,3,2,1
4/11/2019 2:00,1,0,1
4/11/2019 3:00,1,0,1
4/11/2019 4:00,10,7,3
4/11/2019 5:00,22,11,11
4/11/2019 6:00,70,39,31
4/11/2019 7:00,220,108,112
4/11/2019 8:00,335,154,181
4/11/2019 9:00,193,86,107
4/11/2019 10:00,71,35,36
4/11/2019 11:00,48,17,31
4/11/2019 12:00,51,28,23
4/11/2019 13:00,42,21,21
4/11/2019 14:00,43,21,22
4/11/2019 15:00,99,40,59
4/11/2019 16:00,200,53,147
4/11/2019 17:00,366,91,275
4/11/2019 18:00,273,76,197
4/11/2019 19:00,115,46,69
4/11/2019 20:00,64,19,45
4/11/2019 21:00,31,9,22
4/11/2019 22:00,25,9,16
4/11/2019 23:00,30,23,7
4/12/2019 0:00,3,2,1
4/12/2019 1:00,1,0,1
4/12/2019 2:00,2,0,2
4/12/2019 3:00,1,0,1
4/12/2019 4:00,9,5,4
4/12/2019 5:00,17,8,9
4/12/2019 6:00,77,45,32
4/12/2019 7:00,256,129,127
4/12/2019 8:00,340,160,180
4/12/2019 9:00,221,104,117
4/12/2019 10:00,97,55,42
4/12/2019 11:00,82,37,45
4/12/2019 12:00,69,37,32
4/12/2019 13:00,87,36,51
4/12/2019 14:00,117,49,68
4/12/2019 15:00,193,69,124
4/12/2019 16:00,309,117,192
4/12/2019 17:00,470,138,332
4/12/2019 18:00,295,86,209
4/12/2019 19:00,124,54,70
4/12/2019 20:00,74,27,47
4/12/2019 21:00,44,14,30
4/12/2019 22:00,22,11,11
4/12/2019 23:00,31,10,21
4/13/2019 0:00,17,10,7
4/13/2019 1:00,12,4,8
4/13/2019 2:00,9,3,6
4/13/2019 3:00,3,1,2
4/13/2019 4:00,4,2,2
4/13/2019 5:00,5,1,4
4/13/2019 6:00,8,4,4
4/13/2019 7:00,22,11,11
4/13/2019 8:00,23,9,14
4/13/2019 9:00,31,16,15
4/13/2019 10:00,45,22,23
4/13/2019 11:00,53,29,24
4/13/2019 12:00,58,31,27
4/13/2019 13:00,40,20,20
4/13/2019 14:00,79,35,44
4/13/2019 15:00,80,32,48
4/13/2019 16:00,41,16,25
4/13/2019 17:00,72,33,39
4/13/2019 18:00,67,32,35
4/13/2019 19:00,51,17,34
4/13/2019 20:00,18,11,7
4/13/2019 21:00,25,6,19
4/13/2019 22:00,21,11,10
4/13/2019 23:00,13,5,8
4/14/2019 0:00,11,6,5
4/14/2019 1:00,8,5,3
4/14/2019 2:00,5,4,1
4/14/2019 3:00,2,1,1
4/14/2019 4:00,2,0,2
4/14/2019 5:00,3,2,1
4/14/2019 6:00,11,2,9
4/14/2019 7:00,17,9,8
4/14/2019 8:00,42,10,32
4/14/2019 9:00,59,24,35
4/14/2019 10:00,87,45,42
4/14/2019 11:00,105,56,49
4/14/2019 12:00,99,47,52
4/14/2019 13:00,120,66,54
4/14/2019 14:00,95,46,49
4/14/2019 15:00,87,46,41
4/14/2019 16:00,62,25,37
4/14/2019 17:00,60,30,30
4/14/2019 18:00,36,16,20
4/14/2019 19:00,29,14,15
4/14/2019 20:00,10,5,5
4/14/2019 21:00,16,7,9
4/14/2019 22:00,12,8,4
4/14/2019 23:00,7,1,6
4/15/2019 0:00,2,2,0
4/15/2019 1:00,0,0,0
4/15/2019 2:00,1,1,0
4/15/2019 3:00,4,2,2
4/15/2019 4:00,8,5,3
4/15/2019 5:00,34,21,13
4/15/2019 6:00,130,72,58
4/15/2019 7:00,371,188,183
4/15/2019 8:00,576,283,293
4/15/2019 9:00,286,127,159
4/15/2019 10:00,105,58,47
4/15/2019 11:00,87,36,51
4/15/2019 12:00,96,47,49
4/15/2019 13:00,88,40,48
4/15/2019 14:00,91,37,54
4/15/2019 15:00,152,57,95
4/15/2019 16:00,333,94,239
4/15/2019 17:00,685,150,535
4/15/2019 18:00,403,119,284
4/15/2019 19:00,165,47,118
4/15/2019 20:00,68,28,40
4/15/2019 21:00,38,20,18
4/15/2019 22:00,21,8,13
4/15/2019 23:00,18,8,10
4/16/2019 0:00,4,0,4
4/16/2019 1:00,2,1,1
4/16/2019 2:00,3,3,0
4/16/2019 3:00,4,1,3
4/16/2019 4:00,9,3,6
4/16/2019 5:00,35,19,16
4/16/2019 6:00,164,87,77
4/16/2019 7:00,402,206,196
4/16/2019 8:00,574,279,295
4/16/2019 9:00,303,134,169
4/16/2019 10:00,120,62,58
4/16/2019 11:00,68,26,42
4/16/2019 12:00,71,40,31
4/16/2019 13:00,82,35,47
4/16/2019 14:00,81,27,54
4/16/2019 15:00,164,65,99
4/16/2019 16:00,325,86,239
4/16/2019 17:00,616,143,473
4/16/2019 18:00,348,95,253
4/16/2019 19:00,105,29,76
4/16/2019 20:00,64,19,45
4/16/2019 21:00,33,10,23
4/16/2019 22:00,10,5,5
4/16/2019 23:00,12,3,9
4/17/2019 0:00,5,2,3
4/17/2019 1:00,5,2,3
4/17/2019 2:00,2,1,1
4/17/2019 3:00,3,0,3
4/17/2019 4:00,12,5,7
4/17/2019 5:00,32,14,18
4/17/2019 6:00,124,66,58
4/17/2019 7:00,396,183,213
4/17/2019 8:00,533,241,292
4/17/2019 9:00,274,130,144
4/17/2019 10:00,89,42,47
4/17/2019 11:00,58,24,34
4/17/2019 12:00,82,40,42
4/17/2019 13:00,77,36,41
4/17/2019 14:00,95,40,55
4/17/2019 15:00,118,53,65
4/17/2019 16:00,355,90,265
4/17/2019 17:00,598,147,451
4/17/2019 18:00,437,138,299
4/17/2019 19:00,184,61,123
4/17/2019 20:00,96,30,66
4/17/2019 21:00,59,26,33
4/17/2019 22:00,39,20,19
4/17/2019 23:00,15,4,11
4/18/2019 0:00,6,3,3
4/18/2019 1:00,2,1,1
4/18/2019 2:00,3,2,1
4/18/2019 3:00,4,1,3
4/18/2019 4:00,7,3,4
4/18/2019 5:00,36,22,14
4/18/2019 6:00,105,60,45
4/18/2019 7:00,252,118,134
4/18/2019 8:00,397,180,217
4/18/2019 9:00,189,90,99
4/18/2019 10:00,87,37,50
4/18/2019 11:00,64,32,32
4/18/2019 12:00,57,26,31
4/18/2019 13:00,75,39,36
4/18/2019 14:00,79,27,52
4/18/2019 15:00,131,60,71
4/18/2019 16:00,234,66,168
4/18/2019 17:00,440,101,339
4/18/2019 18:00,260,66,194
4/18/2019 19:00,106,32,74
4/18/2019 20:00,56,21,35
4/18/2019 21:00,42,13,29
4/18/2019 22:00,21,13,8
4/18/2019 23:00,14,6,8
4/19/2019 0:00,7,4,3
4/19/2019 1:00,4,1,3
4/19/2019 2:00,4,1,3
4/19/2019 3:00,1,0,1
4/19/2019 4:00,4,2,2
4/19/2019 5:00,29,18,11
4/19/2019 6:00,88,40,48
4/19/2019 7:00,236,115,121
4/19/2019 8:00,341,158,183
4/19/2019 9:00,182,76,106
4/19/2019 10:00,89,38,51
4/19/2019 11:00,76,35,41
4/19/2019 12:00,50,24,26
4/19/2019 13:00,60,21,39
4/19/2019 14:00,78,28,50
4/19/2019 15:00,103,40,63
4/19/2019 16:00,221,43,178
4/19/2019 17:00,310,57,253
4/19/2019 18:00,178,57,121
4/19/2019 19:00,65,13,52
4/19/2019 20:00,40,5,35
4/19/2019 21:00,20,5,15
4/19/2019 22:00,18,4,14
4/19/2019 23:00,17,5,12
4/20/2019 0:00,16,9,7
4/20/2019 1:00,17,6,11
4/20/2019 2:00,4,2,2
4/20/2019 3:00,5,1,4
4/20/2019 4:00,4,2,2
4/20/2019 5:00,3,2,1
4/20/2019 6:00,21,10,11
4/20/2019 7:00,58,21,37
4/20/2019 8:00,85,36,49
4/20/2019 9:00,81,64,17
4/20/2019 10:00,147,67,80
4/20/2019 11:00,125,49,76
4/20/2019 12:00,150,63,87
4/20/2019 13:00,190,82,108
4/20/2019 14:00,203,92,111
4/20/2019 15:00,215,82,133
4/20/2019 16:00,206,111,95
4/20/2019 17:00,144,72,72
4/20/2019 18:00,128,59,69
4/20/2019 19:00,100,51,49
4/20/2019 20:00,44,22,22
4/20/2019 21:00,43,17,26
4/20/2019 22:00,22,12,10
4/20/2019 23:00,25,11,14
4/21/2019 0:00,18,7,11
4/21/2019 1:00,8,1,7
4/21/2019 2:00,6,2,4
4/21/2019 3:00,7,3,4
4/21/2019 4:00,2,0,2
4/21/2019 5:00,2,0,2
4/21/2019 6:00,14,8,6
4/21/2019 7:00,26,9,17
4/21/2019 8:00,40,17,23
4/21/2019 9:00,77,26,51
4/21/2019 10:00,100,51,49
4/21/2019 11:00,109,44,65
4/21/2019 12:00,173,81,92
4/21/2019 13:00,150,71,79
4/21/2019 14:00,153,62,91
4/21/2019 15:00,168,84,84
4/21/2019 16:00,146,69,77
4/21/2019 17:00,126,61,65
4/21/2019 18:00,114,47,67
4/21/2019 19:00,53,26,27
4/21/2019 20:00,31,13,18
4/21/2019 21:00,12,3,9
4/21/2019 22:00,12,8,4
4/21/2019 23:00,13,5,8
4/22/2019 0:00,7,5,2
4/22/2019 1:00,2,0,2
4/22/2019 2:00,2,0,2
4/22/2019 3:00,2,1,1
4/22/2019 4:00,5,2,3
4/22/2019 5:00,32,21,11
4/22/2019 6:00,137,74,63
4/22/2019 7:00,321,157,164
4/22/2019 8:00,469,220,249
4/22/2019 9:00,249,107,142
4/22/2019 10:00,91,52,39
4/22/2019 11:00,62,29,33
4/22/2019 12:00,67,26,41
4/22/2019 13:00,66,30,36
4/22/2019 14:00,74,28,46
4/22/2019 15:00,119,41,78
4/22/2019 16:00,253,58,195
4/22/2019 17:00,467,106,361
4/22/2019 18:00,302,61,241
4/22/2019 19:00,126,36,90
4/22/2019 20:00,47,18,29
4/22/2019 21:00,38,16,22
4/22/2019 22:00,25,12,13
4/22/2019 23:00,12,5,7
4/23/2019 0:00,2,1,1
4/23/2019 1:00,8,3,5
4/23/2019 2:00,2,0,2
4/23/2019 3:00,6,2,4
4/23/2019 4:00,9,4,5
4/23/2019 5:00,34,23,11
4/23/2019 6:00,144,77,67
4/23/2019 7:00,420,209,211
4/23/2019 8:00,573,277,296
4/23/2019 9:00,258,117,141
4/23/2019 10:00,95,43,52
4/23/2019 11:00,86,37,49
4/23/2019 12:00,68,26,42
4/23/2019 13:00,77,31,46
4/23/2019 14:00,78,29,49
4/23/2019 15:00,165,66,99
4/23/2019 16:00,355,94,261
4/23/2019 17:00,616,128,488
4/23/2019 18:00,436,113,323
4/23/2019 19:00,198,60,138
4/23/2019 20:00,95,32,63
4/23/2019 21:00,46,18,28
4/23/2019 22:00,26,8,18
4/23/2019 23:00,15,4,11
4/24/2019 0:00,9,4,5
4/24/2019 1:00,0,0,0
4/24/2019 2:00,1,1,0
4/24/2019 3:00,4,2,2
4/24/2019 4:00,14,10,4
4/24/2019 5:00,45,29,16
4/24/2019 6:00,170,83,87
4/24/2019 7:00,470,237,233
4/24/2019 8:00,576,260,316
4/24/2019 9:00,315,148,167
4/24/2019 10:00,130,58,72
4/24/2019 11:00,94,53,41
4/24/2019 12:00,111,62,49
4/24/2019 13:00,110,47,63
4/24/2019 14:00,121,46,75
4/24/2019 15:00,182,80,102
4/24/2019 16:00,387,114,273
4/24/2019 17:00,710,171,539
4/24/2019 18:00,456,148,308
4/24/2019 19:00,262,94,168
4/24/2019 20:00,113,33,80
4/24/2019 21:00,68,30,38
4/24/2019 22:00,58,18,40
4/24/2019 23:00,25,13,12
4/25/2019 0:00,12,5,7
4/25/2019 1:00,4,1,3
4/25/2019 2:00,5,1,4
4/25/2019 3:00,4,4,0
4/25/2019 4:00,12,8,4
4/25/2019 5:00,34,25,9
4/25/2019 6:00,143,82,61
4/25/2019 7:00,438,215,223
4/25/2019 8:00,594,270,324
4/25/2019 9:00,294,136,158
4/25/2019 10:00,114,51,63
4/25/2019 11:00,91,41,50
4/25/2019 12:00,87,35,52
4/25/2019 13:00,111,53,58
4/25/2019 14:00,105,38,67
4/25/2019 15:00,196,71,125
4/25/2019 16:00,325,93,232
4/25/2019 17:00,633,148,485
4/25/2019 18:00,381,105,276
4/25/2019 19:00,163,53,110
4/25/2019 20:00,99,27,72
4/25/2019 21:00,63,26,37
4/25/2019 22:00,38,15,23
4/25/2019 23:00,24,7,17
4/26/2019 0:00,9,2,7
4/26/2019 1:00,7,0,7
4/26/2019 2:00,1,0,1
4/26/2019 3:00,5,1,4
4/26/2019 4:00,12,8,4
4/26/2019 5:00,34,22,12
4/26/2019 6:00,131,63,68
4/26/2019 7:00,356,182,174
4/26/2019 8:00,505,225,280
4/26/2019 9:00,291,131,160
4/26/2019 10:00,116,52,64
4/26/2019 11:00,105,52,53
4/26/2019 12:00,117,41,76
4/26/2019 13:00,112,52,60
4/26/2019 14:00,125,49,76
4/26/2019 15:00,214,88,126
4/26/2019 16:00,427,128,299
4/26/2019 17:00,594,151,443
4/26/2019 18:00,328,94,234
4/26/2019 19:00,149,56,93
4/26/2019 20:00,75,22,53
4/26/2019 21:00,46,14,32
4/26/2019 22:00,51,20,31
4/26/2019 23:00,29,12,17
4/27/2019 0:00,26,6,20
4/27/2019 1:00,6,4,2
4/27/2019 2:00,3,1,2
4/27/2019 3:00,4,4,0
4/27/2019 4:00,1,0,1
4/27/2019 5:00,12,8,4
4/27/2019 6:00,18,9,9
4/27/2019 7:00,43,23,20
4/27/2019 8:00,91,36,55
4/27/2019 9:00,93,45,48
4/27/2019 10:00,113,58,55
4/27/2019 11:00,144,62,82
4/27/2019 12:00,140,45,95
4/27/2019 13:00,112,56,56
4/27/2019 14:00,130,69,61
4/27/2019 15:00,112,56,56
4/27/2019 16:00,95,42,53
4/27/2019 17:00,76,34,42
4/27/2019 18:00,88,39,49
4/27/2019 19:00,86,36,50
4/27/2019 20:00,46,19,27
4/27/2019 21:00,25,13,12
4/27/2019 22:00,31,11,20
4/27/2019 23:00,24,10,14
4/28/2019 0:00,7,2,5
4/28/2019 1:00,4,0,4
4/28/2019 2:00,3,2,1
4/28/2019 3:00,1,0,1
4/28/2019 4:00,7,0,7
4/28/2019 5:00,9,5,4
4/28/2019 6:00,17,10,7
4/28/2019 7:00,37,17,20
4/28/2019 8:00,66,33,33
4/28/2019 9:00,93,43,50
4/28/2019 10:00,133,71,62
4/28/2019 11:00,192,103,89
4/28/2019 12:00,230,100,130
4/28/2019 13:00,230,91,139
4/28/2019 14:00,250,128,122
4/28/2019 15:00,258,138,120
4/28/2019 16:00,210,107,103
4/28/2019 17:00,191,85,106
4/28/2019 18:00,142,75,67
4/28/2019 19:00,65,25,40
4/28/2019 20:00,43,16,27
4/28/2019 21:00,35,20,15
4/28/2019 22:00,16,7,9
4/28/2019 23:00,10,3,7
4/29/2019 0:00,3,1,2
4/29/2019 1:00,1,0,1
4/29/2019 2:00,2,2,0
4/29/2019 3:00,4,1,3
4/29/2019 4:00,10,7,3
4/29/2019 5:00,47,27,20
4/29/2019 6:00,159,80,79
4/29/2019 7:00,441,219,222
4/29/2019 8:00,709,325,384
4/29/2019 9:00,327,145,182
4/29/2019 10:00,131,60,71
4/29/2019 11:00,94,37,57
4/29/2019 12:00,82,27,55
4/29/2019 13:00,95,49,46
4/29/2019 14:00,141,58,83
4/29/2019 15:00,189,63,126
4/29/2019 16:00,392,99,293
4/29/2019 17:00,801,179,622
4/29/2019 18:00,482,133,349
4/29/2019 19:00,229,71,158
4/29/2019 20:00,86,32,54
4/29/2019 21:00,48,22,26
4/29/2019 22:00,22,12,10
4/29/2019 23:00,21,9,12
4/30/2019 0:00,6,2,4
4/30/2019 1:00,4,2,2
4/30/2019 2:00,1,1,0
4/30/2019 3:00,3,1,2
4/30/2019 4:00,10,7,3
4/30/2019 5:00,52,31,21
4/30/2019 6:00,178,96,82
4/30/2019 7:00,488,234,254
4/30/2019 8:00,717,318,399
4/30/2019 9:00,343,148,195
4/30/2019 10:00,138,64,74
4/30/2019 11:00,102,49,53
4/30/2019 12:00,99,52,47
4/30/2019 13:00,117,39,78
4/30/2019 14:00,147,59,88
4/30/2019 15:00,181,68,113
4/30/2019 16:00,459,113,346
4/30/2019 17:00,801,214,587
4/30/2019 18:00,513,142,371
4/30/2019 19:00,281,106,175
4/30/2019 20:00,149,58,91
4/30/2019 21:00,71,17,54
4/30/2019 22:00,44,15,29
4/30/2019 23:00,24,8,16
5/1/2019 0:00,4,2,2
5/1/2019 1:00,2,2,0
5/1/2019 2:00,4,0,4
5/1/2019 3:00,2,0,2
5/1/2019 4:00,14,9,5
5/1/2019 5:00,50,25,25
5/1/2019 6:00,192,95,97
5/1/2019 7:00,540,277,263
5/1/2019 8:00,719,329,390
5/1/2019 9:00,359,165,194
5/1/2019 10:00,149,75,74
5/1/2019 11:00,102,46,56
5/1/2019 12:00,121,47,74
5/1/2019 13:00,122,56,66
5/1/2019 14:00,154,50,104
5/1/2019 15:00,225,97,128
5/1/2019 16:00,496,134,362
5/1/2019 17:00,812,199,613
5/1/2019 18:00,454,119,335
5/1/2019 19:00,259,90,169
5/1/2019 20:00,122,49,73
5/1/2019 21:00,85,42,43
5/1/2019 22:00,52,15,37
5/1/2019 23:00,22,5,17
5/2/2019 0:00,7,2,5
5/2/2019 1:00,1,0,1
5/2/2019 2:00,3,1,2
5/2/2019 3:00,6,4,2
5/2/2019 4:00,7,5,2
5/2/2019 5:00,54,34,20
5/2/2019 6:00,164,82,82
5/2/2019 7:00,456,222,234
5/2/2019 8:00,635,303,332
5/2/2019 9:00,306,124,182
5/2/2019 10:00,119,45,74
5/2/2019 11:00,114,53,61
5/2/2019 12:00,88,42,46
5/2/2019 13:00,113,51,62
5/2/2019 14:00,106,47,59
5/2/2019 15:00,205,83,122
5/2/2019 16:00,374,114,260
5/2/2019 17:00,741,169,572
5/2/2019 18:00,423,104,319
5/2/2019 19:00,211,82,129
5/2/2019 20:00,117,40,77
5/2/2019 21:00,62,24,38
5/2/2019 22:00,30,14,16
5/2/2019 23:00,20,8,12
5/3/2019 0:00,17,3,14
5/3/2019 1:00,8,4,4
5/3/2019 2:00,4,1,3
5/3/2019 3:00,2,1,1
5/3/2019 4:00,7,5,2
5/3/2019 5:00,37,17,20
5/3/2019 6:00,155,78,77
5/3/2019 7:00,383,183,200
5/3/2019 8:00,536,263,273
5/3/2019 9:00,279,136,143
5/3/2019 10:00,106,43,63
5/3/2019 11:00,116,71,45
5/3/2019 12:00,108,43,65
5/3/2019 13:00,115,58,57
5/3/2019 14:00,129,39,90
5/3/2019 15:00,225,74,151
5/3/2019 16:00,470,125,345
5/3/2019 17:00,601,173,428
5/3/2019 18:00,367,113,254
5/3/2019 19:00,201,84,117
5/3/2019 20:00,104,45,59
5/3/2019 21:00,56,29,27
5/3/2019 22:00,46,23,23
5/3/2019 23:00,38,15,23
5/4/2019 0:00,19,5,14
5/4/2019 1:00,13,10,3
5/4/2019 2:00,5,3,2
5/4/2019 3:00,4,2,2
5/4/2019 4:00,5,1,4
5/4/2019 5:00,7,5,2
5/4/2019 6:00,26,9,17
5/4/2019 7:00,61,29,32
5/4/2019 8:00,107,41,66
5/4/2019 9:00,142,66,76
5/4/2019 10:00,191,94,97
5/4/2019 11:00,184,82,102
5/4/2019 12:00,291,128,163
5/4/2019 13:00,269,134,135
5/4/2019 14:00,229,109,120
5/4/2019 15:00,243,122,121
5/4/2019 16:00,221,112,109
5/4/2019 17:00,201,100,101
5/4/2019 18:00,154,68,86
5/4/2019 19:00,115,53,62
5/4/2019 20:00,83,45,38
5/4/2019 21:00,47,25,22
5/4/2019 22:00,28,8,20
5/4/2019 23:00,27,13,14
5/5/2019 0:00,22,6,16
5/5/2019 1:00,9,4,5
5/5/2019 2:00,8,1,7
5/5/2019 3:00,7,1,6
5/5/2019 4:00,4,0,4
5/5/2019 5:00,7,3,4
5/5/2019 6:00,18,7,11
5/5/2019 7:00,47,19,28
5/5/2019 8:00,96,50,46
5/5/2019 9:00,115,61,54
5/5/2019 10:00,152,80,72
5/5/2019 11:00,205,94,111
5/5/2019 12:00,253,118,135
5/5/2019 13:00,269,118,151
5/5/2019 14:00,313,144,169
5/5/2019 15:00,286,125,161
5/5/2019 16:00,260,126,134
5/5/2019 17:00,148,77,71
5/5/2019 18:00,145,69,76
5/5/2019 19:00,83,48,35
5/5/2019 20:00,60,36,24
5/5/2019 21:00,28,13,15
5/5/2019 22:00,12,7,5
5/5/2019 23:00,18,5,13
5/6/2019 0:00,10,1,9
5/6/2019 1:00,2,0,2
5/6/2019 2:00,0,0,0
5/6/2019 3:00,1,0,1
5/6/2019 4:00,10,5,5
5/6/2019 5:00,56,30,26
5/6/2019 6:00,206,102,104
5/6/2019 7:00,519,260,259
5/6/2019 8:00,769,347,422
5/6/2019 9:00,351,158,193
5/6/2019 10:00,151,64,87
5/6/2019 11:00,81,33,48
5/6/2019 12:00,114,39,75
5/6/2019 13:00,131,60,71
5/6/2019 14:00,145,70,75
5/6/2019 15:00,211,84,127
5/6/2019 16:00,478,112,366
5/6/2019 17:00,874,214,660
5/6/2019 18:00,554,142,412
5/6/2019 19:00,295,90,205
5/6/2019 20:00,138,51,87
5/6/2019 21:00,72,31,41
5/6/2019 22:00,50,26,24
5/6/2019 23:00,28,12,16
5/7/2019 0:00,3,1,2
5/7/2019 1:00,3,1,2
5/7/2019 2:00,3,2,1
5/7/2019 3:00,1,1,0
5/7/2019 4:00,11,7,4
5/7/2019 5:00,57,33,24
5/7/2019 6:00,270,168,102
5/7/2019 7:00,619,310,309
5/7/2019 8:00,757,357,400
5/7/2019 9:00,391,159,232
5/7/2019 10:00,159,79,80
5/7/2019 11:00,108,41,67
5/7/2019 12:00,136,55,81
5/7/2019 13:00,132,47,85
5/7/2019 14:00,134,57,77
5/7/2019 15:00,197,93,104
5/7/2019 16:00,508,133,375
5/7/2019 17:00,916,211,705
5/7/2019 18:00,601,176,425
5/7/2019 19:00,293,105,188
5/7/2019 20:00,178,71,107
5/7/2019 21:00,94,40,54
5/7/2019 22:00,43,16,27
5/7/2019 23:00,30,7,23
5/8/2019 0:00,5,2,3
5/8/2019 1:00,2,1,1
5/8/2019 2:00,4,2,2
5/8/2019 3:00,4,2,2
5/8/2019 4:00,16,7,9
5/8/2019 5:00,57,30,27
5/8/2019 6:00,217,112,105
5/8/2019 7:00,608,290,318
5/8/2019 8:00,760,370,390
5/8/2019 9:00,341,142,199
5/8/2019 10:00,148,74,74
5/8/2019 11:00,104,48,56
5/8/2019 12:00,146,66,80
5/8/2019 13:00,127,55,72
5/8/2019 14:00,139,49,90
5/8/2019 15:00,189,81,108
5/8/2019 16:00,521,144,377
5/8/2019 17:00,866,231,635
5/8/2019 18:00,585,171,414
5/8/2019 19:00,299,116,183
5/8/2019 20:00,146,63,83
5/8/2019 21:00,93,41,52
5/8/2019 22:00,57,14,43
5/8/2019 23:00,35,11,24
5/9/2019 0:00,14,4,10
5/9/2019 1:00,4,0,4
5/9/2019 2:00,3,1,2
5/9/2019 3:00,2,2,0
5/9/2019 4:00,7,5,2
5/9/2019 5:00,52,32,20
5/9/2019 6:00,212,112,100
5/9/2019 7:00,606,304,302
5/9/2019 8:00,697,332,365
5/9/2019 9:00,381,169,212
5/9/2019 10:00,141,62,79
5/9/2019 11:00,148,69,79
5/9/2019 12:00,161,76,85
5/9/2019 13:00,160,82,78
5/9/2019 14:00,160,54,106
5/9/2019 15:00,216,75,141
5/9/2019 16:00,510,137,373
5/9/2019 17:00,849,217,632
5/9/2019 18:00,516,158,358
5/9/2019 19:00,245,85,160
5/9/2019 20:00,187,79,108
5/9/2019 21:00,102,44,58
5/9/2019 22:00,45,19,26
5/9/2019 23:00,33,17,16
5/10/2019 0:00,19,7,12
5/10/2019 1:00,15,6,9
5/10/2019 2:00,4,2,2
5/10/2019 3:00,3,0,3
5/10/2019 4:00,13,7,6
5/10/2019 5:00,41,26,15
5/10/2019 6:00,191,97,94
5/10/2019 7:00,468,221,247
5/10/2019 8:00,699,315,384
5/10/2019 9:00,345,159,186
5/10/2019 10:00,140,68,72
5/10/2019 11:00,130,60,70
5/10/2019 12:00,149,65,84
5/10/2019 13:00,158,74,84
5/10/2019 14:00,191,82,109
5/10/2019 15:00,321,116,205
5/10/2019 16:00,540,158,382
5/10/2019 17:00,768,195,573
5/10/2019 18:00,401,128,273
5/10/2019 19:00,224,87,137
5/10/2019 20:00,123,55,68
5/10/2019 21:00,94,48,46
5/10/2019 22:00,54,20,34
5/10/2019 23:00,38,17,21
5/11/2019 0:00,29,13,16
5/11/2019 1:00,8,5,3
5/11/2019 2:00,9,7,2
5/11/2019 3:00,4,3,1
5/11/2019 4:00,8,2,6
5/11/2019 5:00,25,11,14
5/11/2019 6:00,32,12,20
5/11/2019 7:00,71,32,39
5/11/2019 8:00,139,69,70
5/11/2019 9:00,178,108,70
5/11/2019 10:00,195,104,91
5/11/2019 11:00,244,113,131
5/11/2019 12:00,217,108,109
5/11/2019 13:00,278,126,152
5/11/2019 14:00,251,142,109
5/11/2019 15:00,280,126,154
5/11/2019 16:00,219,107,112
5/11/2019 17:00,184,75,109
5/11/2019 18:00,167,82,85
5/11/2019 19:00,123,56,67
5/11/2019 20:00,101,46,55
5/11/2019 21:00,71,27,44
5/11/2019 22:00,43,19,24
5/11/2019 23:00,29,11,18
5/12/2019 0:00,23,5,18
5/12/2019 1:00,10,3,7
5/12/2019 2:00,4,2,2
5/12/2019 3:00,5,2,3
5/12/2019 4:00,4,1,3
5/12/2019 5:00,7,3,4
5/12/2019 6:00,27,8,19
5/12/2019 7:00,40,17,23
5/12/2019 8:00,67,35,32
5/12/2019 9:00,70,37,33
5/12/2019 10:00,114,57,57
5/12/2019 11:00,123,50,73
5/12/2019 12:00,132,62,70
5/12/2019 13:00,136,65,71
5/12/2019 14:00,189,85,104
5/12/2019 15:00,162,81,81
5/12/2019 16:00,180,93,87
5/12/2019 17:00,149,82,67
5/12/2019 18:00,106,53,53
5/12/2019 19:00,104,43,61
5/12/2019 20:00,71,27,44
5/12/2019 21:00,27,16,11
5/12/2019 22:00,30,15,15
5/12/2019 23:00,18,7,11
5/13/2019 0:00,4,1,3
5/13/2019 1:00,2,0,2
5/13/2019 2:00,2,0,2
5/13/2019 3:00,3,2,1
5/13/2019 4:00,13,6,7
5/13/2019 5:00,48,29,19
5/13/2019 6:00,197,99,98
5/13/2019 7:00,461,235,226
5/13/2019 8:00,720,341,379
5/13/2019 9:00,330,132,198
5/13/2019 10:00,136,69,67
5/13/2019 11:00,90,46,44
5/13/2019 12:00,109,35,74
5/13/2019 13:00,103,43,60
5/13/2019 14:00,117,51,66
5/13/2019 15:00,192,72,120
5/13/2019 16:00,431,99,332
5/13/2019 17:00,827,199,628
5/13/2019 18:00,467,135,332
5/13/2019 19:00,205,76,129
5/13/2019 20:00,131,47,84
5/13/2019 21:00,82,43,39
5/13/2019 22:00,20,5,15
5/13/2019 23:00,22,4,18
5/14/2019 0:00,11,5,6
5/14/2019 1:00,4,3,1
5/14/2019 2:00,1,1,0
5/14/2019 3:00,1,1,0
5/14/2019 4:00,10,7,3
5/14/2019 5:00,37,20,17
5/14/2019 6:00,171,85,86
5/14/2019 7:00,396,201,195
5/14/2019 8:00,478,227,251
5/14/2019 9:00,204,90,114
5/14/2019 10:00,63,32,31
5/14/2019 11:00,45,24,21
5/14/2019 12:00,47,30,17
5/14/2019 13:00,43,20,23
5/14/2019 14:00,69,20,49
5/14/2019 15:00,107,37,70
5/14/2019 16:00,292,81,211
5/14/2019 17:00,554,136,418
5/14/2019 18:00,443,97,346
5/14/2019 19:00,153,48,105
5/14/2019 20:00,81,30,51
5/14/2019 21:00,53,24,29
5/14/2019 22:00,28,11,17
5/14/2019 23:00,17,7,10
5/15/2019 0:00,4,0,4
5/15/2019 1:00,5,1,4
5/15/2019 2:00,5,5,0
5/15/2019 3:00,3,3,0
5/15/2019 4:00,14,9,5
5/15/2019 5:00,53,25,28
5/15/2019 6:00,182,83,99
5/15/2019 7:00,494,229,265
5/15/2019 8:00,622,291,331
5/15/2019 9:00,307,135,172
5/15/2019 10:00,145,54,91
5/15/2019 11:00,124,47,77
5/15/2019 12:00,151,56,95
5/15/2019 13:00,126,55,71
5/15/2019 14:00,132,54,78
5/15/2019 15:00,180,59,121
5/15/2019 16:00,413,105,308
5/15/2019 17:00,647,143,504
5/15/2019 18:00,382,106,276
5/15/2019 19:00,148,46,102
5/15/2019 20:00,72,18,54
5/15/2019 21:00,48,14,34
5/15/2019 22:00,44,11,33
5/15/2019 23:00,19,7,12
5/16/2019 0:00,10,4,6
5/16/2019 1:00,3,0,3
5/16/2019 2:00,1,1,0
5/16/2019 3:00,3,1,2
5/16/2019 4:00,9,6,3
5/16/2019 5:00,49,32,17
5/16/2019 6:00,137,61,76
5/16/2019 7:00,432,219,213
5/16/2019 8:00,532,241,291
5/16/2019 9:00,280,128,152
5/16/2019 10:00,104,55,49
5/16/2019 11:00,76,29,47
5/16/2019 12:00,67,29,38
5/16/2019 13:00,57,33,24
5/16/2019 14:00,76,25,51
5/16/2019 15:00,115,37,78
5/16/2019 16:00,301,79,222
5/16/2019 17:00,587,125,462
5/16/2019 18:00,357,97,260
5/16/2019 19:00,159,50,109
5/16/2019 20:00,96,35,61
5/16/2019 21:00,52,23,29
5/16/2019 22:00,31,8,23
5/16/2019 23:00,10,4,6
5/17/2019 0:00,5,1,4
5/17/2019 1:00,5,1,4
5/17/2019 2:00,1,0,1
5/17/2019 3:00,1,0,1
5/17/2019 4:00,4,3,1
5/17/2019 5:00,44,26,18
5/17/2019 6:00,167,96,71
5/17/2019 7:00,609,375,234
5/17/2019 8:00,693,413,280
5/17/2019 9:00,311,149,162
5/17/2019 10:00,118,52,66
5/17/2019 11:00,99,41,58
5/17/2019 12:00,79,38,41
5/17/2019 13:00,109,42,67
5/17/2019 14:00,119,42,77
5/17/2019 15:00,238,71,167
5/17/2019 16:00,466,135,331
5/17/2019 17:00,658,176,482
5/17/2019 18:00,409,104,305
5/17/2019 19:00,220,71,149
5/17/2019 20:00,108,39,69
5/17/2019 21:00,63,30,33
5/17/2019 22:00,45,16,29
5/17/2019 23:00,32,21,11
5/18/2019 0:00,21,13,8
5/18/2019 1:00,14,4,10
5/18/2019 2:00,4,1,3
5/18/2019 3:00,3,2,1
5/18/2019 4:00,5,2,3
5/18/2019 5:00,16,10,6
5/18/2019 6:00,39,18,21
5/18/2019 7:00,86,38,48
5/18/2019 8:00,114,52,62
5/18/2019 9:00,170,93,77
5/18/2019 10:00,211,101,110
5/18/2019 11:00,265,115,150
5/18/2019 12:00,249,123,126
5/18/2019 13:00,303,150,153
5/18/2019 14:00,322,146,176
5/18/2019 15:00,299,139,160
5/18/2019 16:00,324,186,138
5/18/2019 17:00,244,116,128
5/18/2019 18:00,196,85,111
5/18/2019 19:00,139,61,78
5/18/2019 20:00,91,43,48
5/18/2019 21:00,65,31,34
5/18/2019 22:00,47,18,29
5/18/2019 23:00,36,12,24
5/19/2019 0:00,20,10,10
5/19/2019 1:00,26,19,7
5/19/2019 2:00,6,3,3
5/19/2019 3:00,0,0,0
5/19/2019 4:00,1,0,1
5/19/2019 5:00,6,2,4
5/19/2019 6:00,12,4,8
5/19/2019 7:00,53,26,27
5/19/2019 8:00,70,32,38
5/19/2019 9:00,91,47,44
5/19/2019 10:00,111,45,66
5/19/2019 11:00,154,71,83
5/19/2019 12:00,160,79,81
5/19/2019 13:00,213,88,125
5/19/2019 14:00,225,103,122
5/19/2019 15:00,202,105,97
5/19/2019 16:00,226,108,118
5/19/2019 17:00,191,90,101
5/19/2019 18:00,145,48,97
5/19/2019 19:00,102,49,53
5/19/2019 20:00,61,35,26
5/19/2019 21:00,37,24,13
5/19/2019 22:00,15,9,6
5/19/2019 23:00,24,7,17
5/20/2019 0:00,7,4,3
5/20/2019 1:00,5,3,2
5/20/2019 2:00,3,0,3
5/20/2019 3:00,4,2,2
5/20/2019 4:00,10,6,4
5/20/2019 5:00,44,26,18
5/20/2019 6:00,144,74,70
5/20/2019 7:00,373,178,195
5/20/2019 8:00,548,262,286
5/20/2019 9:00,224,99,125
5/20/2019 10:00,100,46,54
5/20/2019 11:00,49,20,29
5/20/2019 12:00,61,26,35
5/20/2019 13:00,68,28,40
5/20/2019 14:00,70,34,36
5/20/2019 15:00,131,55,76
5/20/2019 16:00,266,61,205
5/20/2019 17:00,569,119,450
5/20/2019 18:00,325,73,252
5/20/2019 19:00,123,21,102
5/20/2019 20:00,64,20,44
5/20/2019 21:00,38,12,26
5/20/2019 22:00,28,13,15
5/20/2019 23:00,21,4,17
5/21/2019 0:00,3,2,1
5/21/2019 1:00,5,4,1
5/21/2019 2:00,3,3,0
5/21/2019 3:00,2,1,1
5/21/2019 4:00,6,6,0
5/21/2019 5:00,47,24,23
5/21/2019 6:00,151,74,77
5/21/2019 7:00,436,215,221
5/21/2019 8:00,618,300,318
5/21/2019 9:00,285,123,162
5/21/2019 10:00,112,49,63
5/21/2019 11:00,87,47,40
5/21/2019 12:00,91,49,42
5/21/2019 13:00,93,40,53
5/21/2019 14:00,97,40,57
5/21/2019 15:00,170,53,117
5/21/2019 16:00,353,98,255
5/21/2019 17:00,728,175,553
5/21/2019 18:00,421,127,294
5/21/2019 19:00,210,76,134
5/21/2019 20:00,105,47,58
5/21/2019 21:00,72,27,45
5/21/2019 22:00,55,22,33
5/21/2019 23:00,29,10,19
5/22/2019 0:00,3,0,3
5/22/2019 1:00,11,3,8
5/22/2019 2:00,6,4,2
5/22/2019 3:00,4,1,3
5/22/2019 4:00,14,11,3
5/22/2019 5:00,53,26,27
5/22/2019 6:00,205,104,101
5/22/2019 7:00,546,265,281
5/22/2019 8:00,749,355,394
5/22/2019 9:00,345,147,198
5/22/2019 10:00,144,68,76
5/22/2019 11:00,114,49,65
5/22/2019 12:00,133,52,81
5/22/2019 13:00,141,52,89
5/22/2019 14:00,143,55,88
5/22/2019 15:00,244,98,146
5/22/2019 16:00,577,157,420
5/22/2019 17:00,1004,259,745
5/22/2019 18:00,642,186,456
5/22/2019 19:00,327,102,225
5/22/2019 20:00,197,67,130
5/22/2019 21:00,121,53,68
5/22/2019 22:00,53,17,36
5/22/2019 23:00,40,13,27
5/23/2019 0:00,10,4,6
5/23/2019 1:00,6,2,4
5/23/2019 2:00,5,1,4
5/23/2019 3:00,1,0,1
5/23/2019 4:00,15,7,8
5/23/2019 5:00,54,28,26
5/23/2019 6:00,218,107,111
5/23/2019 7:00,590,302,288
5/23/2019 8:00,825,382,443
5/23/2019 9:00,388,158,230
5/23/2019 10:00,197,88,109
5/23/2019 11:00,173,83,90
5/23/2019 12:00,157,76,81
5/23/2019 13:00,185,66,119
5/23/2019 14:00,161,60,101
5/23/2019 15:00,268,115,153
5/23/2019 16:00,559,153,406
5/23/2019 17:00,939,249,690
5/23/2019 18:00,636,210,426
5/23/2019 19:00,358,138,220
5/23/2019 20:00,188,80,108
5/23/2019 21:00,148,72,76
5/23/2019 22:00,73,37,36
5/23/2019 23:00,29,13,16
5/24/2019 0:00,23,5,18
5/24/2019 1:00,5,1,4
5/24/2019 2:00,2,1,1
5/24/2019 3:00,4,1,3
5/24/2019 4:00,7,3,4
5/24/2019 5:00,45,24,21
5/24/2019 6:00,156,82,74
5/24/2019 7:00,323,171,152
5/24/2019 8:00,463,226,237
5/24/2019 9:00,245,127,118
5/24/2019 10:00,89,39,50
5/24/2019 11:00,95,48,47
5/24/2019 12:00,80,39,41
5/24/2019 13:00,119,42,77
5/24/2019 14:00,142,48,94
5/24/2019 15:00,239,73,166
5/24/2019 16:00,382,95,287
5/24/2019 17:00,493,126,367
5/24/2019 18:00,255,72,183
5/24/2019 19:00,142,51,91
5/24/2019 20:00,80,36,44
5/24/2019 21:00,50,15,35
5/24/2019 22:00,50,21,29
5/24/2019 23:00,30,15,15
5/25/2019 0:00,23,5,18
5/25/2019 1:00,13,5,8
5/25/2019 2:00,10,3,7
5/25/2019 3:00,5,1,4
5/25/2019 4:00,5,2,3
5/25/2019 5:00,15,11,4
5/25/2019 6:00,25,12,13
5/25/2019 7:00,51,30,21
5/25/2019 8:00,70,41,29
5/25/2019 9:00,106,49,57
5/25/2019 10:00,101,52,49
5/25/2019 11:00,138,65,73
5/25/2019 12:00,94,45,49
5/25/2019 13:00,60,30,30
5/25/2019 14:00,40,19,21
5/25/2019 15:00,38,20,18
5/25/2019 16:00,40,22,18
5/25/2019 17:00,35,17,18
5/25/2019 18:00,30,10,20
5/25/2019 19:00,43,16,27
5/25/2019 20:00,40,14,26
5/25/2019 21:00,26,8,18
5/25/2019 22:00,18,10,8
5/25/2019 23:00,10,5,5
5/26/2019 0:00,26,15,11
5/26/2019 1:00,4,2,2
5/26/2019 2:00,1,1,0
5/26/2019 3:00,0,0,0
5/26/2019 4:00,6,4,2
5/26/2019 5:00,11,5,6
5/26/2019 6:00,49,27,22
5/26/2019 7:00,105,62,43
5/26/2019 8:00,79,35,44
5/26/2019 9:00,133,61,72
5/26/2019 10:00,166,61,105
5/26/2019 11:00,238,88,150
5/26/2019 12:00,210,118,92
5/26/2019 13:00,277,144,133
5/26/2019 14:00,306,142,164
5/26/2019 15:00,282,132,150
5/26/2019 16:00,252,108,144
5/26/2019 17:00,246,103,143
5/26/2019 18:00,211,106,105
5/26/2019 19:00,147,70,77
5/26/2019 20:00,110,42,68
5/26/2019 21:00,64,23,41
5/26/2019 22:00,30,13,17
5/26/2019 23:00,33,12,21
5/27/2019 0:00,20,13,7
5/27/2019 1:00,9,8,1
5/27/2019 2:00,9,5,4
5/27/2019 3:00,5,0,5
5/27/2019 4:00,1,0,1
5/27/2019 5:00,14,6,8
5/27/2019 6:00,29,10,19
5/27/2019 7:00,52,32,20
5/27/2019 8:00,87,45,42
5/27/2019 9:00,172,73,99
5/27/2019 10:00,244,124,120
5/27/2019 11:00,330,146,184
5/27/2019 12:00,323,154,169
5/27/2019 13:00,387,172,215
5/27/2019 14:00,417,163,254
5/27/2019 15:00,425,171,254
5/27/2019 16:00,337,199,138
5/27/2019 17:00,264,121,143
5/27/2019 18:00,262,133,129
5/27/2019 19:00,157,72,85
5/27/2019 20:00,127,63,64
5/27/2019 21:00,60,27,33
5/27/2019 22:00,36,20,16
5/27/2019 23:00,24,7,17
5/28/2019 0:00,7,4,3
5/28/2019 1:00,6,4,2
5/28/2019 2:00,6,1,5
5/28/2019 3:00,4,1,3
5/28/2019 4:00,9,4,5
5/28/2019 5:00,48,20,28
5/28/2019 6:00,224,111,113
5/28/2019 7:00,540,280,260
5/28/2019 8:00,734,361,373
5/28/2019 9:00,389,179,210
5/28/2019 10:00,144,70,74
5/28/2019 11:00,127,57,70
5/28/2019 12:00,105,41,64
5/28/2019 13:00,113,55,58
5/28/2019 14:00,122,57,65
5/28/2019 15:00,203,61,142
5/28/2019 16:00,451,118,333
5/28/2019 17:00,894,202,692
5/28/2019 18:00,564,149,415
5/28/2019 19:00,285,97,188
5/28/2019 20:00,164,66,98
5/28/2019 21:00,101,46,55
5/28/2019 22:00,58,20,38
5/28/2019 23:00,29,7,22
5/29/2019 0:00,8,1,7
5/29/2019 1:00,4,0,4
5/29/2019 2:00,5,1,4
5/29/2019 3:00,3,3,0
5/29/2019 4:00,16,8,8
5/29/2019 5:00,65,33,32
5/29/2019 6:00,219,119,100
5/29/2019 7:00,618,299,319
5/29/2019 8:00,801,387,414
5/29/2019 9:00,389,171,218
5/29/2019 10:00,155,74,81
5/29/2019 11:00,129,58,71
5/29/2019 12:00,117,75,42
5/29/2019 13:00,120,52,68
5/29/2019 14:00,141,66,75
5/29/2019 15:00,216,89,127
5/29/2019 16:00,530,126,404
5/29/2019 17:00,957,223,734
5/29/2019 18:00,529,169,360
5/29/2019 19:00,301,104,197
5/29/2019 20:00,155,54,101
5/29/2019 21:00,129,63,66
5/29/2019 22:00,45,16,29
5/29/2019 23:00,21,7,14
5/30/2019 0:00,16,8,8
5/30/2019 1:00,6,2,4
5/30/2019 2:00,4,2,2
5/30/2019 3:00,3,2,1
5/30/2019 4:00,12,8,4
5/30/2019 5:00,60,33,27
5/30/2019 6:00,229,118,111
5/30/2019 7:00,584,280,304
5/30/2019 8:00,742,346,396
5/30/2019 9:00,366,150,216
5/30/2019 10:00,153,72,81
5/30/2019 11:00,146,71,75
5/30/2019 12:00,120,48,72
5/30/2019 13:00,127,55,72
5/30/2019 14:00,179,89,90
5/30/2019 15:00,258,99,159
5/30/2019 16:00,504,151,353
5/30/2019 17:00,944,227,717
5/30/2019 18:00,558,152,406
5/30/2019 19:00,314,126,188
5/30/2019 20:00,183,69,114
5/30/2019 21:00,112,49,63
5/30/2019 22:00,57,22,35
5/30/2019 23:00,31,9,22
5/31/2019 0:00,23,8,15
5/31/2019 1:00,13,8,5
5/31/2019 2:00,2,0,2
5/31/2019 3:00,6,4,2
5/31/2019 4:00,13,8,5
5/31/2019 5:00,46,27,19
5/31/2019 6:00,201,108,93
5/31/2019 7:00,459,216,243
5/31/2019 8:00,677,305,372
5/31/2019 9:00,346,146,200
5/31/2019 10:00,134,65,69
5/31/2019 11:00,114,56,58
5/31/2019 12:00,135,63,72
5/31/2019 13:00,164,72,92
5/31/2019 14:00,181,102,79
5/31/2019 15:00,326,118,208
5/31/2019 16:00,588,179,409
5/31/2019 17:00,768,186,582
5/31/2019 18:00,492,169,323
5/31/2019 19:00,248,97,151
5/31/2019 20:00,140,48,92
5/31/2019 21:00,103,46,57
5/31/2019 22:00,81,29,52
5/31/2019 23:00,57,22,35
6/1/2019 0:00,22,10,12
6/1/2019 1:00,12,5,7
6/1/2019 2:00,13,7,6
6/1/2019 3:00,5,2,3
6/1/2019 4:00,5,1,4
6/1/2019 5:00,19,9,10
6/1/2019 6:00,31,9,22
6/1/2019 7:00,64,24,40
6/1/2019 8:00,115,55,60
6/1/2019 9:00,134,60,74
6/1/2019 10:00,202,106,96
6/1/2019 11:00,217,109,108
6/1/2019 12:00,191,89,102
6/1/2019 13:00,266,131,135
6/1/2019 14:00,249,115,134
6/1/2019 15:00,270,97,173
6/1/2019 16:00,304,144,160
6/1/2019 17:00,271,139,132
6/1/2019 18:00,212,104,108
6/1/2019 19:00,145,66,79
6/1/2019 20:00,124,44,80
6/1/2019 21:00,94,49,45
6/1/2019 22:00,65,26,39
6/1/2019 23:00,29,16,13
6/2/2019 0:00,21,11,10
6/2/2019 1:00,11,3,8
6/2/2019 2:00,11,5,6
6/2/2019 3:00,2,1,1
6/2/2019 4:00,1,0,1
6/2/2019 5:00,8,3,5
6/2/2019 6:00,27,8,19
6/2/2019 7:00,60,27,33
6/2/2019 8:00,92,45,47
6/2/2019 9:00,167,89,78
6/2/2019 10:00,190,87,103
6/2/2019 11:00,245,119,126
6/2/2019 12:00,321,151,170
6/2/2019 13:00,257,146,111
6/2/2019 14:00,328,158,170
6/2/2019 15:00,299,133,166
6/2/2019 16:00,221,112,109
6/2/2019 17:00,257,130,127
6/2/2019 18:00,173,89,84
6/2/2019 19:00,104,42,62
6/2/2019 20:00,69,35,34
6/2/2019 21:00,54,26,28
6/2/2019 22:00,30,13,17
6/2/2019 23:00,15,5,10
6/3/2019 0:00,6,1,5
6/3/2019 1:00,6,4,2
6/3/2019 2:00,2,2,0
6/3/2019 3:00,4,1,3
6/3/2019 4:00,14,9,5
6/3/2019 5:00,59,33,26
6/3/2019 6:00,213,116,97
6/3/2019 7:00,533,269,264
6/3/2019 8:00,774,379,395
6/3/2019 9:00,406,165,241
6/3/2019 10:00,157,65,92
6/3/2019 11:00,101,38,63
6/3/2019 12:00,86,38,48
6/3/2019 13:00,101,41,60
6/3/2019 14:00,111,49,62
6/3/2019 15:00,212,92,120
6/3/2019 16:00,492,147,345
6/3/2019 17:00,870,186,684
6/3/2019 18:00,603,182,421
6/3/2019 19:00,295,90,205
6/3/2019 20:00,161,56,105
6/3/2019 21:00,98,43,55
6/3/2019 22:00,49,21,28
6/3/2019 23:00,23,8,15
6/4/2019 0:00,9,6,3
6/4/2019 1:00,8,4,4
6/4/2019 2:00,7,3,4
6/4/2019 3:00,4,1,3
6/4/2019 4:00,11,3,8
6/4/2019 5:00,68,36,32
6/4/2019 6:00,238,96,142
6/4/2019 7:00,527,270,257
6/4/2019 8:00,791,386,405
6/4/2019 9:00,366,133,233
6/4/2019 10:00,182,78,104
6/4/2019 11:00,115,56,59
6/4/2019 12:00,121,60,61
6/4/2019 13:00,146,68,78
6/4/2019 14:00,137,58,79
6/4/2019 15:00,242,99,143
6/4/2019 16:00,519,168,351
6/4/2019 17:00,995,253,742
6/4/2019 18:00,620,189,431
6/4/2019 19:00,303,112,191
6/4/2019 20:00,186,71,115
6/4/2019 21:00,110,51,59
6/4/2019 22:00,55,22,33
6/4/2019 23:00,31,8,23
6/5/2019 0:00,13,3,10
6/5/2019 1:00,14,3,11
6/5/2019 2:00,1,0,1
6/5/2019 3:00,4,2,2
6/5/2019 4:00,10,4,6
6/5/2019 5:00,57,34,23
6/5/2019 6:00,231,120,111
6/5/2019 7:00,578,286,292
6/5/2019 8:00,735,341,394
6/5/2019 9:00,401,169,232
6/5/2019 10:00,195,61,134
6/5/2019 11:00,126,54,72
6/5/2019 12:00,115,55,60
6/5/2019 13:00,114,50,64
6/5/2019 14:00,124,42,82
6/5/2019 15:00,195,70,125
6/5/2019 16:00,499,139,360
6/5/2019 17:00,855,188,667
6/5/2019 18:00,525,143,382
6/5/2019 19:00,268,99,169
6/5/2019 20:00,142,41,101
6/5/2019 21:00,110,53,57
6/5/2019 22:00,50,16,34
6/5/2019 23:00,15,6,9
6/6/2019 0:00,8,3,5
6/6/2019 1:00,10,5,5
6/6/2019 2:00,5,0,5
6/6/2019 3:00,7,0,7
6/6/2019 4:00,16,11,5
6/6/2019 5:00,55,29,26
6/6/2019 6:00,160,85,75
6/6/2019 7:00,451,225,226
6/6/2019 8:00,623,305,318
6/6/2019 9:00,341,152,189
6/6/2019 10:00,158,80,78
6/6/2019 11:00,132,49,83
6/6/2019 12:00,128,52,76
6/6/2019 13:00,126,53,73
6/6/2019 14:00,173,71,102
6/6/2019 15:00,150,55,95
6/6/2019 16:00,354,104,250
6/6/2019 17:00,732,177,555
6/6/2019 18:00,500,137,363
6/6/2019 19:00,245,90,155
6/6/2019 20:00,171,68,103
6/6/2019 21:00,91,39,52
6/6/2019 22:00,53,33,20
6/6/2019 23:00,25,8,17
6/7/2019 0:00,14,6,8
6/7/2019 1:00,7,4,3
6/7/2019 2:00,3,2,1
6/7/2019 3:00,1,1,0
6/7/2019 4:00,10,5,5
6/7/2019 5:00,28,19,9
6/7/2019 6:00,113,56,57
6/7/2019 7:00,312,158,154
6/7/2019 8:00,527,239,288
6/7/2019 9:00,268,106,162
6/7/2019 10:00,132,64,68
6/7/2019 11:00,103,41,62
6/7/2019 12:00,97,50,47
6/7/2019 13:00,97,46,51
6/7/2019 14:00,77,30,47
6/7/2019 15:00,177,62,115
6/7/2019 16:00,337,80,257
6/7/2019 17:00,464,110,354
6/7/2019 18:00,222,50,172
6/7/2019 19:00,113,30,83
6/7/2019 20:00,79,30,49
6/7/2019 21:00,51,24,27
6/7/2019 22:00,30,17,13
6/7/2019 23:00,25,11,14
6/8/2019 0:00,16,7,9
6/8/2019 1:00,19,9,10
6/8/2019 2:00,7,3,4
6/8/2019 3:00,5,1,4
6/8/2019 4:00,6,4,2
6/8/2019 5:00,15,9,6
6/8/2019 6:00,28,14,14
6/8/2019 7:00,58,28,30
6/8/2019 8:00,116,51,65
6/8/2019 9:00,106,57,49
6/8/2019 10:00,151,83,68
6/8/2019 11:00,216,105,111
6/8/2019 12:00,213,87,126
6/8/2019 13:00,255,109,146
6/8/2019 14:00,302,133,169
6/8/2019 15:00,272,122,150
6/8/2019 16:00,332,155,177
6/8/2019 17:00,264,129,135
6/8/2019 18:00,212,106,106
6/8/2019 19:00,131,55,76
6/8/2019 20:00,107,42,65
6/8/2019 21:00,57,25,32
6/8/2019 22:00,28,15,13
6/8/2019 23:00,57,22,35
6/9/2019 0:00,27,13,14
6/9/2019 1:00,19,7,12
6/9/2019 2:00,7,4,3
6/9/2019 3:00,1,1,0
6/9/2019 4:00,3,0,3
6/9/2019 5:00,19,8,11
6/9/2019 6:00,30,11,19
6/9/2019 7:00,127,60,67
6/9/2019 8:00,138,57,81
6/9/2019 9:00,158,71,87
6/9/2019 10:00,184,87,97
6/9/2019 11:00,226,107,119
6/9/2019 12:00,264,100,164
6/9/2019 13:00,284,134,150
6/9/2019 14:00,239,127,112
6/9/2019 15:00,302,150,152
6/9/2019 16:00,273,115,158
6/9/2019 17:00,210,99,111
6/9/2019 18:00,198,79,119
6/9/2019 19:00,76,34,42
6/9/2019 20:00,97,44,53
6/9/2019 21:00,55,23,32
6/9/2019 22:00,30,21,9
6/9/2019 23:00,22,9,13
6/10/2019 0:00,9,5,4
6/10/2019 1:00,4,3,1
6/10/2019 2:00,0,0,0
6/10/2019 3:00,2,1,1
6/10/2019 4:00,11,5,6
6/10/2019 5:00,62,30,32
6/10/2019 6:00,160,84,76
6/10/2019 7:00,528,259,269
6/10/2019 8:00,815,349,466
6/10/2019 9:00,401,169,232
6/10/2019 10:00,187,81,106
6/10/2019 11:00,150,53,97
6/10/2019 12:00,150,69,81
6/10/2019 13:00,133,57,76
6/10/2019 14:00,138,59,79
6/10/2019 15:00,240,94,146
6/10/2019 16:00,508,143,365
6/10/2019 17:00,993,228,765
6/10/2019 18:00,604,165,439
6/10/2019 19:00,296,77,219
6/10/2019 20:00,151,52,99
6/10/2019 21:00,108,57,51
6/10/2019 22:00,48,15,33
6/10/2019 23:00,21,5,16
6/11/2019 0:00,10,5,5
6/11/2019 1:00,5,1,4
6/11/2019 2:00,5,0,5
6/11/2019 3:00,0,0,0
6/11/2019 4:00,9,3,6
6/11/2019 5:00,65,37,28
6/11/2019 6:00,263,124,139
6/11/2019 7:00,639,304,335
6/11/2019 8:00,892,423,469
6/11/2019 9:00,426,178,248
6/11/2019 10:00,187,86,101
6/11/2019 11:00,138,63,75
6/11/2019 12:00,140,66,74
6/11/2019 13:00,151,64,87
6/11/2019 14:00,177,72,105
6/11/2019 15:00,243,83,160
6/11/2019 16:00,555,148,407
6/11/2019 17:00,1097,247,850
6/11/2019 18:00,608,171,437
6/11/2019 19:00,360,127,233
6/11/2019 20:00,207,63,144
6/11/2019 21:00,142,67,75
6/11/2019 22:00,76,29,47
6/11/2019 23:00,33,17,16
6/12/2019 0:00,12,7,5
6/12/2019 1:00,9,5,4
6/12/2019 2:00,5,1,4
6/12/2019 3:00,3,1,2
6/12/2019 4:00,19,11,8
6/12/2019 5:00,69,32,37
6/12/2019 6:00,242,123,119
6/12/2019 7:00,625,301,324
6/12/2019 8:00,807,366,441
6/12/2019 9:00,393,164,229
6/12/2019 10:00,200,87,113
6/12/2019 11:00,115,43,72
6/12/2019 12:00,143,64,79
6/12/2019 13:00,143,70,73
6/12/2019 14:00,158,54,104
6/12/2019 15:00,241,81,160
6/12/2019 16:00,571,152,419
6/12/2019 17:00,924,227,697
6/12/2019 18:00,584,161,423
6/12/2019 19:00,289,107,182
6/12/2019 20:00,216,71,145
6/12/2019 21:00,136,58,78
6/12/2019 22:00,84,30,54
6/12/2019 23:00,38,22,16
6/13/2019 0:00,17,9,8
6/13/2019 1:00,13,2,11
6/13/2019 2:00,1,0,1
6/13/2019 3:00,4,2,2
6/13/2019 4:00,14,7,7
6/13/2019 5:00,66,27,39
6/13/2019 6:00,207,108,99
6/13/2019 7:00,572,262,310
6/13/2019 8:00,768,333,435
6/13/2019 9:00,430,180,250
6/13/2019 10:00,222,96,126
6/13/2019 11:00,126,53,73
6/13/2019 12:00,151,63,88
6/13/2019 13:00,127,50,77
6/13/2019 14:00,158,78,80
6/13/2019 15:00,264,84,180
6/13/2019 16:00,532,154,378
6/13/2019 17:00,910,215,695
6/13/2019 18:00,639,218,421
6/13/2019 19:00,349,110,239
6/13/2019 20:00,195,81,114
6/13/2019 21:00,136,58,78
6/13/2019 22:00,64,27,37
6/13/2019 23:00,30,12,18
6/14/2019 0:00,21,8,13
6/14/2019 1:00,8,1,7
6/14/2019 2:00,2,0,2
6/14/2019 3:00,2,1,1
6/14/2019 4:00,9,3,6
6/14/2019 5:00,44,21,23
6/14/2019 6:00,152,82,70
6/14/2019 7:00,425,200,225
6/14/2019 8:00,620,276,344
6/14/2019 9:00,326,144,182
6/14/2019 10:00,152,60,92
6/14/2019 11:00,136,47,89
6/14/2019 12:00,136,59,77
6/14/2019 13:00,167,63,104
6/14/2019 14:00,226,86,140
6/14/2019 15:00,263,85,178
6/14/2019 16:00,525,146,379
6/14/2019 17:00,702,185,517
6/14/2019 18:00,414,135,279
6/14/2019 19:00,249,87,162
6/14/2019 20:00,130,53,77
6/14/2019 21:00,99,32,67
6/14/2019 22:00,66,39,27
6/14/2019 23:00,37,12,25
6/15/2019 0:00,34,13,21
6/15/2019 1:00,20,10,10
6/15/2019 2:00,3,2,1
6/15/2019 3:00,4,4,0
6/15/2019 4:00,1,1,0
6/15/2019 5:00,17,9,8
6/15/2019 6:00,30,9,21
6/15/2019 7:00,56,21,35
6/15/2019 8:00,157,95,62
6/15/2019 9:00,163,68,95
6/15/2019 10:00,146,78,68
6/15/2019 11:00,169,67,102
6/15/2019 12:00,198,79,119
6/15/2019 13:00,276,114,162
6/15/2019 14:00,274,127,147
6/15/2019 15:00,369,159,210
6/15/2019 16:00,294,126,168
6/15/2019 17:00,309,152,157
6/15/2019 18:00,255,141,114
6/15/2019 19:00,157,77,80
6/15/2019 20:00,171,79,92
6/15/2019 21:00,105,62,43
6/15/2019 22:00,84,46,38
6/15/2019 23:00,43,17,26
6/16/2019 0:00,26,10,16
6/16/2019 1:00,14,8,6
6/16/2019 2:00,1,0,1
6/16/2019 3:00,2,1,1
6/16/2019 4:00,4,1,3
6/16/2019 5:00,9,2,7
6/16/2019 6:00,21,9,12
6/16/2019 7:00,53,22,31
6/16/2019 8:00,117,56,61
6/16/2019 9:00,140,66,74
6/16/2019 10:00,174,80,94
6/16/2019 11:00,282,119,163
6/16/2019 12:00,354,151,203
6/16/2019 13:00,293,140,153
6/16/2019 14:00,364,131,233
6/16/2019 15:00,366,145,221
6/16/2019 16:00,299,154,145
6/16/2019 17:00,191,89,102
6/16/2019 18:00,203,87,116
6/16/2019 19:00,130,69,61
6/16/2019 20:00,104,46,58
6/16/2019 21:00,71,31,40
6/16/2019 22:00,32,12,20
6/16/2019 23:00,20,5,15
6/17/2019 0:00,9,5,4
6/17/2019 1:00,9,4,5
6/17/2019 2:00,6,3,3
6/17/2019 3:00,5,3,2
6/17/2019 4:00,6,3,3
6/17/2019 5:00,70,45,25
6/17/2019 6:00,168,85,83
6/17/2019 7:00,534,259,275
6/17/2019 8:00,750,352,398
6/17/2019 9:00,399,167,232
6/17/2019 10:00,165,74,91
6/17/2019 11:00,112,45,67
6/17/2019 12:00,111,47,64
6/17/2019 13:00,110,37,73
6/17/2019 14:00,139,53,86
6/17/2019 15:00,224,99,125
6/17/2019 16:00,486,118,368
6/17/2019 17:00,865,206,659
6/17/2019 18:00,583,180,403
6/17/2019 19:00,297,110,187
6/17/2019 20:00,171,82,89
6/17/2019 21:00,95,45,50
6/17/2019 22:00,53,25,28
6/17/2019 23:00,16,3,13
6/18/2019 0:00,14,8,6
6/18/2019 1:00,13,6,7
6/18/2019 2:00,3,2,1
6/18/2019 3:00,3,1,2
6/18/2019 4:00,6,1,5
6/18/2019 5:00,45,20,25
6/18/2019 6:00,133,70,63
6/18/2019 7:00,382,198,184
6/18/2019 8:00,532,233,299
6/18/2019 9:00,291,120,171
6/18/2019 10:00,101,49,52
6/18/2019 11:00,69,43,26
6/18/2019 12:00,104,47,57
6/18/2019 13:00,73,31,42
6/18/2019 14:00,123,39,84
6/18/2019 15:00,137,54,83
6/18/2019 16:00,335,89,246
6/18/2019 17:00,714,191,523
6/18/2019 18:00,416,110,306
6/18/2019 19:00,186,67,119
6/18/2019 20:00,123,40,83
6/18/2019 21:00,64,25,39
6/18/2019 22:00,52,20,32
6/18/2019 23:00,17,5,12
6/19/2019 0:00,11,6,5
6/19/2019 1:00,6,3,3
6/19/2019 2:00,3,1,2
6/19/2019 3:00,2,2,0
6/19/2019 4:00,9,5,4
6/19/2019 5:00,54,26,28
6/19/2019 6:00,187,87,100
6/19/2019 7:00,524,262,262
6/19/2019 8:00,695,314,381
6/19/2019 9:00,375,136,239
6/19/2019 10:00,167,65,102
6/19/2019 11:00,131,64,67
6/19/2019 12:00,127,52,75
6/19/2019 13:00,139,82,57
6/19/2019 14:00,140,65,75
6/19/2019 15:00,204,83,121
6/19/2019 16:00,509,156,353
6/19/2019 17:00,893,232,661
6/19/2019 18:00,554,174,380
6/19/2019 19:00,339,105,234
6/19/2019 20:00,168,59,109
6/19/2019 21:00,80,27,53
6/19/2019 22:00,32,15,17
6/19/2019 23:00,23,8,15
6/20/2019 0:00,6,3,3
6/20/2019 1:00,6,2,4
6/20/2019 2:00,2,0,2
6/20/2019 3:00,2,0,2
6/20/2019 4:00,4,4,0
6/20/2019 5:00,48,26,22
6/20/2019 6:00,160,75,85
6/20/2019 7:00,399,195,204
6/20/2019 8:00,628,284,344
6/20/2019 9:00,369,146,223
6/20/2019 10:00,165,62,103
6/20/2019 11:00,136,59,77
6/20/2019 12:00,125,51,74
6/20/2019 13:00,136,64,72
6/20/2019 14:00,136,50,86
6/20/2019 15:00,196,70,126
6/20/2019 16:00,420,143,277
6/20/2019 17:00,767,180,587
6/20/2019 18:00,530,144,386
6/20/2019 19:00,278,92,186
6/20/2019 20:00,203,87,116
6/20/2019 21:00,117,46,71
6/20/2019 22:00,45,24,21
6/20/2019 23:00,30,10,20
6/21/2019 0:00,10,2,8
6/21/2019 1:00,12,7,5
6/21/2019 2:00,5,2,3
6/21/2019 3:00,2,1,1
6/21/2019 4:00,7,3,4
6/21/2019 5:00,44,27,17
6/21/2019 6:00,140,65,75
6/21/2019 7:00,382,202,180
6/21/2019 8:00,547,232,315
6/21/2019 9:00,313,124,189
6/21/2019 10:00,162,61,101
6/21/2019 11:00,143,41,102
6/21/2019 12:00,147,64,83
6/21/2019 13:00,154,73,81
6/21/2019 14:00,189,63,126
6/21/2019 15:00,255,96,159
6/21/2019 16:00,479,133,346
6/21/2019 17:00,659,156,503
6/21/2019 18:00,339,113,226
6/21/2019 19:00,276,93,183
6/21/2019 20:00,179,86,93
6/21/2019 21:00,100,40,60
6/21/2019 22:00,55,28,27
6/21/2019 23:00,49,22,27
6/22/2019 0:00,39,14,25
6/22/2019 1:00,22,11,11
6/22/2019 2:00,2,1,1
6/22/2019 3:00,3,0,3
6/22/2019 4:00,15,3,12
6/22/2019 5:00,17,9,8
6/22/2019 6:00,36,11,25
6/22/2019 7:00,74,29,45
6/22/2019 8:00,112,54,58
6/22/2019 9:00,174,62,112
6/22/2019 10:00,239,91,148
6/22/2019 11:00,255,84,171
6/22/2019 12:00,192,83,109
6/22/2019 13:00,108,67,41
6/22/2019 14:00,43,20,23
6/22/2019 15:00,226,104,122
6/22/2019 16:00,253,113,140
6/22/2019 17:00,265,128,137
6/22/2019 18:00,232,115,117
6/22/2019 19:00,178,89,89
6/22/2019 20:00,98,51,47
6/22/2019 21:00,86,46,40
6/22/2019 22:00,65,43,22
6/22/2019 23:00,44,19,25
6/23/2019 0:00,45,26,19
6/23/2019 1:00,14,5,9
6/23/2019 2:00,5,0,5
6/23/2019 3:00,2,1,1
6/23/2019 4:00,5,1,4
6/23/2019 5:00,8,2,6
6/23/2019 6:00,20,7,13
6/23/2019 7:00,37,18,19
6/23/2019 8:00,37,26,11
6/23/2019 9:00,75,39,36
6/23/2019 10:00,86,35,51
6/23/2019 11:00,136,67,69
6/23/2019 12:00,151,75,76
6/23/2019 13:00,169,63,106
6/23/2019 14:00,153,56,97
6/23/2019 15:00,205,88,117
6/23/2019 16:00,185,75,110
6/23/2019 17:00,140,68,72
6/23/2019 18:00,110,51,59
6/23/2019 19:00,54,27,27
6/23/2019 20:00,53,29,24
6/23/2019 21:00,26,11,15
6/23/2019 22:00,16,6,10
6/23/2019 23:00,19,8,11
6/24/2019 0:00,7,3,4
6/24/2019 1:00,2,1,1
6/24/2019 2:00,6,1,5
6/24/2019 3:00,0,0,0
6/24/2019 4:00,6,2,4
6/24/2019 5:00,50,26,24
6/24/2019 6:00,168,82,86
6/24/2019 7:00,424,200,224
6/24/2019 8:00,686,323,363
6/24/2019 9:00,329,133,196
6/24/2019 10:00,118,47,71
6/24/2019 11:00,90,31,59
6/24/2019 12:00,90,49,41
6/24/2019 13:00,119,49,70
6/24/2019 14:00,142,68,74
6/24/2019 15:00,188,76,112
6/24/2019 16:00,448,131,317
6/24/2019 17:00,844,190,654
6/24/2019 18:00,572,169,403
6/24/2019 19:00,276,108,168
6/24/2019 20:00,194,93,101
6/24/2019 21:00,99,43,56
6/24/2019 22:00,60,25,35
6/24/2019 23:00,30,12,18
6/25/2019 0:00,9,4,5
6/25/2019 1:00,0,0,0
6/25/2019 2:00,3,2,1
6/25/2019 3:00,4,1,3
6/25/2019 4:00,9,6,3
6/25/2019 5:00,66,34,32
6/25/2019 6:00,206,97,109
6/25/2019 7:00,560,275,285
6/25/2019 8:00,838,389,449
6/25/2019 9:00,423,190,233
6/25/2019 10:00,186,88,98
6/25/2019 11:00,140,62,78
6/25/2019 12:00,150,61,89
6/25/2019 13:00,136,55,81
6/25/2019 14:00,160,69,91
6/25/2019 15:00,262,87,175
6/25/2019 16:00,506,152,354
6/25/2019 17:00,1052,257,795
6/25/2019 18:00,644,189,455
6/25/2019 19:00,351,119,232
6/25/2019 20:00,137,59,78
6/25/2019 21:00,110,58,52
6/25/2019 22:00,73,29,44
6/25/2019 23:00,35,11,24
6/26/2019 0:00,13,4,9
6/26/2019 1:00,8,3,5
6/26/2019 2:00,2,0,2
6/26/2019 3:00,5,4,1
6/26/2019 4:00,10,3,7
6/26/2019 5:00,54,27,27
6/26/2019 6:00,186,97,89
6/26/2019 7:00,540,272,268
6/26/2019 8:00,698,310,388
6/26/2019 9:00,358,156,202
6/26/2019 10:00,167,75,92
6/26/2019 11:00,138,70,68
6/26/2019 12:00,129,61,68
6/26/2019 13:00,138,51,87
6/26/2019 14:00,161,59,102
6/26/2019 15:00,240,94,146
6/26/2019 16:00,391,111,280
6/26/2019 17:00,770,179,591
6/26/2019 18:00,491,134,357
6/26/2019 19:00,219,56,163
6/26/2019 20:00,140,49,91
6/26/2019 21:00,104,44,60
6/26/2019 22:00,48,27,21
6/26/2019 23:00,22,5,17
6/27/2019 0:00,15,9,6
6/27/2019 1:00,5,1,4
6/27/2019 2:00,4,2,2
6/27/2019 3:00,3,2,1
6/27/2019 4:00,6,4,2
6/27/2019 5:00,47,24,23
6/27/2019 6:00,130,53,77
6/27/2019 7:00,304,149,155
6/27/2019 8:00,474,192,282
6/27/2019 9:00,266,108,158
6/27/2019 10:00,130,46,84
6/27/2019 11:00,118,48,70
6/27/2019 12:00,104,39,65
6/27/2019 13:00,112,53,59
6/27/2019 14:00,119,47,72
6/27/2019 15:00,186,81,105
6/27/2019 16:00,361,110,251
6/27/2019 17:00,632,162,470
6/27/2019 18:00,455,121,334
6/27/2019 19:00,207,72,135
6/27/2019 20:00,142,53,89
6/27/2019 21:00,82,39,43
6/27/2019 22:00,36,16,20
6/27/2019 23:00,31,15,16
6/28/2019 0:00,15,9,6
6/28/2019 1:00,6,3,3
6/28/2019 2:00,1,1,0
6/28/2019 3:00,3,1,2
6/28/2019 4:00,8,3,5
6/28/2019 5:00,40,17,23
6/28/2019 6:00,153,77,76
6/28/2019 7:00,399,214,185
6/28/2019 8:00,551,241,310
6/28/2019 9:00,368,141,227
6/28/2019 10:00,189,69,120
6/28/2019 11:00,153,68,85
6/28/2019 12:00,136,47,89
6/28/2019 13:00,177,62,115
6/28/2019 14:00,171,61,110
6/28/2019 15:00,261,87,174
6/28/2019 16:00,519,137,382
6/28/2019 17:00,653,176,477
6/28/2019 18:00,421,138,283
6/28/2019 19:00,223,65,158
6/28/2019 20:00,164,66,98
6/28/2019 21:00,100,36,64
6/28/2019 22:00,51,21,30
6/28/2019 23:00,35,13,22
6/29/2019 0:00,28,11,17
6/29/2019 1:00,11,5,6
6/29/2019 2:00,3,2,1
6/29/2019 3:00,5,3,2
6/29/2019 4:00,1,0,1
6/29/2019 5:00,19,9,10
6/29/2019 6:00,31,9,22
6/29/2019 7:00,57,26,31
6/29/2019 8:00,112,51,61
6/29/2019 9:00,149,65,84
6/29/2019 10:00,165,75,90
6/29/2019 11:00,253,105,148
6/29/2019 12:00,272,114,158
6/29/2019 13:00,293,137,156
6/29/2019 14:00,308,145,163
6/29/2019 15:00,282,137,145
6/29/2019 16:00,308,134,174
6/29/2019 17:00,252,122,130
6/29/2019 18:00,210,107,103
6/29/2019 19:00,130,57,73
6/29/2019 20:00,114,51,63
6/29/2019 21:00,86,41,45
6/29/2019 22:00,57,17,40
6/29/2019 23:00,37,12,25
6/30/2019 0:00,27,9,18
6/30/2019 1:00,21,11,10
6/30/2019 2:00,15,8,7
6/30/2019 3:00,2,2,0
6/30/2019 4:00,3,1,2
6/30/2019 5:00,9,5,4
6/30/2019 6:00,26,10,16
6/30/2019 7:00,44,19,25
6/30/2019 8:00,110,54,56
6/30/2019 9:00,169,77,92
6/30/2019 10:00,258,117,141
6/30/2019 11:00,330,182,148
6/30/2019 12:00,336,149,187
6/30/2019 13:00,338,148,190
6/30/2019 14:00,315,116,199
6/30/2019 15:00,361,145,216
6/30/2019 16:00,331,148,183
6/30/2019 17:00,232,84,148
6/30/2019 18:00,207,68,139
6/30/2019 19:00,135,58,77
6/30/2019 20:00,130,72,58
6/30/2019 21:00,63,31,32
6/30/2019 22:00,50,20,30
6/30/2019 23:00,22,7,15
7/1/2019 0:00,10,5,5
7/1/2019 1:00,6,3,3
7/1/2019 2:00,3,1,2
7/1/2019 3:00,2,1,1
7/1/2019 4:00,12,2,10
7/1/2019 5:00,55,30,25
7/1/2019 6:00,170,78,92
7/1/2019 7:00,498,246,252
7/1/2019 8:00,752,323,429
7/1/2019 9:00,415,178,237
7/1/2019 10:00,192,75,117
7/1/2019 11:00,157,76,81
7/1/2019 12:00,144,61,83
7/1/2019 13:00,160,70,90
7/1/2019 14:00,166,56,110
7/1/2019 15:00,234,100,134
7/1/2019 16:00,532,141,391
7/1/2019 17:00,900,196,704
7/1/2019 18:00,598,190,408
7/1/2019 19:00,302,109,193
7/1/2019 20:00,186,78,108
7/1/2019 21:00,118,58,60
7/1/2019 22:00,61,23,38
7/1/2019 23:00,32,11,21
7/2/2019 0:00,9,4,5
7/2/2019 1:00,2,1,1
7/2/2019 2:00,7,0,7
7/2/2019 3:00,4,1,3
7/2/2019 4:00,12,6,6
7/2/2019 5:00,42,22,20
7/2/2019 6:00,178,89,89
7/2/2019 7:00,398,203,195
7/2/2019 8:00,567,238,329
7/2/2019 9:00,313,133,180
7/2/2019 10:00,101,38,63
7/2/2019 11:00,91,38,53
7/2/2019 12:00,97,36,61
7/2/2019 13:00,71,26,45
7/2/2019 14:00,88,30,58
7/2/2019 15:00,96,30,66
7/2/2019 16:00,255,57,198
7/2/2019 17:00,571,129,442
7/2/2019 18:00,347,80,267
7/2/2019 19:00,114,33,81
7/2/2019 20:00,58,18,40
7/2/2019 21:00,39,15,24
7/2/2019 22:00,19,6,13
7/2/2019 23:00,16,10,6
7/3/2019 0:00,5,2,3
7/3/2019 1:00,3,1,2
7/3/2019 2:00,0,0,0
7/3/2019 3:00,1,0,1
7/3/2019 4:00,7,5,2
7/3/2019 5:00,47,28,19
7/3/2019 6:00,133,64,69
7/3/2019 7:00,336,147,189
7/3/2019 8:00,445,189,256
7/3/2019 9:00,287,118,169
7/3/2019 10:00,96,43,53
7/3/2019 11:00,95,39,56
7/3/2019 12:00,90,31,59
7/3/2019 13:00,134,65,69
7/3/2019 14:00,134,42,92
7/3/2019 15:00,282,98,184
7/3/2019 16:00,427,128,299
7/3/2019 17:00,586,151,435
7/3/2019 18:00,385,136,249
7/3/2019 19:00,204,73,131
7/3/2019 20:00,113,44,69
7/3/2019 21:00,91,42,49
7/3/2019 22:00,61,24,37
7/3/2019 23:00,36,18,18
7/4/2019 0:00,14,5,9
7/4/2019 1:00,11,6,5
7/4/2019 2:00,7,5,2
7/4/2019 3:00,4,1,3
7/4/2019 4:00,4,1,3
7/4/2019 5:00,8,3,5
7/4/2019 6:00,40,17,23
7/4/2019 7:00,52,24,28
7/4/2019 8:00,115,50,65
7/4/2019 9:00,140,68,72
7/4/2019 10:00,174,82,92
7/4/2019 11:00,215,93,122
7/4/2019 12:00,257,130,127
7/4/2019 13:00,307,109,198
7/4/2019 14:00,351,144,207
7/4/2019 15:00,289,118,171
7/4/2019 16:00,310,115,195
7/4/2019 17:00,295,138,157
7/4/2019 18:00,281,119,162
7/4/2019 19:00,272,108,164
7/4/2019 20:00,210,85,125
7/4/2019 21:00,173,91,82
7/4/2019 22:00,113,44,69
7/4/2019 23:00,320,120,200
7/5/2019 0:00,60,28,32
7/5/2019 1:00,18,6,12
7/5/2019 2:00,10,4,6
7/5/2019 3:00,5,3,2
7/5/2019 4:00,5,1,4
7/5/2019 5:00,30,20,10
7/5/2019 6:00,68,31,37
7/5/2019 7:00,128,64,64
7/5/2019 8:00,187,77,110
7/5/2019 9:00,169,55,114
7/5/2019 10:00,112,56,56
7/5/2019 11:00,139,60,79
7/5/2019 12:00,155,59,96
7/5/2019 13:00,159,69,90
7/5/2019 14:00,167,59,108
7/5/2019 15:00,249,85,164
7/5/2019 16:00,263,80,183
7/5/2019 17:00,292,100,192
7/5/2019 18:00,202,61,141
7/5/2019 19:00,112,52,60
7/5/2019 20:00,65,24,41
7/5/2019 21:00,58,29,29
7/5/2019 22:00,36,16,20
7/5/2019 23:00,26,13,13
7/6/2019 0:00,17,5,12
7/6/2019 1:00,3,1,2
7/6/2019 2:00,5,1,4
7/6/2019 3:00,7,2,5
7/6/2019 4:00,8,6,2
7/6/2019 5:00,14,5,9
7/6/2019 6:00,37,14,23
7/6/2019 7:00,55,18,37
7/6/2019 8:00,72,31,41
7/6/2019 9:00,104,51,53
7/6/2019 10:00,220,119,101
7/6/2019 11:00,214,85,129
7/6/2019 12:00,256,123,133
7/6/2019 13:00,242,117,125
7/6/2019 14:00,304,127,177
7/6/2019 15:00,305,134,171
7/6/2019 16:00,302,145,157
7/6/2019 17:00,231,114,117
7/6/2019 18:00,198,76,122
7/6/2019 19:00,140,61,79
7/6/2019 20:00,84,34,50
7/6/2019 21:00,73,26,47
7/6/2019 22:00,48,14,34
7/6/2019 23:00,35,19,16
7/7/2019 0:00,24,4,20
7/7/2019 1:00,13,5,8
7/7/2019 2:00,10,6,4
7/7/2019 3:00,1,0,1
7/7/2019 4:00,4,2,2
7/7/2019 5:00,4,1,3
7/7/2019 6:00,16,3,13
7/7/2019 7:00,43,16,27
7/7/2019 8:00,56,27,29
7/7/2019 9:00,88,42,46
7/7/2019 10:00,154,79,75
7/7/2019 11:00,199,111,88
7/7/2019 12:00,239,91,148
7/7/2019 13:00,233,96,137
7/7/2019 14:00,251,114,137
7/7/2019 15:00,203,111,92
7/7/2019 16:00,192,100,92
7/7/2019 17:00,115,54,61
7/7/2019 18:00,103,43,60
7/7/2019 19:00,52,25,27
7/7/2019 20:00,17,9,8
7/7/2019 21:00,20,6,14
7/7/2019 22:00,15,9,6
7/7/2019 23:00,12,5,7
7/8/2019 0:00,5,2,3
7/8/2019 1:00,3,1,2
7/8/2019 2:00,1,1,0
7/8/2019 3:00,0,0,0
7/8/2019 4:00,5,3,2
7/8/2019 5:00,43,23,20
7/8/2019 6:00,130,61,69
7/8/2019 7:00,427,199,228
7/8/2019 8:00,609,288,321
7/8/2019 9:00,323,131,192
7/8/2019 10:00,136,52,84
7/8/2019 11:00,92,40,52
7/8/2019 12:00,86,34,52
7/8/2019 13:00,132,58,74
7/8/2019 14:00,115,56,59
7/8/2019 15:00,184,66,118
7/8/2019 16:00,437,140,297
7/8/2019 17:00,807,194,613
7/8/2019 18:00,543,171,372
7/8/2019 19:00,273,102,171
7/8/2019 20:00,186,63,123
7/8/2019 21:00,93,38,55
7/8/2019 22:00,63,19,44
7/8/2019 23:00,21,6,15
7/9/2019 0:00,9,4,5
7/9/2019 1:00,4,2,2
7/9/2019 2:00,4,0,4
7/9/2019 3:00,2,0,2
7/9/2019 4:00,9,6,3
7/9/2019 5:00,54,21,33
7/9/2019 6:00,211,108,103
7/9/2019 7:00,554,258,296
7/9/2019 8:00,675,317,358
7/9/2019 9:00,402,157,245
7/9/2019 10:00,138,60,78
7/9/2019 11:00,114,58,56
7/9/2019 12:00,116,44,72
7/9/2019 13:00,145,65,80
7/9/2019 14:00,126,39,87
7/9/2019 15:00,210,81,129
7/9/2019 16:00,455,127,328
7/9/2019 17:00,888,217,671
7/9/2019 18:00,499,148,351
7/9/2019 19:00,209,50,159
7/9/2019 20:00,127,43,84
7/9/2019 21:00,58,29,29
7/9/2019 22:00,26,4,22
7/9/2019 23:00,16,3,13
7/10/2019 0:00,10,3,7
7/10/2019 1:00,3,0,3
7/10/2019 2:00,1,1,0
7/10/2019 3:00,3,3,0
7/10/2019 4:00,8,5,3
7/10/2019 5:00,32,12,20
7/10/2019 6:00,94,46,48
7/10/2019 7:00,308,145,163
7/10/2019 8:00,383,168,215
7/10/2019 9:00,221,94,127
7/10/2019 10:00,102,37,65
7/10/2019 11:00,62,38,24
7/10/2019 12:00,75,26,49
7/10/2019 13:00,50,23,27
7/10/2019 14:00,59,24,35
7/10/2019 15:00,70,26,44
7/10/2019 16:00,244,73,171
7/10/2019 17:00,550,139,411
7/10/2019 18:00,406,117,289
7/10/2019 19:00,217,78,139
7/10/2019 20:00,129,43,86
7/10/2019 21:00,76,29,47
7/10/2019 22:00,39,26,13
7/10/2019 23:00,24,7,17
7/11/2019 0:00,10,6,4
7/11/2019 1:00,6,1,5
7/11/2019 2:00,5,2,3
7/11/2019 3:00,5,3,2
7/11/2019 4:00,8,6,2
7/11/2019 5:00,50,16,34
7/11/2019 6:00,171,83,88
7/11/2019 7:00,506,230,276
7/11/2019 8:00,735,312,423
7/11/2019 9:00,392,163,229
7/11/2019 10:00,178,67,111
7/11/2019 11:00,123,64,59
7/11/2019 12:00,151,64,87
7/11/2019 13:00,155,67,88
7/11/2019 14:00,152,64,88
7/11/2019 15:00,211,73,138
7/11/2019 16:00,522,137,385
7/11/2019 17:00,871,220,651
7/11/2019 18:00,551,196,355
7/11/2019 19:00,327,120,207
7/11/2019 20:00,217,87,130
7/11/2019 21:00,125,56,69
7/11/2019 22:00,69,30,39
7/11/2019 23:00,25,6,19
7/12/2019 0:00,14,4,10
7/12/2019 1:00,11,5,6
7/12/2019 2:00,4,2,2
7/12/2019 3:00,2,2,0
7/12/2019 4:00,12,4,8
7/12/2019 5:00,24,11,13
7/12/2019 6:00,165,69,96
7/12/2019 7:00,411,189,222
7/12/2019 8:00,590,256,334
7/12/2019 9:00,373,156,217
7/12/2019 10:00,126,58,68
7/12/2019 11:00,142,68,74
7/12/2019 12:00,154,62,92
7/12/2019 13:00,191,86,105
7/12/2019 14:00,211,77,134
7/12/2019 15:00,338,132,206
7/12/2019 16:00,545,139,406
7/12/2019 17:00,730,213,517
7/12/2019 18:00,449,153,296
7/12/2019 19:00,280,110,170
7/12/2019 20:00,161,64,97
7/12/2019 21:00,124,52,72
7/12/2019 22:00,83,30,53
7/12/2019 23:00,38,15,23
7/13/2019 0:00,33,17,16
7/13/2019 1:00,17,7,10
7/13/2019 2:00,9,3,6
7/13/2019 3:00,9,3,6
7/13/2019 4:00,35,6,29
7/13/2019 5:00,56,17,39
7/13/2019 6:00,46,11,35
7/13/2019 7:00,63,24,39
7/13/2019 8:00,91,47,44
7/13/2019 9:00,144,62,82
7/13/2019 10:00,195,97,98
7/13/2019 11:00,205,84,121
7/13/2019 12:00,259,124,135
7/13/2019 13:00,284,130,154
7/13/2019 14:00,310,145,165
7/13/2019 15:00,241,122,119
7/13/2019 16:00,273,128,145
7/13/2019 17:00,222,102,120
7/13/2019 18:00,176,81,95
7/13/2019 19:00,150,66,84
7/13/2019 20:00,103,54,49
7/13/2019 21:00,63,29,34
7/13/2019 22:00,60,30,30
7/13/2019 23:00,42,14,28
7/14/2019 0:00,21,11,10
7/14/2019 1:00,16,6,10
7/14/2019 2:00,7,2,5
7/14/2019 3:00,3,0,3
7/14/2019 4:00,4,1,3
7/14/2019 5:00,8,1,7
7/14/2019 6:00,27,8,19
7/14/2019 7:00,52,21,31
7/14/2019 8:00,114,44,70
7/14/2019 9:00,147,62,85
7/14/2019 10:00,159,82,77
7/14/2019 11:00,237,97,140
7/14/2019 12:00,292,114,178
7/14/2019 13:00,295,120,175
7/14/2019 14:00,297,139,158
7/14/2019 15:00,286,123,163
7/14/2019 16:00,328,150,178
7/14/2019 17:00,236,105,131
7/14/2019 18:00,179,75,104
7/14/2019 19:00,162,86,76
7/14/2019 20:00,110,46,64
7/14/2019 21:00,72,42,30
7/14/2019 22:00,46,16,30
7/14/2019 23:00,24,8,16
7/15/2019 0:00,8,7,1
7/15/2019 1:00,11,4,7
7/15/2019 2:00,5,4,1
7/15/2019 3:00,1,1,0
7/15/2019 4:00,10,4,6
7/15/2019 5:00,67,33,34
7/15/2019 6:00,172,78,94
7/15/2019 7:00,475,236,239
7/15/2019 8:00,708,325,383
7/15/2019 9:00,385,161,224
7/15/2019 10:00,126,42,84
7/15/2019 11:00,90,42,48
7/15/2019 12:00,76,35,41
7/15/2019 13:00,78,37,41
7/15/2019 14:00,101,42,59
7/15/2019 15:00,173,56,117
7/15/2019 16:00,423,115,308
7/15/2019 17:00,815,175,640
7/15/2019 18:00,518,147,371
7/15/2019 19:00,242,91,151
7/15/2019 20:00,140,43,97
7/15/2019 21:00,68,22,46
7/15/2019 22:00,39,19,20
7/15/2019 23:00,29,16,13
7/16/2019 0:00,4,2,2
7/16/2019 1:00,3,3,0
7/16/2019 2:00,3,1,2
7/16/2019 3:00,3,3,0
7/16/2019 4:00,9,4,5
7/16/2019 5:00,44,17,27
7/16/2019 6:00,190,89,101
7/16/2019 7:00,567,284,283
7/16/2019 8:00,792,349,443
7/16/2019 9:00,386,158,228
7/16/2019 10:00,163,77,86
7/16/2019 11:00,147,58,89
7/16/2019 12:00,120,63,57
7/16/2019 13:00,144,55,89
7/16/2019 14:00,158,69,89
7/16/2019 15:00,216,68,148
7/16/2019 16:00,537,162,375
7/16/2019 17:00,914,232,682
7/16/2019 18:00,597,185,412
7/16/2019 19:00,338,117,221
7/16/2019 20:00,214,74,140
7/16/2019 21:00,111,50,61
7/16/2019 22:00,51,21,30
7/16/2019 23:00,26,10,16
7/17/2019 0:00,13,7,6
7/17/2019 1:00,6,2,4
7/17/2019 2:00,7,4,3
7/17/2019 3:00,4,2,2
7/17/2019 4:00,15,10,5
7/17/2019 5:00,43,19,24
7/17/2019 6:00,122,64,58
7/17/2019 7:00,340,171,169
7/17/2019 8:00,511,212,299
7/17/2019 9:00,332,133,199
7/17/2019 10:00,142,61,81
7/17/2019 11:00,100,51,49
7/17/2019 12:00,93,54,39
7/17/2019 13:00,78,24,54
7/17/2019 14:00,88,24,64
7/17/2019 15:00,141,48,93
7/17/2019 16:00,350,109,241
7/17/2019 17:00,672,172,500
7/17/2019 18:00,433,122,311
7/17/2019 19:00,208,83,125
7/17/2019 20:00,128,54,74
7/17/2019 21:00,71,34,37
7/17/2019 22:00,39,16,23
7/17/2019 23:00,18,7,11
7/18/2019 0:00,9,3,6
7/18/2019 1:00,8,6,2
7/18/2019 2:00,1,0,1
7/18/2019 3:00,3,1,2
7/18/2019 4:00,10,5,5
7/18/2019 5:00,47,18,29
7/18/2019 6:00,157,74,83
7/18/2019 7:00,407,200,207
7/18/2019 8:00,649,277,372
7/18/2019 9:00,379,159,220
7/18/2019 10:00,159,66,93
7/18/2019 11:00,150,62,88
7/18/2019 12:00,128,59,69
7/18/2019 13:00,154,73,81
7/18/2019 14:00,166,66,100
7/18/2019 15:00,220,98,122
7/18/2019 16:00,429,130,299
7/18/2019 17:00,774,178,596
7/18/2019 18:00,450,123,327
7/18/2019 19:00,192,78,114
7/18/2019 20:00,105,35,70
7/18/2019 21:00,51,14,37
7/18/2019 22:00,17,8,9
7/18/2019 23:00,13,5,8
7/19/2019 0:00,6,1,5
7/19/2019 1:00,7,2,5
7/19/2019 2:00,1,0,1
7/19/2019 3:00,6,3,3
7/19/2019 4:00,6,3,3
7/19/2019 5:00,34,13,21
7/19/2019 6:00,155,71,84
7/19/2019 7:00,363,177,186
7/19/2019 8:00,543,218,325
7/19/2019 9:00,319,126,193
7/19/2019 10:00,134,55,79
7/19/2019 11:00,143,57,86
7/19/2019 12:00,151,50,101
7/19/2019 13:00,157,64,93
7/19/2019 14:00,235,110,125
7/19/2019 15:00,303,109,194
7/19/2019 16:00,500,155,345
7/19/2019 17:00,640,158,482
7/19/2019 18:00,400,117,283
7/19/2019 19:00,249,107,142
7/19/2019 20:00,150,54,96
7/19/2019 21:00,98,44,54
7/19/2019 22:00,73,20,53
7/19/2019 23:00,40,17,23
7/20/2019 0:00,26,8,18
7/20/2019 1:00,26,13,13
7/20/2019 2:00,11,4,7
7/20/2019 3:00,4,4,0
7/20/2019 4:00,4,0,4
7/20/2019 5:00,10,6,4
7/20/2019 6:00,27,10,17
7/20/2019 7:00,61,26,35
7/20/2019 8:00,107,45,62
7/20/2019 9:00,168,73,95
7/20/2019 10:00,188,73,115
7/20/2019 11:00,235,111,124
7/20/2019 12:00,318,153,165
7/20/2019 13:00,342,121,221
7/20/2019 14:00,259,124,135
7/20/2019 15:00,281,131,150
7/20/2019 16:00,293,139,154
7/20/2019 17:00,218,85,133
7/20/2019 18:00,195,86,109
7/20/2019 19:00,173,89,84
7/20/2019 20:00,117,43,74
7/20/2019 21:00,66,30,36
7/20/2019 22:00,60,27,33
7/20/2019 23:00,63,20,43
7/21/2019 0:00,22,7,15
7/21/2019 1:00,18,5,13
7/21/2019 2:00,7,1,6
7/21/2019 3:00,5,2,3
7/21/2019 4:00,4,1,3
7/21/2019 5:00,9,4,5
7/21/2019 6:00,25,9,16
7/21/2019 7:00,61,32,29
7/21/2019 8:00,110,51,59
7/21/2019 9:00,142,66,76
7/21/2019 10:00,222,113,109
7/21/2019 11:00,298,154,144
7/21/2019 12:00,258,128,130
7/21/2019 13:00,287,124,163
7/21/2019 14:00,288,133,155
7/21/2019 15:00,306,149,157
7/21/2019 16:00,251,132,119
7/21/2019 17:00,186,91,95
7/21/2019 18:00,164,81,83
7/21/2019 19:00,119,55,64
7/21/2019 20:00,99,44,55
7/21/2019 21:00,90,30,60
7/21/2019 22:00,37,15,22
7/21/2019 23:00,25,6,19
7/22/2019 0:00,10,3,7
7/22/2019 1:00,2,2,0
7/22/2019 2:00,2,0,2
7/22/2019 3:00,9,3,6
7/22/2019 4:00,15,6,9
7/22/2019 5:00,53,27,26
7/22/2019 6:00,195,89,106
7/22/2019 7:00,563,274,289
7/22/2019 8:00,776,343,433
7/22/2019 9:00,415,173,242
7/22/2019 10:00,193,81,112
7/22/2019 11:00,106,43,63
7/22/2019 12:00,136,66,70
7/22/2019 13:00,135,56,79
7/22/2019 14:00,153,52,101
7/22/2019 15:00,249,99,150
7/22/2019 16:00,547,153,394
7/22/2019 17:00,877,177,700
7/22/2019 18:00,613,150,463
7/22/2019 19:00,330,116,214
7/22/2019 20:00,176,62,114
7/22/2019 21:00,100,38,62
7/22/2019 22:00,48,17,31
7/22/2019 23:00,26,14,12
7/23/2019 0:00,10,4,6
7/23/2019 1:00,9,2,7
7/23/2019 2:00,7,3,4
7/23/2019 3:00,3,2,1
7/23/2019 4:00,15,5,10
7/23/2019 5:00,55,22,33
7/23/2019 6:00,191,90,101
7/23/2019 7:00,594,264,330
7/23/2019 8:00,774,350,424
7/23/2019 9:00,442,187,255
7/23/2019 10:00,205,80,125
7/23/2019 11:00,129,65,64
7/23/2019 12:00,147,55,92
7/23/2019 13:00,117,50,67
7/23/2019 14:00,123,41,82
7/23/2019 15:00,208,69,139
7/23/2019 16:00,508,137,371
7/23/2019 17:00,900,224,676
7/23/2019 18:00,659,196,463
7/23/2019 19:00,271,83,188
7/23/2019 20:00,187,74,113
7/23/2019 21:00,107,49,58
7/23/2019 22:00,51,22,29
7/23/2019 23:00,27,15,12
7/24/2019 0:00,13,3,10
7/24/2019 1:00,9,4,5
7/24/2019 2:00,3,0,3
7/24/2019 3:00,6,1,5
7/24/2019 4:00,14,7,7
7/24/2019 5:00,54,31,23
7/24/2019 6:00,214,115,99
7/24/2019 7:00,534,238,296
7/24/2019 8:00,752,326,426
7/24/2019 9:00,420,171,249
7/24/2019 10:00,167,66,101
7/24/2019 11:00,150,56,94
7/24/2019 12:00,135,63,72
7/24/2019 13:00,153,73,80
7/24/2019 14:00,160,55,105
7/24/2019 15:00,206,73,133
7/24/2019 16:00,561,167,394
7/24/2019 17:00,920,220,700
7/24/2019 18:00,650,182,468
7/24/2019 19:00,328,112,216
7/24/2019 20:00,192,82,110
7/24/2019 21:00,116,58,58
7/24/2019 22:00,61,28,33
7/24/2019 23:00,39,17,22
7/25/2019 0:00,21,16,5
7/25/2019 1:00,14,6,8
7/25/2019 2:00,9,3,6
7/25/2019 3:00,8,3,5
7/25/2019 4:00,7,7,0
7/25/2019 5:00,61,29,32
7/25/2019 6:00,182,88,94
7/25/2019 7:00,496,248,248
7/25/2019 8:00,727,307,420
7/25/2019 9:00,418,169,249
7/25/2019 10:00,197,81,116
7/25/2019 11:00,156,69,87
7/25/2019 12:00,151,68,83
7/25/2019 13:00,167,90,77
7/25/2019 14:00,135,60,75
7/25/2019 15:00,272,83,189
7/25/2019 16:00,544,187,357
7/25/2019 17:00,909,228,681
7/25/2019 18:00,557,171,386
7/25/2019 19:00,301,97,204
7/25/2019 20:00,272,117,155
7/25/2019 21:00,132,50,82
7/25/2019 22:00,56,28,28
7/25/2019 23:00,42,15,27
7/26/2019 0:00,13,4,9
7/26/2019 1:00,7,1,6
7/26/2019 2:00,1,1,0
7/26/2019 3:00,4,1,3
7/26/2019 4:00,12,6,6
7/26/2019 5:00,34,15,19
7/26/2019 6:00,165,72,93
7/26/2019 7:00,437,213,224
7/26/2019 8:00,641,255,386
7/26/2019 9:00,362,147,215
7/26/2019 10:00,195,77,118
7/26/2019 11:00,142,65,77
7/26/2019 12:00,194,74,120
7/26/2019 13:00,167,65,102
7/26/2019 14:00,241,91,150
7/26/2019 15:00,296,89,207
7/26/2019 16:00,555,140,415
7/26/2019 17:00,719,169,550
7/26/2019 18:00,434,146,288
7/26/2019 19:00,290,107,183
7/26/2019 20:00,182,80,102
7/26/2019 21:00,620,541,79
7/26/2019 22:00,523,41,482
7/26/2019 23:00,135,32,103
7/27/2019 0:00,51,18,33
7/27/2019 1:00,28,18,10
7/27/2019 2:00,10,0,10
7/27/2019 3:00,8,3,5
7/27/2019 4:00,6,0,6
7/27/2019 5:00,10,4,6
7/27/2019 6:00,22,11,11
7/27/2019 7:00,48,25,23
7/27/2019 8:00,83,37,46
7/27/2019 9:00,126,66,60
7/27/2019 10:00,130,69,61
7/27/2019 11:00,173,91,82
7/27/2019 12:00,185,79,106
7/27/2019 13:00,197,85,112
7/27/2019 14:00,203,100,103
7/27/2019 15:00,166,65,101
7/27/2019 16:00,223,106,117
7/27/2019 17:00,180,75,105
7/27/2019 18:00,143,69,74
7/27/2019 19:00,107,46,61
7/27/2019 20:00,119,52,67
7/27/2019 21:00,62,22,40
7/27/2019 22:00,43,21,22
7/27/2019 23:00,43,12,31
7/28/2019 0:00,17,7,10
7/28/2019 1:00,10,2,8
7/28/2019 2:00,14,5,9
7/28/2019 3:00,2,2,0
7/28/2019 4:00,0,0,0
7/28/2019 5:00,9,3,6
7/28/2019 6:00,21,12,9
7/28/2019 7:00,47,19,28
7/28/2019 8:00,103,51,52
7/28/2019 9:00,138,69,69
7/28/2019 10:00,194,93,101
7/28/2019 11:00,255,126,129
7/28/2019 12:00,287,133,154
7/28/2019 13:00,280,135,145
7/28/2019 14:00,297,160,137
7/28/2019 15:00,270,121,149
7/28/2019 16:00,310,145,165
7/28/2019 17:00,259,132,127
7/28/2019 18:00,191,85,106
7/28/2019 19:00,147,69,78
7/28/2019 20:00,135,54,81
7/28/2019 21:00,65,31,34
7/28/2019 22:00,43,26,17
7/28/2019 23:00,22,10,12
7/29/2019 0:00,7,1,6
7/29/2019 1:00,6,3,3
7/29/2019 2:00,0,0,0
7/29/2019 3:00,5,4,1
7/29/2019 4:00,14,9,5
7/29/2019 5:00,55,25,30
7/29/2019 6:00,188,83,105
7/29/2019 7:00,571,270,301
7/29/2019 8:00,778,342,436
7/29/2019 9:00,437,189,248
7/29/2019 10:00,215,90,125
7/29/2019 11:00,146,69,77
7/29/2019 12:00,145,60,85
7/29/2019 13:00,143,71,72
7/29/2019 14:00,170,70,100
7/29/2019 15:00,244,99,145
7/29/2019 16:00,539,157,382
7/29/2019 17:00,964,203,761
7/29/2019 18:00,618,177,441
7/29/2019 19:00,301,91,210
7/29/2019 20:00,151,66,85
7/29/2019 21:00,89,25,64
7/29/2019 22:00,39,16,23
7/29/2019 23:00,34,15,19
7/30/2019 0:00,16,4,12
7/30/2019 1:00,2,1,1
7/30/2019 2:00,2,0,2
7/30/2019 3:00,2,2,0
7/30/2019 4:00,22,10,12
7/30/2019 5:00,51,23,28
7/30/2019 6:00,232,123,109
7/30/2019 7:00,557,262,295
7/30/2019 8:00,750,317,433
7/30/2019 9:00,438,178,260
7/30/2019 10:00,160,62,98
7/30/2019 11:00,115,48,67
7/30/2019 12:00,112,52,60
7/30/2019 13:00,126,59,67
7/30/2019 14:00,168,71,97
7/30/2019 15:00,205,82,123
7/30/2019 16:00,530,133,397
7/30/2019 17:00,967,217,750
7/30/2019 18:00,597,187,410
7/30/2019 19:00,323,111,212
7/30/2019 20:00,170,76,94
7/30/2019 21:00,114,49,65
7/30/2019 22:00,75,23,52
7/30/2019 23:00,35,15,20
7/31/2019 0:00,10,4,6
7/31/2019 1:00,18,10,8
7/31/2019 2:00,4,2,2
7/31/2019 3:00,1,1,0
7/31/2019 4:00,20,10,10
7/31/2019 5:00,63,28,35
7/31/2019 6:00,201,100,101
7/31/2019 7:00,565,274,291
7/31/2019 8:00,780,337,443
7/31/2019 9:00,458,185,273
7/31/2019 10:00,196,75,121
7/31/2019 11:00,149,63,86
7/31/2019 12:00,156,70,86
7/31/2019 13:00,163,83,80
7/31/2019 14:00,197,80,117
7/31/2019 15:00,262,102,160
7/31/2019 16:00,534,163,371
7/31/2019 17:00,967,230,737
7/31/2019 18:00,621,195,426
7/31/2019 19:00,315,115,200
7/31/2019 20:00,209,85,124
7/31/2019 21:00,156,70,86
7/31/2019 22:00,60,32,28
7/31/2019 23:00,49,22,27
8/1/2019 0:00,15,8,7
8/1/2019 1:00,6,1,5
8/1/2019 2:00,8,2,6
8/1/2019 3:00,4,1,3
8/1/2019 4:00,15,7,8
8/1/2019 5:00,65,28,37
8/1/2019 6:00,206,106,100
8/1/2019 7:00,526,254,272
8/1/2019 8:00,773,318,455
8/1/2019 9:00,419,175,244
8/1/2019 10:00,196,85,111
8/1/2019 11:00,132,50,82
8/1/2019 12:00,155,74,81
8/1/2019 13:00,182,75,107
8/1/2019 14:00,206,74,132
8/1/2019 15:00,258,81,177
8/1/2019 16:00,528,157,371
8/1/2019 17:00,961,232,729
8/1/2019 18:00,611,175,436
8/1/2019 19:00,310,99,211
8/1/2019 20:00,242,91,151
8/1/2019 21:00,129,58,71
8/1/2019 22:00,61,30,31
8/1/2019 23:00,43,22,21
8/2/2019 0:00,14,5,9
8/2/2019 1:00,10,3,7
8/2/2019 2:00,6,3,3
8/2/2019 3:00,4,2,2
8/2/2019 4:00,3,2,1
8/2/2019 5:00,33,14,19
8/2/2019 6:00,110,49,61
8/2/2019 7:00,331,156,175
8/2/2019 8:00,579,239,340
8/2/2019 9:00,343,136,207
8/2/2019 10:00,160,58,102
8/2/2019 11:00,147,59,88
8/2/2019 12:00,164,69,95
8/2/2019 13:00,143,55,88
8/2/2019 14:00,160,65,95
8/2/2019 15:00,263,108,155
8/2/2019 16:00,494,142,352
8/2/2019 17:00,636,169,467
8/2/2019 18:00,425,150,275
8/2/2019 19:00,223,85,138
8/2/2019 20:00,163,56,107
8/2/2019 21:00,108,30,78
8/2/2019 22:00,85,34,51
8/2/2019 23:00,48,23,25
8/3/2019 0:00,27,6,21
8/3/2019 1:00,11,5,6
8/3/2019 2:00,4,2,2
8/3/2019 3:00,3,1,2
8/3/2019 4:00,7,2,5
8/3/2019 5:00,18,9,9
8/3/2019 6:00,39,11,28
8/3/2019 7:00,60,26,34
8/3/2019 8:00,141,66,75
8/3/2019 9:00,185,73,112
8/3/2019 10:00,207,100,107
8/3/2019 11:00,253,112,141
8/3/2019 12:00,268,108,160
8/3/2019 13:00,255,111,144
8/3/2019 14:00,302,110,192
8/3/2019 15:00,264,92,172
8/3/2019 16:00,313,152,161
8/3/2019 17:00,199,94,105
8/3/2019 18:00,160,77,83
8/3/2019 19:00,122,56,66
8/3/2019 20:00,74,40,34
8/3/2019 21:00,96,40,56
8/3/2019 22:00,49,18,31
8/3/2019 23:00,55,19,36
8/4/2019 0:00,48,16,32
8/4/2019 1:00,20,4,16
8/4/2019 2:00,18,9,9
8/4/2019 3:00,2,1,1
8/4/2019 4:00,5,3,2
8/4/2019 5:00,11,7,4
8/4/2019 6:00,27,10,17
8/4/2019 7:00,50,20,30
8/4/2019 8:00,117,58,59
8/4/2019 9:00,152,52,100
8/4/2019 10:00,185,81,104
8/4/2019 11:00,232,126,106
8/4/2019 12:00,244,112,132
8/4/2019 13:00,267,134,133
8/4/2019 14:00,254,137,117
8/4/2019 15:00,249,127,122
8/4/2019 16:00,267,146,121
8/4/2019 17:00,256,147,109
8/4/2019 18:00,160,73,87
8/4/2019 19:00,115,56,59
8/4/2019 20:00,108,43,65
8/4/2019 21:00,86,39,47
8/4/2019 22:00,33,16,17
8/4/2019 23:00,27,11,16
8/5/2019 0:00,24,14,10
8/5/2019 1:00,7,2,5
8/5/2019 2:00,2,2,0
8/5/2019 3:00,4,1,3
8/5/2019 4:00,14,5,9
8/5/2019 5:00,60,36,24
8/5/2019 6:00,187,88,99
8/5/2019 7:00,472,215,257
8/5/2019 8:00,872,334,538
8/5/2019 9:00,434,162,272
8/5/2019 10:00,180,84,96
8/5/2019 11:00,141,74,67
8/5/2019 12:00,146,65,81
8/5/2019 13:00,126,50,76
8/5/2019 14:00,142,55,87
8/5/2019 15:00,221,83,138
8/5/2019 16:00,506,147,359
8/5/2019 17:00,972,222,750
8/5/2019 18:00,590,179,411
8/5/2019 19:00,311,118,193
8/5/2019 20:00,191,72,119
8/5/2019 21:00,110,47,63
8/5/2019 22:00,70,32,38
8/5/2019 23:00,25,12,13
8/6/2019 0:00,15,7,8
8/6/2019 1:00,5,1,4
8/6/2019 2:00,4,1,3
8/6/2019 3:00,2,2,0
8/6/2019 4:00,17,7,10
8/6/2019 5:00,47,20,27
8/6/2019 6:00,228,95,133
8/6/2019 7:00,558,251,307
8/6/2019 8:00,834,357,477
8/6/2019 9:00,408,181,227
8/6/2019 10:00,180,61,119
8/6/2019 11:00,130,55,75
8/6/2019 12:00,131,59,72
8/6/2019 13:00,119,37,82
8/6/2019 14:00,147,54,93
8/6/2019 15:00,196,64,132
8/6/2019 16:00,529,129,400
8/6/2019 17:00,962,204,758
8/6/2019 18:00,575,190,385
8/6/2019 19:00,309,95,214
8/6/2019 20:00,218,89,129
8/6/2019 21:00,119,59,60
8/6/2019 22:00,81,28,53
8/6/2019 23:00,31,4,27
8/7/2019 0:00,30,0,30
8/7/2019 1:00,10,3,7
8/7/2019 2:00,0,0,0
8/7/2019 3:00,5,3,2
8/7/2019 4:00,10,3,7
8/7/2019 5:00,38,16,22
8/7/2019 6:00,210,96,114
8/7/2019 7:00,502,230,272
8/7/2019 8:00,708,286,422
8/7/2019 9:00,413,157,256
8/7/2019 10:00,176,63,113
8/7/2019 11:00,138,59,79
8/7/2019 12:00,112,40,72
8/7/2019 13:00,105,50,55
8/7/2019 14:00,142,63,79
8/7/2019 15:00,255,101,154
8/7/2019 16:00,493,140,353
8/7/2019 17:00,921,220,701
8/7/2019 18:00,600,207,393
8/7/2019 19:00,330,133,197
8/7/2019 20:00,205,74,131
8/7/2019 21:00,131,57,74
8/7/2019 22:00,67,34,33
8/7/2019 23:00,33,16,17
8/8/2019 0:00,65,14,51
8/8/2019 1:00,38,2,36
8/8/2019 2:00,9,2,7
8/8/2019 3:00,5,3,2
8/8/2019 4:00,7,3,4
8/8/2019 5:00,56,26,30
8/8/2019 6:00,193,90,103
8/8/2019 7:00,458,207,251
8/8/2019 8:00,706,329,377
8/8/2019 9:00,410,151,259
8/8/2019 10:00,177,60,117
8/8/2019 11:00,136,69,67
8/8/2019 12:00,151,54,97
8/8/2019 13:00,157,69,88
8/8/2019 14:00,147,67,80
8/8/2019 15:00,203,79,124
8/8/2019 16:00,471,136,335
8/8/2019 17:00,851,200,651
8/8/2019 18:00,600,199,401
8/8/2019 19:00,301,88,213
8/8/2019 20:00,147,56,91
8/8/2019 21:00,96,36,60
8/8/2019 22:00,55,19,36
8/8/2019 23:00,36,9,27
8/9/2019 0:00,14,7,7
8/9/2019 1:00,12,4,8
8/9/2019 2:00,8,4,4
8/9/2019 3:00,7,4,3
8/9/2019 4:00,12,6,6
8/9/2019 5:00,31,14,17
8/9/2019 6:00,128,62,66
8/9/2019 7:00,347,151,196
8/9/2019 8:00,604,253,351
8/9/2019 9:00,379,157,222
8/9/2019 10:00,173,74,99
8/9/2019 11:00,128,54,74
8/9/2019 12:00,154,58,96
8/9/2019 13:00,171,67,104
8/9/2019 14:00,182,74,108
8/9/2019 15:00,327,105,222
8/9/2019 16:00,514,131,383
8/9/2019 17:00,782,190,592
8/9/2019 18:00,414,139,275
8/9/2019 19:00,263,99,164
8/9/2019 20:00,145,47,98
8/9/2019 21:00,111,37,74
8/9/2019 22:00,80,40,40
8/9/2019 23:00,55,18,37
8/10/2019 0:00,24,6,18
8/10/2019 1:00,15,8,7
8/10/2019 2:00,19,6,13
8/10/2019 3:00,7,2,5
8/10/2019 4:00,3,2,1
8/10/2019 5:00,17,5,12
8/10/2019 6:00,19,6,13
8/10/2019 7:00,22,5,17
8/10/2019 8:00,22,10,12
8/10/2019 9:00,28,12,16
8/10/2019 10:00,111,22,89
8/10/2019 11:00,524,59,465
8/10/2019 12:00,542,82,460
8/10/2019 13:00,468,88,380
8/10/2019 14:00,392,94,298
8/10/2019 15:00,285,92,193
8/10/2019 16:00,239,101,138
8/10/2019 17:00,243,116,127
8/10/2019 18:00,168,67,101
8/10/2019 19:00,126,59,67
8/10/2019 20:00,75,30,45
8/10/2019 21:00,51,34,17
8/10/2019 22:00,51,20,31
8/10/2019 23:00,46,13,33
8/11/2019 0:00,34,19,15
8/11/2019 1:00,16,8,8
8/11/2019 2:00,9,3,6
8/11/2019 3:00,9,3,6
8/11/2019 4:00,1,0,1
8/11/2019 5:00,7,2,5
8/11/2019 6:00,29,7,22
8/11/2019 7:00,63,34,29
8/11/2019 8:00,101,39,62
8/11/2019 9:00,134,49,85
8/11/2019 10:00,186,92,94
8/11/2019 11:00,182,77,105
8/11/2019 12:00,210,105,105
8/11/2019 13:00,237,121,116
8/11/2019 14:00,233,94,139
8/11/2019 15:00,211,106,105
8/11/2019 16:00,282,184,98
8/11/2019 17:00,128,45,83
8/11/2019 18:00,119,53,66
8/11/2019 19:00,79,39,40
8/11/2019 20:00,63,37,26
8/11/2019 21:00,32,13,19
8/11/2019 22:00,33,11,22
8/11/2019 23:00,13,6,7
8/12/2019 0:00,14,1,13
8/12/2019 1:00,4,3,1
8/12/2019 2:00,1,0,1
8/12/2019 3:00,4,2,2
8/12/2019 4:00,8,3,5
8/12/2019 5:00,47,25,22
8/12/2019 6:00,181,86,95
8/12/2019 7:00,512,236,276
8/12/2019 8:00,739,313,426
8/12/2019 9:00,421,163,258
8/12/2019 10:00,181,66,115
8/12/2019 11:00,122,64,58
8/12/2019 12:00,132,67,65
8/12/2019 13:00,141,71,70
8/12/2019 14:00,154,73,81
8/12/2019 15:00,226,80,146
8/12/2019 16:00,500,144,356
8/12/2019 17:00,916,189,727
8/12/2019 18:00,650,181,469
8/12/2019 19:00,320,108,212
8/12/2019 20:00,200,101,99
8/12/2019 21:00,106,48,58
8/12/2019 22:00,67,34,33
8/12/2019 23:00,29,9,20
8/13/2019 0:00,7,4,3
8/13/2019 1:00,6,4,2
8/13/2019 2:00,5,2,3
8/13/2019 3:00,4,1,3
8/13/2019 4:00,9,5,4
8/13/2019 5:00,54,19,35
8/13/2019 6:00,232,103,129
8/13/2019 7:00,595,262,333
8/13/2019 8:00,849,361,488
8/13/2019 9:00,447,174,273
8/13/2019 10:00,187,66,121
8/13/2019 11:00,123,56,67
8/13/2019 12:00,141,69,72
8/13/2019 13:00,152,66,86
8/13/2019 14:00,154,61,93
8/13/2019 15:00,268,94,174
8/13/2019 16:00,522,156,366
8/13/2019 17:00,998,218,780
8/13/2019 18:00,659,184,475
8/13/2019 19:00,324,119,205
8/13/2019 20:00,197,70,127
8/13/2019 21:00,105,38,67
8/13/2019 22:00,78,44,34
8/13/2019 23:00,35,12,23
8/14/2019 0:00,18,5,13
8/14/2019 1:00,10,5,5
8/14/2019 2:00,0,0,0
8/14/2019 3:00,6,3,3
8/14/2019 4:00,12,6,6
8/14/2019 5:00,45,18,27
8/14/2019 6:00,197,77,120
8/14/2019 7:00,570,254,316
8/14/2019 8:00,833,359,474
8/14/2019 9:00,431,175,256
8/14/2019 10:00,194,86,108
8/14/2019 11:00,160,65,95
8/14/2019 12:00,151,63,88
8/14/2019 13:00,151,63,88
8/14/2019 14:00,176,69,107
8/14/2019 15:00,261,105,156
8/14/2019 16:00,546,147,399
8/14/2019 17:00,989,252,737
8/14/2019 18:00,659,190,469
8/14/2019 19:00,341,103,238
8/14/2019 20:00,211,83,128
8/14/2019 21:00,126,42,84
8/14/2019 22:00,42,14,28
8/14/2019 23:00,44,15,29
8/15/2019 0:00,19,5,14
8/15/2019 1:00,8,1,7
8/15/2019 2:00,2,0,2
8/15/2019 3:00,7,2,5
8/15/2019 4:00,8,3,5
8/15/2019 5:00,46,21,25
8/15/2019 6:00,189,86,103
8/15/2019 7:00,528,245,283
8/15/2019 8:00,762,321,441
8/15/2019 9:00,412,157,255
8/15/2019 10:00,181,71,110
8/15/2019 11:00,126,56,70
8/15/2019 12:00,155,68,87
8/15/2019 13:00,151,71,80
8/15/2019 14:00,170,51,119
8/15/2019 15:00,233,71,162
8/15/2019 16:00,500,129,371
8/15/2019 17:00,954,247,707
8/15/2019 18:00,574,170,404
8/15/2019 19:00,340,111,229
8/15/2019 20:00,213,95,118
8/15/2019 21:00,135,52,83
8/15/2019 22:00,71,37,34
8/15/2019 23:00,39,11,28
8/16/2019 0:00,22,7,15
8/16/2019 1:00,12,1,11
8/16/2019 2:00,9,4,5
8/16/2019 3:00,4,3,1
8/16/2019 4:00,9,4,5
8/16/2019 5:00,23,11,12
8/16/2019 6:00,136,65,71
8/16/2019 7:00,392,182,210
8/16/2019 8:00,571,239,332
8/16/2019 9:00,378,149,229
8/16/2019 10:00,194,70,124
8/16/2019 11:00,136,63,73
8/16/2019 12:00,140,53,87
8/16/2019 13:00,161,72,89
8/16/2019 14:00,173,57,116
8/16/2019 15:00,279,98,181
8/16/2019 16:00,492,127,365
8/16/2019 17:00,681,162,519
8/16/2019 18:00,398,128,270
8/16/2019 19:00,164,49,115
8/16/2019 20:00,156,56,100
8/16/2019 21:00,78,20,58
8/16/2019 22:00,66,28,38
8/16/2019 23:00,46,18,28
8/17/2019 0:00,26,10,16
8/17/2019 1:00,12,5,7
8/17/2019 2:00,14,6,8
8/17/2019 3:00,4,3,1
8/17/2019 4:00,6,2,4
8/17/2019 5:00,17,12,5
8/17/2019 6:00,40,14,26
8/17/2019 7:00,43,25,18
8/17/2019 8:00,134,70,64
8/17/2019 9:00,152,58,94
8/17/2019 10:00,182,80,102
8/17/2019 11:00,190,98,92
8/17/2019 12:00,213,108,105
8/17/2019 13:00,249,93,156
8/17/2019 14:00,202,96,106
8/17/2019 15:00,234,95,139
8/17/2019 16:00,228,98,130
8/17/2019 17:00,219,97,122
8/17/2019 18:00,158,76,82
8/17/2019 19:00,124,54,70
8/17/2019 20:00,103,48,55
8/17/2019 21:00,61,31,30
8/17/2019 22:00,34,11,23
8/17/2019 23:00,35,17,18
8/18/2019 0:00,18,7,11
8/18/2019 1:00,11,4,7
8/18/2019 2:00,6,4,2
8/18/2019 3:00,6,4,2
8/18/2019 4:00,8,4,4
8/18/2019 5:00,7,3,4
8/18/2019 6:00,26,13,13
8/18/2019 7:00,38,11,27
8/18/2019 8:00,86,33,53
8/18/2019 9:00,145,59,86
8/18/2019 10:00,161,80,81
8/18/2019 11:00,220,107,113
8/18/2019 12:00,259,138,121
8/18/2019 13:00,247,108,139
8/18/2019 14:00,246,104,142
8/18/2019 15:00,220,87,133
8/18/2019 16:00,253,123,130
8/18/2019 17:00,193,81,112
8/18/2019 18:00,191,88,103
8/18/2019 19:00,133,58,75
8/18/2019 20:00,94,39,55
8/18/2019 21:00,29,15,14
8/18/2019 22:00,31,15,16
8/18/2019 23:00,14,2,12
8/19/2019 0:00,17,7,10
8/19/2019 1:00,5,1,4
8/19/2019 2:00,6,4,2
8/19/2019 3:00,4,2,2
8/19/2019 4:00,15,5,10
8/19/2019 5:00,41,21,20
8/19/2019 6:00,186,94,92
8/19/2019 7:00,484,200,284
8/19/2019 8:00,730,300,430
8/19/2019 9:00,412,163,249
8/19/2019 10:00,109,41,68
8/19/2019 11:00,116,43,73
8/19/2019 12:00,122,56,66
8/19/2019 13:00,112,47,65
8/19/2019 14:00,130,47,83
8/19/2019 15:00,220,84,136
8/19/2019 16:00,484,119,365
8/19/2019 17:00,895,193,702
8/19/2019 18:00,624,177,447
8/19/2019 19:00,312,77,235
8/19/2019 20:00,160,54,106
8/19/2019 21:00,76,43,33
8/19/2019 22:00,43,21,22
8/19/2019 23:00,18,11,7
8/20/2019 0:00,20,10,10
8/20/2019 1:00,6,1,5
8/20/2019 2:00,7,5,2
8/20/2019 3:00,8,3,5
8/20/2019 4:00,11,5,6
8/20/2019 5:00,46,24,22
8/20/2019 6:00,190,79,111
8/20/2019 7:00,529,242,287
8/20/2019 8:00,813,337,476
8/20/2019 9:00,414,151,263
8/20/2019 10:00,177,67,110
8/20/2019 11:00,137,72,65
8/20/2019 12:00,167,66,101
8/20/2019 13:00,151,57,94
8/20/2019 14:00,200,73,127
8/20/2019 15:00,227,63,164
8/20/2019 16:00,516,155,361
8/20/2019 17:00,919,221,698
8/20/2019 18:00,555,167,388
8/20/2019 19:00,280,99,181
8/20/2019 20:00,145,56,89
8/20/2019 21:00,81,34,47
8/20/2019 22:00,53,18,35
8/20/2019 23:00,59,14,45
8/21/2019 0:00,15,3,12
8/21/2019 1:00,6,1,5
8/21/2019 2:00,8,5,3
8/21/2019 3:00,4,3,1
8/21/2019 4:00,11,6,5
8/21/2019 5:00,39,15,24
8/21/2019 6:00,117,50,67
8/21/2019 7:00,261,107,154
8/21/2019 8:00,377,161,216
8/21/2019 9:00,185,68,117
8/21/2019 10:00,88,35,53
8/21/2019 11:00,66,26,40
8/21/2019 12:00,81,37,44
8/21/2019 13:00,69,31,38
8/21/2019 14:00,78,22,56
8/21/2019 15:00,140,39,101
8/21/2019 16:00,278,89,189
8/21/2019 17:00,524,174,350
8/21/2019 18:00,286,92,194
8/21/2019 19:00,134,46,88
8/21/2019 20:00,66,21,45
8/21/2019 21:00,56,17,39
8/21/2019 22:00,29,14,15
8/21/2019 23:00,15,1,14
8/22/2019 0:00,7,2,5
8/22/2019 1:00,5,1,4
8/22/2019 2:00,0,0,0
8/22/2019 3:00,4,2,2
8/22/2019 4:00,11,5,6
8/22/2019 5:00,43,18,25
8/22/2019 6:00,159,68,91
8/22/2019 7:00,478,226,252
8/22/2019 8:00,699,279,420
8/22/2019 9:00,382,149,233
8/22/2019 10:00,164,67,97
8/22/2019 11:00,115,47,68
8/22/2019 12:00,137,66,71
8/22/2019 13:00,137,55,82
8/22/2019 14:00,148,54,94
8/22/2019 15:00,231,78,153
8/22/2019 16:00,484,142,342
8/22/2019 17:00,825,210,615
8/22/2019 18:00,584,196,388
8/22/2019 19:00,293,93,200
8/22/2019 20:00,212,83,129
8/22/2019 21:00,80,36,44
8/22/2019 22:00,72,30,42
8/22/2019 23:00,34,15,19
8/23/2019 0:00,17,3,14
8/23/2019 1:00,9,1,8
8/23/2019 2:00,8,4,4
8/23/2019 3:00,3,1,2
8/23/2019 4:00,10,3,7
8/23/2019 5:00,70,25,45
8/23/2019 6:00,157,52,105
8/23/2019 7:00,368,167,201
8/23/2019 8:00,563,234,329
8/23/2019 9:00,353,125,228
8/23/2019 10:00,165,64,101
8/23/2019 11:00,116,64,52
8/23/2019 12:00,151,57,94
8/23/2019 13:00,161,67,94
8/23/2019 14:00,218,72,146
8/23/2019 15:00,233,82,151
8/23/2019 16:00,433,112,321
8/23/2019 17:00,611,141,470
8/23/2019 18:00,388,112,276
8/23/2019 19:00,187,76,111
8/23/2019 20:00,102,43,59
8/23/2019 21:00,66,18,48
8/23/2019 22:00,46,20,26
8/23/2019 23:00,42,12,30
8/24/2019 0:00,27,12,15
8/24/2019 1:00,12,4,8
8/24/2019 2:00,13,11,2
8/24/2019 3:00,6,0,6
8/24/2019 4:00,5,0,5
8/24/2019 5:00,13,9,4
8/24/2019 6:00,18,8,10
8/24/2019 7:00,55,25,30
8/24/2019 8:00,96,46,50
8/24/2019 9:00,131,64,67
8/24/2019 10:00,139,65,74
8/24/2019 11:00,159,70,89
8/24/2019 12:00,244,88,156
8/24/2019 13:00,252,115,137
8/24/2019 14:00,234,115,119
8/24/2019 15:00,259,136,123
8/24/2019 16:00,259,104,155
8/24/2019 17:00,171,74,97
8/24/2019 18:00,127,59,68
8/24/2019 19:00,81,34,47
8/24/2019 20:00,68,32,36
8/24/2019 21:00,62,22,40
8/24/2019 22:00,40,27,13
8/24/2019 23:00,33,10,23
8/25/2019 0:00,29,15,14
8/25/2019 1:00,13,6,7
8/25/2019 2:00,11,4,7
8/25/2019 3:00,10,4,6
8/25/2019 4:00,2,1,1
8/25/2019 5:00,7,2,5
8/25/2019 6:00,19,7,12
8/25/2019 7:00,28,13,15
8/25/2019 8:00,71,27,44
8/25/2019 9:00,108,54,54
8/25/2019 10:00,174,73,101
8/25/2019 11:00,176,84,92
8/25/2019 12:00,306,161,145
8/25/2019 13:00,319,150,169
8/25/2019 14:00,297,134,163
8/25/2019 15:00,288,116,172
8/25/2019 16:00,317,119,198
8/25/2019 17:00,223,81,142
8/25/2019 18:00,194,67,127
8/25/2019 19:00,119,41,78
8/25/2019 20:00,90,35,55
8/25/2019 21:00,57,19,38
8/25/2019 22:00,31,18,13
8/25/2019 23:00,13,3,10
8/26/2019 0:00,8,0,8
8/26/2019 1:00,7,3,4
8/26/2019 2:00,6,5,1
8/26/2019 3:00,4,2,2
8/26/2019 4:00,12,7,5
8/26/2019 5:00,40,20,20
8/26/2019 6:00,159,79,80
8/26/2019 7:00,510,231,279
8/26/2019 8:00,833,372,461
8/26/2019 9:00,421,151,270
8/26/2019 10:00,179,66,113
8/26/2019 11:00,133,49,84
8/26/2019 12:00,151,63,88
8/26/2019 13:00,145,60,85
8/26/2019 14:00,142,49,93
8/26/2019 15:00,238,89,149
8/26/2019 16:00,495,138,357
8/26/2019 17:00,926,199,727
8/26/2019 18:00,560,153,407
8/26/2019 19:00,275,84,191
8/26/2019 20:00,152,54,98
8/26/2019 21:00,70,26,44
8/26/2019 22:00,49,15,34
8/26/2019 23:00,29,15,14
8/27/2019 0:00,16,9,7
8/27/2019 1:00,7,3,4
8/27/2019 2:00,8,2,6
8/27/2019 3:00,5,0,5
8/27/2019 4:00,13,8,5
8/27/2019 5:00,52,27,25
8/27/2019 6:00,203,90,113
8/27/2019 7:00,602,284,318
8/27/2019 8:00,886,354,532
8/27/2019 9:00,421,173,248
8/27/2019 10:00,196,84,112
8/27/2019 11:00,127,57,70
8/27/2019 12:00,172,84,88
8/27/2019 13:00,165,70,95
8/27/2019 14:00,161,59,102
8/27/2019 15:00,246,81,165
8/27/2019 16:00,523,134,389
8/27/2019 17:00,1071,245,826
8/27/2019 18:00,654,201,453
8/27/2019 19:00,348,120,228
8/27/2019 20:00,163,56,107
8/27/2019 21:00,87,38,49
8/27/2019 22:00,52,18,34
8/27/2019 23:00,32,10,22
8/28/2019 0:00,10,5,5
8/28/2019 1:00,9,1,8
8/28/2019 2:00,5,2,3
8/28/2019 3:00,6,1,5
8/28/2019 4:00,8,5,3
8/28/2019 5:00,42,28,14
8/28/2019 6:00,195,76,119
8/28/2019 7:00,573,279,294
8/28/2019 8:00,726,309,417
8/28/2019 9:00,408,160,248
8/28/2019 10:00,166,67,99
8/28/2019 11:00,142,52,90
8/28/2019 12:00,143,49,94
8/28/2019 13:00,142,53,89
8/28/2019 14:00,149,50,99
8/28/2019 15:00,254,71,183
8/28/2019 16:00,505,146,359
8/28/2019 17:00,925,223,702
8/28/2019 18:00,591,178,413
8/28/2019 19:00,286,100,186
8/28/2019 20:00,205,76,129
8/28/2019 21:00,103,42,61
8/28/2019 22:00,63,35,28
8/28/2019 23:00,39,11,28
8/29/2019 0:00,16,4,12
8/29/2019 1:00,8,1,7
8/29/2019 2:00,7,2,5
8/29/2019 3:00,5,3,2
8/29/2019 4:00,9,4,5
8/29/2019 5:00,46,25,21
8/29/2019 6:00,174,83,91
8/29/2019 7:00,489,223,266
8/29/2019 8:00,733,296,437
8/29/2019 9:00,388,153,235
8/29/2019 10:00,189,81,108
8/29/2019 11:00,140,71,69
8/29/2019 12:00,107,39,68
8/29/2019 13:00,127,36,91
8/29/2019 14:00,136,57,79
8/29/2019 15:00,215,67,148
8/29/2019 16:00,516,147,369
8/29/2019 17:00,814,164,650
8/29/2019 18:00,424,132,292
8/29/2019 19:00,149,52,97
8/29/2019 20:00,77,22,55
8/29/2019 21:00,48,10,38
8/29/2019 22:00,36,15,21
8/29/2019 23:00,23,5,18
8/30/2019 0:00,5,2,3
8/30/2019 1:00,10,2,8
8/30/2019 2:00,0,0,0
8/30/2019 3:00,3,0,3
8/30/2019 4:00,9,4,5
8/30/2019 5:00,34,18,16
8/30/2019 6:00,115,52,63
8/30/2019 7:00,311,155,156
8/30/2019 8:00,481,177,304
8/30/2019 9:00,306,129,177
8/30/2019 10:00,148,49,99
8/30/2019 11:00,119,45,74
8/30/2019 12:00,162,68,94
8/30/2019 13:00,174,58,116
8/30/2019 14:00,194,76,118
8/30/2019 15:00,319,88,231
8/30/2019 16:00,462,121,341
8/30/2019 17:00,514,127,387
8/30/2019 18:00,317,92,225
8/30/2019 19:00,189,73,116
8/30/2019 20:00,113,44,69
8/30/2019 21:00,57,21,36
8/30/2019 22:00,46,12,34
8/30/2019 23:00,42,10,32
8/31/2019 0:00,27,5,22
8/31/2019 1:00,14,7,7
8/31/2019 2:00,9,6,3
8/31/2019 3:00,6,2,4
8/31/2019 4:00,5,0,5
8/31/2019 5:00,14,8,6
8/31/2019 6:00,23,7,16
8/31/2019 7:00,49,19,30
8/31/2019 8:00,82,33,49
8/31/2019 9:00,130,58,72
8/31/2019 10:00,157,60,97
8/31/2019 11:00,200,95,105
8/31/2019 12:00,228,105,123
8/31/2019 13:00,199,90,109
8/31/2019 14:00,214,111,103
8/31/2019 15:00,268,143,125
8/31/2019 16:00,218,100,118
8/31/2019 17:00,148,56,92
8/31/2019 18:00,136,60,76
8/31/2019 19:00,116,60,56
8/31/2019 20:00,79,30,49
8/31/2019 21:00,73,35,38
8/31/2019 22:00,43,20,23
8/31/2019 23:00,47,9,38
9/1/2019 0:00,20,13,7
9/1/2019 1:00,5,3,2
9/1/2019 2:00,10,6,4
9/1/2019 3:00,9,1,8
9/1/2019 4:00,4,1,3
9/1/2019 5:00,13,2,11
9/1/2019 6:00,17,8,9
9/1/2019 7:00,39,14,25
9/1/2019 8:00,76,42,34
9/1/2019 9:00,121,60,61
9/1/2019 10:00,172,68,104
9/1/2019 11:00,172,68,104
9/1/2019 12:00,208,85,123
9/1/2019 13:00,231,119,112
9/1/2019 14:00,260,113,147
9/1/2019 15:00,233,120,113
9/1/2019 16:00,202,82,120
9/1/2019 17:00,195,89,106
9/1/2019 18:00,150,59,91
9/1/2019 19:00,124,69,55
9/1/2019 20:00,84,43,41
9/1/2019 21:00,44,19,25
9/1/2019 22:00,42,18,24
9/1/2019 23:00,23,10,13
9/2/2019 0:00,24,8,16
9/2/2019 1:00,12,11,1
9/2/2019 2:00,6,2,4
9/2/2019 3:00,7,3,4
9/2/2019 4:00,7,2,5
9/2/2019 5:00,12,8,4
9/2/2019 6:00,28,12,16
9/2/2019 7:00,59,25,34
9/2/2019 8:00,84,31,53
9/2/2019 9:00,162,78,84
9/2/2019 10:00,177,89,88
9/2/2019 11:00,196,98,98
9/2/2019 12:00,244,114,130
9/2/2019 13:00,276,117,159
9/2/2019 14:00,292,136,156
9/2/2019 15:00,275,121,154
9/2/2019 16:00,250,117,133
9/2/2019 17:00,299,171,128
9/2/2019 18:00,155,69,86
9/2/2019 19:00,136,67,69
9/2/2019 20:00,65,37,28
9/2/2019 21:00,41,22,19
9/2/2019 22:00,24,14,10
9/2/2019 23:00,21,9,12
9/3/2019 0:00,11,6,5
9/3/2019 1:00,4,1,3
9/3/2019 2:00,7,1,6
9/3/2019 3:00,3,0,3
9/3/2019 4:00,13,3,10
9/3/2019 5:00,52,21,31
9/3/2019 6:00,182,73,109
9/3/2019 7:00,573,268,305
9/3/2019 8:00,846,364,482
9/3/2019 9:00,415,169,246
9/3/2019 10:00,165,61,104
9/3/2019 11:00,107,47,60
9/3/2019 12:00,130,62,68
9/3/2019 13:00,164,70,94
9/3/2019 14:00,122,53,69
9/3/2019 15:00,219,81,138
9/3/2019 16:00,519,133,386
9/3/2019 17:00,972,217,755
9/3/2019 18:00,555,155,400
9/3/2019 19:00,261,93,168
9/3/2019 20:00,124,55,69
9/3/2019 21:00,69,30,39
9/3/2019 22:00,61,17,44
9/3/2019 23:00,29,8,21
9/4/2019 0:00,17,6,11
9/4/2019 1:00,5,2,3
9/4/2019 2:00,4,2,2
9/4/2019 3:00,2,0,2
9/4/2019 4:00,11,7,4
9/4/2019 5:00,47,17,30
9/4/2019 6:00,214,104,110
9/4/2019 7:00,572,271,301
9/4/2019 8:00,826,383,443
9/4/2019 9:00,433,162,271
9/4/2019 10:00,204,59,145
9/4/2019 11:00,98,55,43
9/4/2019 12:00,122,52,70
9/4/2019 13:00,120,56,64
9/4/2019 14:00,135,62,73
9/4/2019 15:00,283,100,183
9/4/2019 16:00,534,147,387
9/4/2019 17:00,997,207,790
9/4/2019 18:00,549,177,372
9/4/2019 19:00,307,99,208
9/4/2019 20:00,145,53,92
9/4/2019 21:00,73,35,38
9/4/2019 22:00,48,21,27
9/4/2019 23:00,34,15,19
9/5/2019 0:00,9,3,6
9/5/2019 1:00,9,3,6
9/5/2019 2:00,1,1,0
9/5/2019 3:00,7,1,6
9/5/2019 4:00,13,4,9
9/5/2019 5:00,46,24,22
9/5/2019 6:00,205,100,105
9/5/2019 7:00,569,258,311
9/5/2019 8:00,786,328,458
9/5/2019 9:00,427,173,254
9/5/2019 10:00,186,83,103
9/5/2019 11:00,165,85,80
9/5/2019 12:00,140,67,73
9/5/2019 13:00,139,63,76
9/5/2019 14:00,178,63,115
9/5/2019 15:00,238,82,156
9/5/2019 16:00,529,151,378
9/5/2019 17:00,891,210,681
9/5/2019 18:00,572,150,422
9/5/2019 19:00,301,85,216
9/5/2019 20:00,144,54,90
9/5/2019 21:00,83,36,47
9/5/2019 22:00,55,25,30
9/5/2019 23:00,25,7,18
9/6/2019 0:00,10,3,7
9/6/2019 1:00,14,7,7
9/6/2019 2:00,4,1,3
9/6/2019 3:00,3,0,3
9/6/2019 4:00,6,4,2
9/6/2019 5:00,43,19,24
9/6/2019 6:00,172,77,95
9/6/2019 7:00,472,226,246
9/6/2019 8:00,661,288,373
9/6/2019 9:00,384,152,232
9/6/2019 10:00,185,68,117
9/6/2019 11:00,141,68,73
9/6/2019 12:00,137,57,80
9/6/2019 13:00,177,60,117
9/6/2019 14:00,197,77,120
9/6/2019 15:00,296,87,209
9/6/2019 16:00,543,136,407
9/6/2019 17:00,785,172,613
9/6/2019 18:00,414,128,286
9/6/2019 19:00,240,77,163
9/6/2019 20:00,121,57,64
9/6/2019 21:00,87,18,69
9/6/2019 22:00,62,30,32
9/6/2019 23:00,37,11,26
9/7/2019 0:00,21,7,14
9/7/2019 1:00,18,9,9
9/7/2019 2:00,7,4,3
9/7/2019 3:00,8,2,6
9/7/2019 4:00,3,1,2
9/7/2019 5:00,10,3,7
9/7/2019 6:00,25,11,14
9/7/2019 7:00,55,20,35
9/7/2019 8:00,116,58,58
9/7/2019 9:00,127,63,64
9/7/2019 10:00,185,98,87
9/7/2019 11:00,151,72,79
9/7/2019 12:00,211,85,126
9/7/2019 13:00,177,73,104
9/7/2019 14:00,257,119,138
9/7/2019 15:00,183,89,94
9/7/2019 16:00,150,75,75
9/7/2019 17:00,170,64,106
9/7/2019 18:00,130,70,60
9/7/2019 19:00,67,31,36
9/7/2019 20:00,26,15,11
9/7/2019 21:00,21,11,10
9/7/2019 22:00,19,14,5
9/7/2019 23:00,17,11,6
9/8/2019 0:00,9,7,2
9/8/2019 1:00,11,7,4
9/8/2019 2:00,9,4,5
9/8/2019 3:00,0,0,0
9/8/2019 4:00,2,1,1
9/8/2019 5:00,6,3,3
9/8/2019 6:00,10,5,5
9/8/2019 7:00,17,11,6
9/8/2019 8:00,39,18,21
9/8/2019 9:00,67,41,26
9/8/2019 10:00,69,40,29
9/8/2019 11:00,114,61,53
9/8/2019 12:00,101,47,54
9/8/2019 13:00,123,59,64
9/8/2019 14:00,171,63,108
9/8/2019 15:00,80,45,35
9/8/2019 16:00,111,58,53
9/8/2019 17:00,110,52,58
9/8/2019 18:00,89,45,44
9/8/2019 19:00,56,16,40
9/8/2019 20:00,29,10,19
9/8/2019 21:00,20,9,11
9/8/2019 22:00,6,1,5
9/8/2019 23:00,7,4,3
9/9/2019 0:00,6,2,4
9/9/2019 1:00,0,0,0
9/9/2019 2:00,2,2,0
9/9/2019 3:00,2,1,1
9/9/2019 4:00,10,4,6
9/9/2019 5:00,35,17,18
9/9/2019 6:00,142,70,72
9/9/2019 7:00,382,184,198
9/9/2019 8:00,600,255,345
9/9/2019 9:00,327,122,205
9/9/2019 10:00,132,49,83
9/9/2019 11:00,86,35,51
9/9/2019 12:00,52,23,29
9/9/2019 13:00,64,21,43
9/9/2019 14:00,85,39,46
9/9/2019 15:00,137,45,92
9/9/2019 16:00,289,67,222
9/9/2019 17:00,629,116,513
9/9/2019 18:00,381,92,289
9/9/2019 19:00,176,59,117
9/9/2019 20:00,80,30,50
9/9/2019 21:00,51,20,31
9/9/2019 22:00,28,11,17
9/9/2019 23:00,19,3,16
9/10/2019 0:00,8,3,5
9/10/2019 1:00,0,0,0
9/10/2019 2:00,6,5,1
9/10/2019 3:00,8,4,4
9/10/2019 4:00,11,5,6
9/10/2019 5:00,47,27,20
9/10/2019 6:00,136,66,70
9/10/2019 7:00,296,135,161
9/10/2019 8:00,515,226,289
9/10/2019 9:00,291,114,177
9/10/2019 10:00,135,47,88
9/10/2019 11:00,84,40,44
9/10/2019 12:00,97,45,52
9/10/2019 13:00,110,42,68
9/10/2019 14:00,114,54,60
9/10/2019 15:00,190,67,123
9/10/2019 16:00,373,108,265
9/10/2019 17:00,753,188,565
9/10/2019 18:00,484,138,346
9/10/2019 19:00,258,89,169
9/10/2019 20:00,103,39,64
9/10/2019 21:00,80,21,59
9/10/2019 22:00,49,21,28
9/10/2019 23:00,25,6,19
9/11/2019 0:00,15,8,7
9/11/2019 1:00,5,3,2
9/11/2019 2:00,2,1,1
9/11/2019 3:00,1,0,1
9/11/2019 4:00,7,3,4
9/11/2019 5:00,41,19,22
9/11/2019 6:00,193,109,84
9/11/2019 7:00,529,249,280
9/11/2019 8:00,831,372,459
9/11/2019 9:00,409,161,248
9/11/2019 10:00,140,57,83
9/11/2019 11:00,127,59,68
9/11/2019 12:00,123,51,72
9/11/2019 13:00,138,51,87
9/11/2019 14:00,145,59,86
9/11/2019 15:00,232,64,168
9/11/2019 16:00,470,136,334
9/11/2019 17:00,983,215,768
9/11/2019 18:00,603,192,411
9/11/2019 19:00,297,113,184
9/11/2019 20:00,122,36,86
9/11/2019 21:00,80,38,42
9/11/2019 22:00,57,21,36
9/11/2019 23:00,22,8,14
9/12/2019 0:00,13,4,9
9/12/2019 1:00,9,3,6
9/12/2019 2:00,11,3,8
9/12/2019 3:00,7,5,2
9/12/2019 4:00,6,3,3
9/12/2019 5:00,37,18,19
9/12/2019 6:00,198,108,90
9/12/2019 7:00,543,254,289
9/12/2019 8:00,786,368,418
9/12/2019 9:00,385,147,238
9/12/2019 10:00,198,70,128
9/12/2019 11:00,167,67,100
9/12/2019 12:00,142,60,82
9/12/2019 13:00,130,60,70
9/12/2019 14:00,155,60,95
9/12/2019 15:00,219,94,125
9/12/2019 16:00,548,148,400
9/12/2019 17:00,871,210,661
9/12/2019 18:00,504,152,352
9/12/2019 19:00,260,79,181
9/12/2019 20:00,86,35,51
9/12/2019 21:00,49,17,32
9/12/2019 22:00,30,11,19
9/12/2019 23:00,29,10,19
9/13/2019 0:00,12,7,5
9/13/2019 1:00,5,1,4
9/13/2019 2:00,3,2,1
9/13/2019 3:00,2,0,2
9/13/2019 4:00,6,2,4
9/13/2019 5:00,26,17,9
9/13/2019 6:00,141,73,68
9/13/2019 7:00,393,185,208
9/13/2019 8:00,584,234,350
9/13/2019 9:00,305,129,176
9/13/2019 10:00,134,44,90
9/13/2019 11:00,110,46,64
9/13/2019 12:00,127,57,70
9/13/2019 13:00,112,46,66
9/13/2019 14:00,130,41,89
9/13/2019 15:00,222,78,144
9/13/2019 16:00,459,122,337
9/13/2019 17:00,714,166,548
9/13/2019 18:00,345,88,257
9/13/2019 19:00,153,53,100
9/13/2019 20:00,66,20,46
9/13/2019 21:00,40,14,26
9/13/2019 22:00,42,18,24
9/13/2019 23:00,27,8,19
9/14/2019 0:00,27,13,14
9/14/2019 1:00,12,7,5
9/14/2019 2:00,11,8,3
9/14/2019 3:00,6,4,2
9/14/2019 4:00,5,1,4
9/14/2019 5:00,12,6,6
9/14/2019 6:00,27,9,18
9/14/2019 7:00,58,27,31
9/14/2019 8:00,93,35,58
9/14/2019 9:00,138,80,58
9/14/2019 10:00,153,70,83
9/14/2019 11:00,176,76,100
9/14/2019 12:00,194,75,119
9/14/2019 13:00,205,66,139
9/14/2019 14:00,218,119,99
9/14/2019 15:00,181,78,103
9/14/2019 16:00,156,62,94
9/14/2019 17:00,184,82,102
9/14/2019 18:00,93,29,64
9/14/2019 19:00,108,46,62
9/14/2019 20:00,53,30,23
9/14/2019 21:00,27,19,8
9/14/2019 22:00,13,6,7
9/14/2019 23:00,14,1,13
9/15/2019 0:00,13,6,7
9/15/2019 1:00,9,2,7
9/15/2019 2:00,1,0,1
9/15/2019 3:00,2,1,1
9/15/2019 4:00,3,1,2
9/15/2019 5:00,5,2,3
9/15/2019 6:00,17,10,7
9/15/2019 7:00,14,7,7
9/15/2019 8:00,17,8,9
9/15/2019 9:00,33,24,9
9/15/2019 10:00,25,10,15
9/15/2019 11:00,31,18,13
9/15/2019 12:00,34,19,15
9/15/2019 13:00,37,13,24
9/15/2019 14:00,63,35,28
9/15/2019 15:00,61,37,24
9/15/2019 16:00,58,32,26
9/15/2019 17:00,51,21,30
9/15/2019 18:00,73,23,50
9/15/2019 19:00,42,14,28
9/15/2019 20:00,33,15,18
9/15/2019 21:00,17,9,8
9/15/2019 22:00,14,7,7
9/15/2019 23:00,15,7,8
9/16/2019 0:00,6,4,2
9/16/2019 1:00,3,0,3
9/16/2019 2:00,7,5,2
9/16/2019 3:00,0,0,0
9/16/2019 4:00,6,4,2
9/16/2019 5:00,44,27,17
9/16/2019 6:00,154,77,77
9/16/2019 7:00,459,207,252
9/16/2019 8:00,683,291,392
9/16/2019 9:00,358,144,214
9/16/2019 10:00,165,66,99
9/16/2019 11:00,109,48,61
9/16/2019 12:00,113,42,71
9/16/2019 13:00,121,47,74
9/16/2019 14:00,140,58,82
9/16/2019 15:00,197,84,113
9/16/2019 16:00,480,134,346
9/16/2019 17:00,837,207,630
9/16/2019 18:00,542,128,414
9/16/2019 19:00,213,63,150
9/16/2019 20:00,106,37,69
9/16/2019 21:00,70,27,43
9/16/2019 22:00,29,12,17
9/16/2019 23:00,20,10,10
9/17/2019 0:00,9,0,9
9/17/2019 1:00,5,1,4
9/17/2019 2:00,4,2,2
9/17/2019 3:00,8,4,4
9/17/2019 4:00,4,4,0
9/17/2019 5:00,27,14,13
9/17/2019 6:00,135,71,64
9/17/2019 7:00,359,168,191
9/17/2019 8:00,489,210,279
9/17/2019 9:00,189,72,117
9/17/2019 10:00,76,28,48
9/17/2019 11:00,35,18,17
9/17/2019 12:00,56,30,26
9/17/2019 13:00,62,27,35
9/17/2019 14:00,62,24,38
9/17/2019 15:00,132,44,88
9/17/2019 16:00,300,73,227
9/17/2019 17:00,548,97,451
9/17/2019 18:00,290,86,204
9/17/2019 19:00,132,44,88
9/17/2019 20:00,55,12,43
9/17/2019 21:00,43,17,26
9/17/2019 22:00,20,5,15
9/17/2019 23:00,14,6,8
9/18/2019 0:00,6,2,4
9/18/2019 1:00,3,1,2
9/18/2019 2:00,3,1,2
9/18/2019 3:00,0,0,0
9/18/2019 4:00,7,4,3
9/18/2019 5:00,19,9,10
9/18/2019 6:00,142,74,68
9/18/2019 7:00,427,187,240
9/18/2019 8:00,657,283,374
9/18/2019 9:00,310,128,182
9/18/2019 10:00,143,58,85
9/18/2019 11:00,99,35,64
9/18/2019 12:00,104,44,60
9/18/2019 13:00,94,42,52
9/18/2019 14:00,133,55,78
9/18/2019 15:00,202,68,134
9/18/2019 16:00,443,118,325
9/18/2019 17:00,779,203,576
9/18/2019 18:00,527,134,393
9/18/2019 19:00,224,77,147
9/18/2019 20:00,113,36,77
9/18/2019 21:00,69,33,36
9/18/2019 22:00,66,25,41
9/18/2019 23:00,28,10,18
9/19/2019 0:00,10,3,7
9/19/2019 1:00,9,3,6
9/19/2019 2:00,7,5,2
9/19/2019 3:00,3,2,1
9/19/2019 4:00,8,4,4
9/19/2019 5:00,45,23,22
9/19/2019 6:00,158,86,72
9/19/2019 7:00,489,208,281
9/19/2019 8:00,688,310,378
9/19/2019 9:00,364,132,232
9/19/2019 10:00,169,60,109
9/19/2019 11:00,122,53,69
9/19/2019 12:00,129,58,71
9/19/2019 13:00,133,58,75
9/19/2019 14:00,141,39,102
9/19/2019 15:00,211,82,129
9/19/2019 16:00,481,143,338
9/19/2019 17:00,864,178,686
9/19/2019 18:00,477,125,352
9/19/2019 19:00,238,75,163
9/19/2019 20:00,95,24,71
9/19/2019 21:00,61,12,49
9/19/2019 22:00,42,18,24
9/19/2019 23:00,26,10,16
9/20/2019 0:00,9,3,6
9/20/2019 1:00,5,2,3
9/20/2019 2:00,3,1,2
9/20/2019 3:00,2,0,2
9/20/2019 4:00,3,1,2
9/20/2019 5:00,29,11,18
9/20/2019 6:00,156,76,80
9/20/2019 7:00,382,170,212
9/20/2019 8:00,586,228,358
9/20/2019 9:00,326,102,224
9/20/2019 10:00,150,52,98
9/20/2019 11:00,198,73,125
9/20/2019 12:00,133,44,89
9/20/2019 13:00,180,64,116
9/20/2019 14:00,200,58,142
9/20/2019 15:00,277,75,202
9/20/2019 16:00,456,118,338
9/20/2019 17:00,635,147,488
9/20/2019 18:00,384,105,279
9/20/2019 19:00,166,45,121
9/20/2019 20:00,90,38,52
9/20/2019 21:00,57,17,40
9/20/2019 22:00,41,25,16
9/20/2019 23:00,40,22,18
9/21/2019 0:00,21,10,11
9/21/2019 1:00,17,8,9
9/21/2019 2:00,8,3,5
9/21/2019 3:00,8,3,5
9/21/2019 4:00,10,5,5
9/21/2019 5:00,5,2,3
9/21/2019 6:00,22,7,15
9/21/2019 7:00,55,26,29
9/21/2019 8:00,96,37,59
9/21/2019 9:00,133,62,71
9/21/2019 10:00,137,71,66
9/21/2019 11:00,202,90,112
9/21/2019 12:00,263,120,143
9/21/2019 13:00,235,94,141
9/21/2019 14:00,254,112,142
9/21/2019 15:00,240,119,121
9/21/2019 16:00,218,87,131
9/21/2019 17:00,228,117,111
9/21/2019 18:00,168,96,72
9/21/2019 19:00,116,56,60
9/21/2019 20:00,77,32,45
9/21/2019 21:00,45,28,17
9/21/2019 22:00,56,28,28
9/21/2019 23:00,34,23,11
9/22/2019 0:00,21,9,12
9/22/2019 1:00,16,7,9
9/22/2019 2:00,8,3,5
9/22/2019 3:00,3,2,1
9/22/2019 4:00,3,3,0
9/22/2019 5:00,2,1,1
9/22/2019 6:00,10,4,6
9/22/2019 7:00,18,6,12
9/22/2019 8:00,16,6,10
9/22/2019 9:00,26,12,14
9/22/2019 10:00,27,7,20
9/22/2019 11:00,35,19,16
9/22/2019 12:00,39,21,18
9/22/2019 13:00,30,18,12
9/22/2019 14:00,39,18,21
9/22/2019 15:00,36,22,14
9/22/2019 16:00,35,20,15
9/22/2019 17:00,46,23,23
9/22/2019 18:00,63,26,37
9/22/2019 19:00,31,18,13
9/22/2019 20:00,31,11,20
9/22/2019 21:00,7,0,7
9/22/2019 22:00,13,8,5
9/22/2019 23:00,4,2,2
9/23/2019 0:00,3,0,3
9/23/2019 1:00,2,1,1
9/23/2019 2:00,0,0,0
9/23/2019 3:00,2,1,1
9/23/2019 4:00,6,3,3
9/23/2019 5:00,44,18,26
9/23/2019 6:00,139,68,71
9/23/2019 7:00,471,215,256
9/23/2019 8:00,752,316,436
9/23/2019 9:00,365,118,247
9/23/2019 10:00,132,57,75
9/23/2019 11:00,86,35,51
9/23/2019 12:00,52,18,34
9/23/2019 13:00,65,26,39
9/23/2019 14:00,76,33,43
9/23/2019 15:00,116,41,75
9/23/2019 16:00,346,69,277
9/23/2019 17:00,775,153,622
9/23/2019 18:00,454,115,339
9/23/2019 19:00,171,45,126
9/23/2019 20:00,59,22,37
9/23/2019 21:00,42,15,27
9/23/2019 22:00,21,6,15
9/23/2019 23:00,20,8,12
9/24/2019 0:00,8,3,5
9/24/2019 1:00,3,2,1
9/24/2019 2:00,3,2,1
9/24/2019 3:00,4,3,1
9/24/2019 4:00,11,5,6
9/24/2019 5:00,42,21,21
9/24/2019 6:00,146,64,82
9/24/2019 7:00,421,210,211
9/24/2019 8:00,664,274,390
9/24/2019 9:00,349,132,217
9/24/2019 10:00,114,28,86
9/24/2019 11:00,76,37,39
9/24/2019 12:00,108,53,55
9/24/2019 13:00,124,49,75
9/24/2019 14:00,124,39,85
9/24/2019 15:00,212,87,125
9/24/2019 16:00,408,101,307
9/24/2019 17:00,780,179,601
9/24/2019 18:00,547,152,395
9/24/2019 19:00,245,77,168
9/24/2019 20:00,122,46,76
9/24/2019 21:00,84,29,55
9/24/2019 22:00,53,25,28
9/24/2019 23:00,26,16,10
9/25/2019 0:00,5,1,4
9/25/2019 1:00,8,2,6
9/25/2019 2:00,5,2,3
9/25/2019 3:00,5,4,1
9/25/2019 4:00,10,5,5
9/25/2019 5:00,41,22,19
9/25/2019 6:00,195,97,98
9/25/2019 7:00,502,236,266
9/25/2019 8:00,785,333,452
9/25/2019 9:00,417,164,253
9/25/2019 10:00,185,61,124
9/25/2019 11:00,128,45,83
9/25/2019 12:00,135,51,84
9/25/2019 13:00,118,53,65
9/25/2019 14:00,172,61,111
9/25/2019 15:00,230,83,147
9/25/2019 16:00,521,140,381
9/25/2019 17:00,966,241,725
9/25/2019 18:00,520,150,370
9/25/2019 19:00,204,67,137
9/25/2019 20:00,110,38,72
9/25/2019 21:00,91,42,49
9/25/2019 22:00,50,23,27
9/25/2019 23:00,26,9,17
9/26/2019 0:00,13,5,8
9/26/2019 1:00,6,0,6
9/26/2019 2:00,5,3,2
9/26/2019 3:00,4,4,0
9/26/2019 4:00,9,5,4
9/26/2019 5:00,34,19,15
9/26/2019 6:00,126,62,64
9/26/2019 7:00,357,171,186
9/26/2019 8:00,537,217,320
9/26/2019 9:00,297,106,191
9/26/2019 10:00,147,57,90
9/26/2019 11:00,125,57,68
9/26/2019 12:00,111,38,73
9/26/2019 13:00,120,52,68
9/26/2019 14:00,145,67,78
9/26/2019 15:00,194,79,115
9/26/2019 16:00,392,102,290
9/26/2019 17:00,679,189,490
9/26/2019 18:00,410,120,290
9/26/2019 19:00,176,58,118
9/26/2019 20:00,104,32,72
9/26/2019 21:00,67,25,42
9/26/2019 22:00,43,19,24
9/26/2019 23:00,29,7,22
9/27/2019 0:00,12,6,6
9/27/2019 1:00,4,3,1
9/27/2019 2:00,4,1,3
9/27/2019 3:00,2,1,1
9/27/2019 4:00,4,1,3
9/27/2019 5:00,24,17,7
9/27/2019 6:00,121,59,62
9/27/2019 7:00,302,114,188
9/27/2019 8:00,536,227,309
9/27/2019 9:00,303,109,194
9/27/2019 10:00,136,47,89
9/27/2019 11:00,109,50,59
9/27/2019 12:00,94,35,59
9/27/2019 13:00,126,51,75
9/27/2019 14:00,112,44,68
9/27/2019 15:00,176,58,118
9/27/2019 16:00,386,88,298
9/27/2019 17:00,511,124,387
9/27/2019 18:00,234,76,158
9/27/2019 19:00,95,37,58
9/27/2019 20:00,41,23,18
9/27/2019 21:00,30,8,22
9/27/2019 22:00,31,16,15
9/27/2019 23:00,20,4,16
9/28/2019 0:00,14,8,6
9/28/2019 1:00,10,2,8
9/28/2019 2:00,4,1,3
9/28/2019 3:00,3,2,1
9/28/2019 4:00,2,0,2
9/28/2019 5:00,8,3,5
9/28/2019 6:00,8,0,8
9/28/2019 7:00,15,6,9
9/28/2019 8:00,51,31,20
9/28/2019 9:00,66,41,25
9/28/2019 10:00,90,36,54
9/28/2019 11:00,130,63,67
9/28/2019 12:00,139,70,69
9/28/2019 13:00,137,64,73
9/28/2019 14:00,201,95,106
9/28/2019 15:00,178,58,120
9/28/2019 16:00,262,130,132
9/28/2019 17:00,191,94,97
9/28/2019 18:00,139,51,88
9/28/2019 19:00,61,31,30
9/28/2019 20:00,60,24,36
9/28/2019 21:00,34,16,18
9/28/2019 22:00,36,11,25
9/28/2019 23:00,20,11,9
9/29/2019 0:00,19,1,18
9/29/2019 1:00,10,6,4
9/29/2019 2:00,8,2,6
9/29/2019 3:00,8,7,1
9/29/2019 4:00,3,1,2
9/29/2019 5:00,4,1,3
9/29/2019 6:00,7,2,5
9/29/2019 7:00,29,14,15
9/29/2019 8:00,57,17,40
9/29/2019 9:00,87,44,43
9/29/2019 10:00,93,41,52
9/29/2019 11:00,128,55,73
9/29/2019 12:00,147,57,90
9/29/2019 13:00,150,64,86
9/29/2019 14:00,149,72,77
9/29/2019 15:00,130,66,64
9/29/2019 16:00,104,44,60
9/29/2019 17:00,103,36,67
9/29/2019 18:00,71,27,44
9/29/2019 19:00,33,10,23
9/29/2019 20:00,36,15,21
9/29/2019 21:00,19,13,6
9/29/2019 22:00,11,3,8
9/29/2019 23:00,18,8,10
9/30/2019 0:00,3,1,2
9/30/2019 1:00,0,0,0
9/30/2019 2:00,1,0,1
9/30/2019 3:00,5,2,3
9/30/2019 4:00,7,5,2
9/30/2019 5:00,41,22,19
9/30/2019 6:00,160,79,81
9/30/2019 7:00,445,201,244
9/30/2019 8:00,792,344,448
9/30/2019 9:00,391,142,249
9/30/2019 10:00,153,55,98
9/30/2019 11:00,116,44,72
9/30/2019 12:00,99,41,58
9/30/2019 13:00,102,39,63
9/30/2019 14:00,135,58,77
9/30/2019 15:00,223,83,140
9/30/2019 16:00,494,117,377
9/30/2019 17:00,861,212,649
9/30/2019 18:00,581,155,426
9/30/2019 19:00,215,60,155
9/30/2019 20:00,82,31,51
9/30/2019 21:00,60,19,41
9/30/2019 22:00,22,8,14
9/30/2019 23:00,18,8,10
10/1/2019 0:00,10,2,8
10/1/2019 1:00,0,0,0
10/1/2019 2:00,1,0,1
10/1/2019 3:00,3,1,2
10/1/2019 4:00,7,4,3
10/1/2019 5:00,37,15,22
10/1/2019 6:00,160,80,80
10/1/2019 7:00,513,227,286
10/1/2019 8:00,781,369,412
10/1/2019 9:00,381,140,241
10/1/2019 10:00,156,58,98
10/1/2019 11:00,109,46,63
10/1/2019 12:00,130,64,66
10/1/2019 13:00,115,40,75
10/1/2019 14:00,155,65,90
10/1/2019 15:00,225,72,153
10/1/2019 16:00,519,124,395
10/1/2019 17:00,901,199,702
10/1/2019 18:00,580,142,438
10/1/2019 19:00,208,62,146
10/1/2019 20:00,90,33,57
10/1/2019 21:00,83,37,46
10/1/2019 22:00,37,15,22
10/1/2019 23:00,20,6,14
10/2/2019 0:00,8,0,8
10/2/2019 1:00,2,0,2
10/2/2019 2:00,4,1,3
10/2/2019 3:00,3,3,0
10/2/2019 4:00,7,1,6
10/2/2019 5:00,41,21,20
10/2/2019 6:00,147,80,67
10/2/2019 7:00,438,195,243
10/2/2019 8:00,700,279,421
10/2/2019 9:00,420,159,261
10/2/2019 10:00,172,75,97
10/2/2019 11:00,129,48,81
10/2/2019 12:00,93,40,53
10/2/2019 13:00,122,44,78
10/2/2019 14:00,140,52,88
10/2/2019 15:00,183,72,111
10/2/2019 16:00,485,118,367
10/2/2019 17:00,810,178,632
10/2/2019 18:00,483,122,361
10/2/2019 19:00,181,63,118
10/2/2019 20:00,84,22,62
10/2/2019 21:00,78,38,40
10/2/2019 22:00,44,12,32
10/2/2019 23:00,21,6,15
10/3/2019 0:00,7,3,4
10/3/2019 1:00,5,0,5
10/3/2019 2:00,4,2,2
10/3/2019 3:00,2,2,0
10/3/2019 4:00,4,2,2
10/3/2019 5:00,32,17,15
10/3/2019 6:00,137,75,62
10/3/2019 7:00,374,169,205
10/3/2019 8:00,629,264,365
10/3/2019 9:00,342,107,235
10/3/2019 10:00,135,51,84
10/3/2019 11:00,115,55,60
10/3/2019 12:00,131,55,76
10/3/2019 13:00,122,39,83
10/3/2019 14:00,137,56,81
10/3/2019 15:00,207,85,122
10/3/2019 16:00,406,100,306
10/3/2019 17:00,687,166,521
10/3/2019 18:00,368,102,266
10/3/2019 19:00,167,53,114
10/3/2019 20:00,63,18,45
10/3/2019 21:00,99,38,61
10/3/2019 22:00,54,21,33
10/3/2019 23:00,31,15,16
10/4/2019 0:00,10,5,5
10/4/2019 1:00,5,2,3
10/4/2019 2:00,7,3,4
10/4/2019 3:00,2,2,0
10/4/2019 4:00,3,1,2
10/4/2019 5:00,25,10,15
10/4/2019 6:00,110,59,51
10/4/2019 7:00,287,138,149
10/4/2019 8:00,515,223,292
10/4/2019 9:00,355,125,230
10/4/2019 10:00,135,55,80
10/4/2019 11:00,105,41,64
10/4/2019 12:00,88,36,52
10/4/2019 13:00,116,60,56
10/4/2019 14:00,131,48,83
10/4/2019 15:00,198,65,133
10/4/2019 16:00,426,111,315
10/4/2019 17:00,568,131,437
10/4/2019 18:00,304,90,214
10/4/2019 19:00,124,32,92
10/4/2019 20:00,55,11,44
10/4/2019 21:00,45,18,27
10/4/2019 22:00,40,14,26
10/4/2019 23:00,32,9,23
10/5/2019 0:00,29,9,20
10/5/2019 1:00,14,5,9
10/5/2019 2:00,11,5,6
10/5/2019 3:00,5,1,4
10/5/2019 4:00,2,0,2
10/5/2019 5:00,7,6,1
10/5/2019 6:00,18,7,11
10/5/2019 7:00,43,17,26
10/5/2019 8:00,80,27,53
10/5/2019 9:00,126,69,57
10/5/2019 10:00,135,50,85
10/5/2019 11:00,155,71,84
10/5/2019 12:00,173,77,96
10/5/2019 13:00,219,92,127
10/5/2019 14:00,171,73,98
10/5/2019 15:00,164,68,96
10/5/2019 16:00,202,80,122
10/5/2019 17:00,193,85,108
10/5/2019 18:00,130,73,57
10/5/2019 19:00,61,20,41
10/5/2019 20:00,46,13,33
10/5/2019 21:00,27,14,13
10/5/2019 22:00,30,8,22
10/5/2019 23:00,22,11,11
10/6/2019 0:00,14,4,10
10/6/2019 1:00,14,6,8
10/6/2019 2:00,9,3,6
10/6/2019 3:00,3,0,3
10/6/2019 4:00,3,0,3
10/6/2019 5:00,10,7,3
10/6/2019 6:00,21,6,15
10/6/2019 7:00,38,12,26
10/6/2019 8:00,72,30,42
10/6/2019 9:00,97,40,57
10/6/2019 10:00,136,62,74
10/6/2019 11:00,219,112,107
10/6/2019 12:00,261,108,153
10/6/2019 13:00,228,93,135
10/6/2019 14:00,265,122,143
10/6/2019 15:00,257,111,146
10/6/2019 16:00,195,86,109
10/6/2019 17:00,174,72,102
10/6/2019 18:00,117,44,73
10/6/2019 19:00,52,26,26
10/6/2019 20:00,20,7,13
10/6/2019 21:00,14,5,9
10/6/2019 22:00,15,7,8
10/6/2019 23:00,7,1,6
10/7/2019 0:00,4,1,3
10/7/2019 1:00,4,1,3
10/7/2019 2:00,1,1,0
10/7/2019 3:00,3,1,2
10/7/2019 4:00,9,5,4
10/7/2019 5:00,40,23,17
10/7/2019 6:00,123,67,56
10/7/2019 7:00,400,191,209
10/7/2019 8:00,650,288,362
10/7/2019 9:00,313,112,201
10/7/2019 10:00,128,41,87
10/7/2019 11:00,70,27,43
10/7/2019 12:00,86,40,46
10/7/2019 13:00,62,28,34
10/7/2019 14:00,108,46,62
10/7/2019 15:00,127,36,91
10/7/2019 16:00,382,81,301
10/7/2019 17:00,675,161,514
10/7/2019 18:00,401,115,286
10/7/2019 19:00,157,55,102
10/7/2019 20:00,78,29,49
10/7/2019 21:00,43,18,25
10/7/2019 22:00,23,6,17
10/7/2019 23:00,17,7,10
10/8/2019 0:00,4,1,3
10/8/2019 1:00,5,0,5
10/8/2019 2:00,2,0,2
10/8/2019 3:00,2,1,1
10/8/2019 4:00,6,4,2
10/8/2019 5:00,33,20,13
10/8/2019 6:00,154,85,69
10/8/2019 7:00,432,202,230
10/8/2019 8:00,616,278,338
10/8/2019 9:00,244,87,157
10/8/2019 10:00,108,39,69
10/8/2019 11:00,63,22,41
10/8/2019 12:00,51,23,28
10/8/2019 13:00,56,18,38
10/8/2019 14:00,82,30,52
10/8/2019 15:00,115,36,79
10/8/2019 16:00,339,89,250
10/8/2019 17:00,670,139,531
10/8/2019 18:00,412,116,296
10/8/2019 19:00,152,43,109
10/8/2019 20:00,74,19,55
10/8/2019 21:00,48,15,33
10/8/2019 22:00,25,10,15
10/8/2019 23:00,14,6,8
10/9/2019 0:00,6,1,5
10/9/2019 1:00,6,3,3
10/9/2019 2:00,2,1,1
10/9/2019 3:00,3,2,1
10/9/2019 4:00,9,6,3
10/9/2019 5:00,42,20,22
10/9/2019 6:00,158,83,75
10/9/2019 7:00,421,192,229
10/9/2019 8:00,630,285,345
10/9/2019 9:00,355,123,232
10/9/2019 10:00,158,58,100
10/9/2019 11:00,95,38,57
10/9/2019 12:00,113,40,73
10/9/2019 13:00,96,37,59
10/9/2019 14:00,141,61,80
10/9/2019 15:00,177,67,110
10/9/2019 16:00,438,112,326
10/9/2019 17:00,759,170,589
10/9/2019 18:00,489,152,337
10/9/2019 19:00,170,41,129
10/9/2019 20:00,96,36,60
10/9/2019 21:00,64,22,42
10/9/2019 22:00,33,15,18
10/9/2019 23:00,14,4,10
10/10/2019 0:00,5,2,3
10/10/2019 1:00,4,1,3
10/10/2019 2:00,1,0,1
10/10/2019 3:00,2,2,0
10/10/2019 4:00,6,4,2
10/10/2019 5:00,45,26,19
10/10/2019 6:00,121,74,47
10/10/2019 7:00,377,173,204
10/10/2019 8:00,587,258,329
10/10/2019 9:00,360,118,242
10/10/2019 10:00,131,45,86
10/10/2019 11:00,109,58,51
10/10/2019 12:00,98,37,61
10/10/2019 13:00,140,57,83
10/10/2019 14:00,109,40,69
10/10/2019 15:00,181,63,118
10/10/2019 16:00,422,120,302
10/10/2019 17:00,691,163,528
10/10/2019 18:00,454,130,324
10/10/2019 19:00,155,50,105
10/10/2019 20:00,82,31,51
10/10/2019 21:00,53,16,37
10/10/2019 22:00,34,12,22
10/10/2019 23:00,26,6,20
10/11/2019 0:00,18,11,7
10/11/2019 1:00,1,0,1
10/11/2019 2:00,0,0,0
10/11/2019 3:00,10,9,1
10/11/2019 4:00,3,0,3
10/11/2019 5:00,24,12,12
10/11/2019 6:00,117,51,66
10/11/2019 7:00,340,146,194
10/11/2019 8:00,505,201,304
10/11/2019 9:00,329,119,210
10/11/2019 10:00,132,61,71
10/11/2019 11:00,120,59,61
10/11/2019 12:00,143,45,98
10/11/2019 13:00,166,51,115
10/11/2019 14:00,180,65,115
10/11/2019 15:00,262,106,156
10/11/2019 16:00,443,128,315
10/11/2019 17:00,637,156,481
10/11/2019 18:00,316,99,217
10/11/2019 19:00,132,50,82
10/11/2019 20:00,67,26,41
10/11/2019 21:00,44,18,26
10/11/2019 22:00,26,7,19
10/11/2019 23:00,29,8,21
10/12/2019 0:00,21,8,13
10/12/2019 1:00,9,6,3
10/12/2019 2:00,5,0,5
10/12/2019 3:00,5,4,1
10/12/2019 4:00,1,0,1
10/12/2019 5:00,3,3,0
10/12/2019 6:00,19,7,12
10/12/2019 7:00,30,13,17
10/12/2019 8:00,56,19,37
10/12/2019 9:00,80,34,46
10/12/2019 10:00,108,56,52
10/12/2019 11:00,128,46,82
10/12/2019 12:00,129,53,76
10/12/2019 13:00,167,80,87
10/12/2019 14:00,150,66,84
10/12/2019 15:00,151,54,97
10/12/2019 16:00,153,68,85
10/12/2019 17:00,138,60,78
10/12/2019 18:00,78,29,49
10/12/2019 19:00,44,16,28
10/12/2019 20:00,30,10,20
10/12/2019 21:00,21,12,9
10/12/2019 22:00,14,4,10
10/12/2019 23:00,35,18,17
10/13/2019 0:00,22,5,17
10/13/2019 1:00,7,0,7
10/13/2019 2:00,2,0,2
10/13/2019 3:00,3,1,2
10/13/2019 4:00,10,1,9
10/13/2019 5:00,2,0,2
10/13/2019 6:00,15,4,11
10/13/2019 7:00,26,14,12
10/13/2019 8:00,62,30,32
10/13/2019 9:00,85,39,46
10/13/2019 10:00,89,38,51
10/13/2019 11:00,133,56,77
10/13/2019 12:00,119,57,62
10/13/2019 13:00,156,75,81
10/13/2019 14:00,164,88,76
10/13/2019 15:00,209,96,113
10/13/2019 16:00,166,76,90
10/13/2019 17:00,121,56,65
10/13/2019 18:00,84,42,42
10/13/2019 19:00,41,22,19
10/13/2019 20:00,29,11,18
10/13/2019 21:00,20,9,11
10/13/2019 22:00,19,8,11
10/13/2019 23:00,13,3,10
10/14/2019 0:00,9,4,5
10/14/2019 1:00,4,2,2
10/14/2019 2:00,3,2,1
10/14/2019 3:00,1,0,1
10/14/2019 4:00,4,2,2
10/14/2019 5:00,26,14,12
10/14/2019 6:00,141,63,78
10/14/2019 7:00,415,189,226
10/14/2019 8:00,743,314,429
10/14/2019 9:00,376,141,235
10/14/2019 10:00,147,64,83
10/14/2019 11:00,104,58,46
10/14/2019 12:00,100,49,51
10/14/2019 13:00,114,42,72
10/14/2019 14:00,143,56,87
10/14/2019 15:00,195,73,122
10/14/2019 16:00,472,151,321
10/14/2019 17:00,807,177,630
10/14/2019 18:00,525,151,374
10/14/2019 19:00,186,76,110
10/14/2019 20:00,77,31,46
10/14/2019 21:00,53,20,33
10/14/2019 22:00,21,6,15
10/14/2019 23:00,18,7,11
10/15/2019 0:00,10,4,6
10/15/2019 1:00,7,3,4
10/15/2019 2:00,5,4,1
10/15/2019 3:00,3,2,1
10/15/2019 4:00,7,3,4
10/15/2019 5:00,33,16,17
10/15/2019 6:00,157,82,75
10/15/2019 7:00,459,205,254
10/15/2019 8:00,731,339,392
10/15/2019 9:00,356,128,228
10/15/2019 10:00,151,45,106
10/15/2019 11:00,119,40,79
10/15/2019 12:00,68,22,46
10/15/2019 13:00,113,47,66
10/15/2019 14:00,115,39,76
10/15/2019 15:00,178,68,110
10/15/2019 16:00,448,122,326
10/15/2019 17:00,849,192,657
10/15/2019 18:00,473,116,357
10/15/2019 19:00,175,56,119
10/15/2019 20:00,84,24,60
10/15/2019 21:00,54,17,37
10/15/2019 22:00,33,14,19
10/15/2019 23:00,20,8,12
10/16/2019 0:00,4,0,4
10/16/2019 1:00,6,1,5
10/16/2019 2:00,2,1,1
10/16/2019 3:00,6,2,4
10/16/2019 4:00,3,2,1
10/16/2019 5:00,26,14,12
10/16/2019 6:00,101,59,42
10/16/2019 7:00,290,129,161
10/16/2019 8:00,441,198,243
10/16/2019 9:00,259,107,152
10/16/2019 10:00,89,22,67
10/16/2019 11:00,51,22,29
10/16/2019 12:00,61,25,36
10/16/2019 13:00,50,18,32
10/16/2019 14:00,66,22,44
10/16/2019 15:00,120,28,92
10/16/2019 16:00,279,79,200
10/16/2019 17:00,474,106,368
10/16/2019 18:00,274,58,216
10/16/2019 19:00,122,28,94
10/16/2019 20:00,67,20,47
10/16/2019 21:00,31,14,17
10/16/2019 22:00,24,5,19
10/16/2019 23:00,16,2,14
10/17/2019 0:00,6,3,3
10/17/2019 1:00,3,0,3
10/17/2019 2:00,1,0,1
10/17/2019 3:00,4,4,0
10/17/2019 4:00,9,6,3
10/17/2019 5:00,28,12,16
10/17/2019 6:00,90,49,41
10/17/2019 7:00,302,132,170
10/17/2019 8:00,472,211,261
10/17/2019 9:00,254,104,150
10/17/2019 10:00,86,27,59
10/17/2019 11:00,70,30,40
10/17/2019 12:00,69,33,36
10/17/2019 13:00,69,30,39
10/17/2019 14:00,76,25,51
10/17/2019 15:00,113,35,78
10/17/2019 16:00,274,64,210
10/17/2019 17:00,478,110,368
10/17/2019 18:00,300,60,240
10/17/2019 19:00,111,29,82
10/17/2019 20:00,61,19,42
10/17/2019 21:00,47,21,26
10/17/2019 22:00,25,12,13
10/17/2019 23:00,20,4,16
10/18/2019 0:00,8,0,8
10/18/2019 1:00,5,2,3
10/18/2019 2:00,5,4,1
10/18/2019 3:00,3,0,3
10/18/2019 4:00,7,3,4
10/18/2019 5:00,24,17,7
10/18/2019 6:00,107,44,63
10/18/2019 7:00,261,111,150
10/18/2019 8:00,452,191,261
10/18/2019 9:00,244,91,153
10/18/2019 10:00,92,37,55
10/18/2019 11:00,74,32,42
10/18/2019 12:00,63,25,38
10/18/2019 13:00,70,24,46
10/18/2019 14:00,77,26,51
10/18/2019 15:00,148,43,105
10/18/2019 16:00,276,63,213
10/18/2019 17:00,406,90,316
10/18/2019 18:00,212,56,156
10/18/2019 19:00,81,22,59
10/18/2019 20:00,32,6,26
10/18/2019 21:00,31,9,22
10/18/2019 22:00,16,11,5
10/18/2019 23:00,20,7,13
10/19/2019 0:00,10,6,4
10/19/2019 1:00,7,4,3
10/19/2019 2:00,3,3,0
10/19/2019 3:00,1,0,1
10/19/2019 4:00,1,1,0
10/19/2019 5:00,0,0,0
10/19/2019 6:00,8,2,6
10/19/2019 7:00,16,8,8
10/19/2019 8:00,36,15,21
10/19/2019 9:00,39,13,26
10/19/2019 10:00,51,13,38
10/19/2019 11:00,52,31,21
10/19/2019 12:00,40,23,17
10/19/2019 13:00,50,18,32
10/19/2019 14:00,60,14,46
10/19/2019 15:00,86,35,51
10/19/2019 16:00,108,64,44
10/19/2019 17:00,81,37,44
10/19/2019 18:00,65,28,37
10/19/2019 19:00,33,10,23
10/19/2019 20:00,30,16,14
10/19/2019 21:00,19,9,10
10/19/2019 22:00,15,7,8
10/19/2019 23:00,15,5,10
10/20/2019 0:00,17,5,12
10/20/2019 1:00,10,2,8
10/20/2019 2:00,10,4,6
10/20/2019 3:00,0,0,0
10/20/2019 4:00,3,0,3
10/20/2019 5:00,3,1,2
10/20/2019 6:00,8,3,5
10/20/2019 7:00,24,8,16
10/20/2019 8:00,32,18,14
10/20/2019 9:00,50,29,21
10/20/2019 10:00,55,28,27
10/20/2019 11:00,63,32,31
10/20/2019 12:00,70,39,31
10/20/2019 13:00,54,20,34
10/20/2019 14:00,29,18,11
10/20/2019 15:00,35,15,20
10/20/2019 16:00,36,14,22
10/20/2019 17:00,49,19,30
10/20/2019 18:00,31,12,19
10/20/2019 19:00,14,7,7
10/20/2019 20:00,12,4,8
10/20/2019 21:00,10,6,4
10/20/2019 22:00,7,2,5
10/20/2019 23:00,8,3,5
10/21/2019 0:00,5,2,3
10/21/2019 1:00,0,0,0
10/21/2019 2:00,0,0,0
10/21/2019 3:00,3,1,2
10/21/2019 4:00,7,3,4
10/21/2019 5:00,30,16,14
10/21/2019 6:00,119,59,60
10/21/2019 7:00,343,167,176
10/21/2019 8:00,569,272,297
10/21/2019 9:00,287,109,178
10/21/2019 10:00,92,33,59
10/21/2019 11:00,52,23,29
10/21/2019 12:00,56,26,30
10/21/2019 13:00,44,18,26
10/21/2019 14:00,62,25,37
10/21/2019 15:00,106,21,85
10/21/2019 16:00,294,59,235
10/21/2019 17:00,572,131,441
10/21/2019 18:00,300,73,227
10/21/2019 19:00,118,27,91
10/21/2019 20:00,44,8,36
10/21/2019 21:00,30,12,18
10/21/2019 22:00,9,2,7
10/21/2019 23:00,8,1,7
10/22/2019 0:00,4,2,2
10/22/2019 1:00,5,4,1
10/22/2019 2:00,2,1,1
10/22/2019 3:00,5,4,1
10/22/2019 4:00,6,2,4
10/22/2019 5:00,20,11,9
10/22/2019 6:00,113,66,47
10/22/2019 7:00,377,175,202
10/22/2019 8:00,577,252,325
10/22/2019 9:00,332,126,206
10/22/2019 10:00,123,40,83
10/22/2019 11:00,81,34,47
10/22/2019 12:00,67,31,36
10/22/2019 13:00,72,21,51
10/22/2019 14:00,76,27,49
10/22/2019 15:00,136,43,93
10/22/2019 16:00,332,78,254
10/22/2019 17:00,686,150,536
10/22/2019 18:00,397,88,309
10/22/2019 19:00,146,36,110
10/22/2019 20:00,61,20,41
10/22/2019 21:00,51,12,39
10/22/2019 22:00,33,13,20
10/22/2019 23:00,21,8,13
10/23/2019 0:00,9,1,8
10/23/2019 1:00,3,2,1
10/23/2019 2:00,3,3,0
10/23/2019 3:00,5,3,2
10/23/2019 4:00,14,6,8
10/23/2019 5:00,41,19,22
10/23/2019 6:00,142,68,74
10/23/2019 7:00,407,180,227
10/23/2019 8:00,709,302,407
10/23/2019 9:00,363,149,214
10/23/2019 10:00,143,44,99
10/23/2019 11:00,114,44,70
10/23/2019 12:00,90,31,59
10/23/2019 13:00,143,59,84
10/23/2019 14:00,153,58,95
10/23/2019 15:00,208,81,127
10/23/2019 16:00,468,125,343
10/23/2019 17:00,798,188,610
10/23/2019 18:00,427,100,327
10/23/2019 19:00,160,36,124
10/23/2019 20:00,90,19,71
10/23/2019 21:00,83,21,62
10/23/2019 22:00,41,19,22
10/23/2019 23:00,21,4,17
10/24/2019 0:00,6,0,6
10/24/2019 1:00,2,1,1
10/24/2019 2:00,1,0,1
10/24/2019 3:00,2,2,0
10/24/2019 4:00,11,9,2
10/24/2019 5:00,43,17,26
10/24/2019 6:00,144,68,76
10/24/2019 7:00,411,179,232
10/24/2019 8:00,690,292,398
10/24/2019 9:00,348,127,221
10/24/2019 10:00,163,73,90
10/24/2019 11:00,103,42,61
10/24/2019 12:00,131,53,78
10/24/2019 13:00,147,61,86
10/24/2019 14:00,127,53,74
10/24/2019 15:00,202,56,146
10/24/2019 16:00,454,109,345
10/24/2019 17:00,796,199,597
10/24/2019 18:00,488,136,352
10/24/2019 19:00,195,61,134
10/24/2019 20:00,78,21,57
10/24/2019 21:00,55,24,31
10/24/2019 22:00,38,14,24
10/24/2019 23:00,32,14,18
10/25/2019 0:00,14,4,10
10/25/2019 1:00,4,3,1
10/25/2019 2:00,0,0,0
10/25/2019 3:00,2,1,1
10/25/2019 4:00,10,5,5
10/25/2019 5:00,28,16,12
10/25/2019 6:00,123,53,70
10/25/2019 7:00,335,159,176
10/25/2019 8:00,563,236,327
10/25/2019 9:00,305,118,187
10/25/2019 10:00,124,44,80
10/25/2019 11:00,71,30,41
10/25/2019 12:00,49,21,28
10/25/2019 13:00,76,30,46
10/25/2019 14:00,83,25,58
10/25/2019 15:00,165,46,119
10/25/2019 16:00,366,72,294
10/25/2019 17:00,580,113,467
10/25/2019 18:00,303,100,203
10/25/2019 19:00,117,27,90
10/25/2019 20:00,51,14,37
10/25/2019 21:00,35,16,19
10/25/2019 22:00,27,8,19
10/25/2019 23:00,22,10,12
10/26/2019 0:00,16,4,12
10/26/2019 1:00,4,2,2
10/26/2019 2:00,5,2,3
10/26/2019 3:00,1,0,1
10/26/2019 4:00,8,1,7
10/26/2019 5:00,9,4,5
10/26/2019 6:00,16,7,9
10/26/2019 7:00,32,11,21
10/26/2019 8:00,57,14,43
10/26/2019 9:00,103,56,47
10/26/2019 10:00,85,33,52
10/26/2019 11:00,92,47,45
10/26/2019 12:00,113,56,57
10/26/2019 13:00,144,70,74
10/26/2019 14:00,145,58,87
10/26/2019 15:00,154,66,88
10/26/2019 16:00,174,80,94
10/26/2019 17:00,122,45,77
10/26/2019 18:00,70,33,37
10/26/2019 19:00,24,15,9
10/26/2019 20:00,25,11,14
10/26/2019 21:00,20,7,13
10/26/2019 22:00,19,9,10
10/26/2019 23:00,20,8,12
10/27/2019 0:00,11,2,9
10/27/2019 1:00,11,6,5
10/27/2019 2:00,12,3,9
10/27/2019 3:00,5,4,1
10/27/2019 4:00,0,0,0
10/27/2019 5:00,3,2,1
10/27/2019 6:00,14,7,7
10/27/2019 7:00,32,16,16
10/27/2019 8:00,43,22,21
10/27/2019 9:00,62,28,34
10/27/2019 10:00,95,53,42
10/27/2019 11:00,126,60,66
10/27/2019 12:00,162,58,104
10/27/2019 13:00,162,91,71
10/27/2019 14:00,258,120,138
10/27/2019 15:00,225,105,120
10/27/2019 16:00,230,94,136
10/27/2019 17:00,132,53,79
10/27/2019 18:00,70,25,45
10/27/2019 19:00,31,14,17
10/27/2019 20:00,28,10,18
10/27/2019 21:00,17,8,9
10/27/2019 22:00,14,7,7
10/27/2019 23:00,12,6,6
10/28/2019 0:00,5,2,3
10/28/2019 1:00,0,0,0
10/28/2019 2:00,0,0,0
10/28/2019 3:00,5,1,4
10/28/2019 4:00,6,2,4
10/28/2019 5:00,37,22,15
10/28/2019 6:00,138,62,76
10/28/2019 7:00,410,193,217
10/28/2019 8:00,683,309,374
10/28/2019 9:00,350,139,211
10/28/2019 10:00,142,62,80
10/28/2019 11:00,74,32,42
10/28/2019 12:00,104,41,63
10/28/2019 13:00,79,33,46
10/28/2019 14:00,114,44,70
10/28/2019 15:00,172,61,111
10/28/2019 16:00,448,99,349
10/28/2019 17:00,827,175,652
10/28/2019 18:00,416,113,303
10/28/2019 19:00,171,43,128
10/28/2019 20:00,65,21,44
10/28/2019 21:00,36,9,27
10/28/2019 22:00,28,10,18
10/28/2019 23:00,12,6,6
10/29/2019 0:00,3,1,2
10/29/2019 1:00,7,1,6
10/29/2019 2:00,0,0,0
10/29/2019 3:00,3,2,1
10/29/2019 4:00,12,4,8
10/29/2019 5:00,35,19,16
10/29/2019 6:00,139,62,77
10/29/2019 7:00,409,194,215
10/29/2019 8:00,570,242,328
10/29/2019 9:00,346,139,207
10/29/2019 10:00,153,61,92
10/29/2019 11:00,97,46,51
10/29/2019 12:00,103,40,63
10/29/2019 13:00,103,40,63
10/29/2019 14:00,132,54,78
10/29/2019 15:00,211,65,146
10/29/2019 16:00,435,103,332
10/29/2019 17:00,751,173,578
10/29/2019 18:00,463,96,367
10/29/2019 19:00,170,41,129
10/29/2019 20:00,85,19,66
10/29/2019 21:00,57,22,35
10/29/2019 22:00,27,6,21
10/29/2019 23:00,12,7,5
10/30/2019 0:00,5,2,3
10/30/2019 1:00,4,4,0
10/30/2019 2:00,1,0,1
10/30/2019 3:00,1,0,1
10/30/2019 4:00,7,3,4
10/30/2019 5:00,33,17,16
10/30/2019 6:00,131,57,74
10/30/2019 7:00,401,170,231
10/30/2019 8:00,616,258,358
10/30/2019 9:00,342,149,193
10/30/2019 10:00,110,41,69
10/30/2019 11:00,108,41,67
10/30/2019 12:00,114,41,73
10/30/2019 13:00,84,36,48
10/30/2019 14:00,117,45,72
10/30/2019 15:00,202,68,134
10/30/2019 16:00,363,92,271
10/30/2019 17:00,707,167,540
10/30/2019 18:00,441,118,323
10/30/2019 19:00,142,42,100
10/30/2019 20:00,62,27,35
10/30/2019 21:00,59,13,46
10/30/2019 22:00,27,12,15
10/30/2019 23:00,17,4,13
10/31/2019 0:00,5,2,3
10/31/2019 1:00,3,0,3
10/31/2019 2:00,2,0,2
10/31/2019 3:00,5,3,2
10/31/2019 4:00,13,5,8
10/31/2019 5:00,31,18,13
10/31/2019 6:00,110,57,53
10/31/2019 7:00,348,149,199
10/31/2019 8:00,575,228,347
10/31/2019 9:00,314,122,192
10/31/2019 10:00,157,58,99
10/31/2019 11:00,102,46,56
10/31/2019 12:00,99,48,51
10/31/2019 13:00,97,38,59
10/31/2019 14:00,120,38,82
10/31/2019 15:00,199,56,143
10/31/2019 16:00,496,94,402
10/31/2019 17:00,592,124,468
10/31/2019 18:00,305,77,228
10/31/2019 19:00,111,44,67
10/31/2019 20:00,52,17,35
10/31/2019 21:00,41,16,25
10/31/2019 22:00,32,14,18
10/31/2019 23:00,18,6,12
